Date,Open,High,Low,Raw_Close,Adj_Close,Volume,Return,LogReturn,Volatility,RSI_14,Ticker
2015-01-22,70.66999816894531,72.11000061035156,70.38999938964844,71.94999694824219,56.92815780639648,2523000.0,0.0234707219494763,0.0231995198961559,1.720001220703125,58.73913085522432,ALL
2015-01-23,72.08000183105469,72.11000061035156,71.41000366210938,71.43000030517578,56.516727447509766,1746700.0,-0.0072271855394639,-0.0072534281615194,0.6999969482421875,55.95988213116748,ALL
2015-01-26,71.2699966430664,71.7699966430664,71.05999755859375,71.7300033569336,56.75410079956055,1663500.0,0.004200054793888,0.0041912591831828,0.7099990844726562,65.15161697829649,ALL
2015-01-27,71.04000091552734,71.79000091552734,70.91999816894531,71.44000244140625,56.52465438842773,1526200.0,-0.0040428164291275,-0.0040510107042239,0.8700027465820312,63.60951683142516,ALL
2015-01-28,71.6500015258789,72.54000091552734,70.30000305175781,70.31999969482422,55.63847351074219,2539200.0,-0.0156777761363361,-0.015801972258199,2.2399978637695312,52.51726588196995,ALL
2015-01-29,70.5199966430664,71.25,70.2699966430664,71.05000305175781,56.21607208251953,2854900.0,0.0103812799908291,0.0103277645575203,0.9800033569335938,49.47485274150722,ALL
2015-01-30,70.48999786376953,70.83999633789062,69.69999694824219,69.79000091552734,55.219120025634766,2486700.0,-0.0177342887888243,-0.0178934255468505,1.1399993896484375,46.86568281154279,ALL
2015-02-02,69.73999786376953,70.98999786376953,69.16999816894531,70.91000366210938,56.10528945922852,3005600.0,0.0160482353428008,0.0159208237604565,1.8199996948242188,55.78947222727165,ALL
2015-02-03,71.16000366210938,72.05999755859375,70.51000213623047,72.02999877929688,56.991477966308594,2988100.0,0.0157950973183029,0.0156716529491656,1.5499954223632812,58.565012997929685,ALL
2015-02-04,71.80000305175781,72.87000274658203,71.72000122070312,72.58000183105469,57.4266242980957,3677400.0,0.0076352877187069,0.0076062864379674,1.1500015258789062,64.30507569089566,ALL
2015-02-05,69.68000030517578,72.5199966430664,69.04000091552734,72.30000305175781,57.2050895690918,4825000.0,-0.0038577007043621,-0.0038651608238437,3.4799957275390625,63.841229237873584,ALL
2015-02-06,72.0,72.20999908447266,70.72000122070312,70.93000030517578,56.1211166381836,4198100.0,-0.0189488896717656,-0.0191307205412891,1.4899978637695312,50.41469612871781,ALL
2015-02-09,70.31999969482422,70.69000244140625,69.8499984741211,70.02999877929688,55.40901184082031,3555200.0,-0.0126887139818381,-0.0127699032357388,0.8400039672851562,48.5359482604466,ALL
2015-02-10,70.55000305175781,70.58999633789062,69.6500015258789,70.05000305175781,55.42484664916992,3063500.0,0.0002857803780205,0.0002857395505865,0.9399948120117188,48.8869016135569,ALL
2015-02-11,70.13999938964844,71.41999816894531,69.98999786376953,71.18000030517578,56.31892776489258,3840100.0,0.0161314134323553,0.0160026847215689,1.4300003051757812,46.40530437397479,ALL
2015-02-12,71.23999786376953,71.69000244140625,71.16000366210938,71.56999969482422,56.62749099731445,2063400.0,0.0054788548835658,0.0054639005550128,0.529998779296875,50.66157927786785,ALL
2015-02-13,71.37000274658203,71.73999786376953,71.13999938964844,71.45999908447266,56.540470123291016,2016900.0,-0.0015367248749827,-0.0015379068477199,0.5999984741210938,48.70066894598317,ALL
2015-02-17,71.4800033569336,71.86000061035156,71.13999938964844,71.2699966430664,56.39012145996094,2027000.0,-0.0026591335905454,-0.0026626753663683,0.720001220703125,49.17380289622302,ALL
2015-02-18,71.06999969482422,71.2300033569336,70.51000213623047,70.70999908447266,55.94706344604492,2446200.0,-0.0078570147118871,-0.0078880436889296,0.720001220703125,52.0042018992783,ALL
2015-02-19,70.6500015258789,71.2699966430664,70.58999633789062,71.16999816894531,56.31100463867188,2001900.0,0.006505099109946,0.0064840322646535,0.6800003051757812,50.6341590703146,ALL
2015-02-20,71.08999633789062,71.72000122070312,70.47000122070312,71.5999984741211,56.65122985839844,2121000.0,0.0060418957521652,0.0060237166872858,1.25,60.4867458598445,ALL
2015-02-23,71.37000274658203,71.4000015258789,71.05000305175781,71.26000213623047,56.38222503662109,1814800.0,-0.0047484374558105,-0.0047597471012454,0.3499984741210937,52.22938699151128,ALL
2015-02-24,71.06999969482422,71.87000274658203,71.06999969482422,71.66999816894531,56.70661544799805,1848000.0,0.005753416279089,0.0057369285897809,0.8000030517578125,47.47874787883946,ALL
2015-02-25,71.54000091552734,71.7699966430664,71.08999633789062,71.12000274658203,56.27144241333008,2083500.0,-0.0076741140558289,-0.0077037115895679,0.6800003051757812,39.77580122599634,ALL
2015-02-26,70.87000274658203,71.41999816894531,70.87000274658203,71.30999755859375,56.660789489746094,1903400.0,0.0069190882571685,0.0068952612105003,0.5499954223632812,45.3215241040613,ALL
2015-02-27,71.06999969482422,71.2699966430664,70.58999633789062,70.5999984741211,56.096656799316406,2199600.0,-0.0099563153904126,-0.0100062109587488,0.6800003051757812,49.76912596245518,ALL
2015-03-02,70.5999984741211,71.18000030517578,70.56999969482422,70.9800033569336,56.39860153198242,1687800.0,0.0053825798165871,0.0053681455065635,0.6100006103515625,60.12457898002909,ALL
2015-03-03,70.6500015258789,70.9000015258789,70.2699966430664,70.48999786376953,56.00923538208008,1910300.0,-0.0069038263241605,-0.0069277679894809,0.6300048828125,55.554395323102966,ALL
2015-03-04,70.12999725341797,70.2300033569336,69.48999786376953,69.5,55.22262191772461,2344000.0,-0.0140443528462654,-0.0141439079939525,0.7400054931640625,39.362718027452125,ALL
2015-03-05,69.79000091552734,69.91000366210938,69.30000305175781,69.55999755859375,55.27029037475586,3138000.0,0.0008632052477022,0.0008628329003118,0.6100006103515625,36.12903225806456,ALL
2015-03-06,69.36000061035156,69.97000122070312,68.86000061035156,69.13999938964844,54.93658447265625,2637700.0,-0.0060377085019265,-0.0060560091637941,1.1100006103515625,34.394720061879426,ALL
2015-03-09,68.87999725341797,69.75,68.75,69.58999633789062,55.29412841796875,1855900.0,0.0065083031416062,0.00648721558341,1.0,39.749631096890965,ALL
2015-03-10,68.93000030517578,69.13999938964844,68.37999725341797,68.38999938964844,54.34064865112305,2164900.0,-0.0172437796584538,-0.0173941851743313,0.7600021362304688,36.28528401777949,ALL
2015-03-11,68.7300033569336,69.44000244140625,68.43000030517578,69.08999633789062,54.8968391418457,2382500.0,0.0102352567466299,0.0101832312016871,1.0100021362304688,38.31033649859076,ALL
2015-03-12,69.4000015258789,70.41999816894531,69.33000183105469,70.4000015258789,55.9377326965332,1635500.0,0.0189609014099696,0.0187833839362231,1.089996337890625,44.71440868261359,ALL
2015-03-13,70.0199966430664,70.22000122070312,69.25,69.55999755859375,55.27029037475586,1955000.0,-0.0119318801389086,-0.0120036363831948,0.970001220703125,42.2219399640406,ALL
2015-03-16,70.0199966430664,70.6500015258789,69.9000015258789,70.48999786376953,56.00923538208008,2061700.0,0.0133696603059954,0.0132810750936407,0.75,45.389190143509296,ALL
2015-03-17,70.0999984741211,70.20999908447266,69.63999938964844,69.9800033569336,55.604000091552734,3156600.0,-0.0072351512703742,-0.0072614519135317,0.5699996948242188,45.5695882005589,ALL
2015-03-18,70.18000030517578,70.9000015258789,69.48999786376953,70.62000274658203,56.11254119873047,2683200.0,0.0091457648072155,0.009104195563048,1.410003662109375,46.41747530221632,ALL
2015-03-19,70.69999694824219,71.2699966430664,70.31999969482422,70.5999984741211,56.096656799316406,2623200.0,-0.0002830810915834,-0.0002831211665988,0.9499969482421876,50.0,ALL
2015-03-20,70.80999755859375,71.63999938964844,70.69000244140625,71.45999908447266,56.77997589111328,4189900.0,0.0121811018835118,0.0121075092851874,0.9499969482421876,52.54764912953091,ALL
2015-03-23,71.83999633789062,72.33000183105469,71.80000305175781,71.88999938964844,57.12164688110352,2478900.0,0.0060174557073688,0.0059994231247924,0.529998779296875,57.47876487484616,ALL
2015-03-24,71.7300033569336,71.88999938964844,71.06999969482422,71.33999633789062,56.68461990356445,2522300.0,-0.0076508119320986,-0.0076802295354659,0.8199996948242188,60.31384993632792,ALL
2015-03-25,71.55000305175781,71.55000305175781,70.48999786376953,70.55000305175781,56.056907653808594,2055000.0,-0.0110737665847238,-0.0111355371833645,1.0600051879882812,55.12949418735101,ALL
2015-03-26,70.30000305175781,70.54000091552734,69.9800033569336,70.19999694824219,55.7788200378418,1933900.0,-0.0049608090707427,-0.0049731547306257,0.55999755859375,55.53230802537593,ALL
2015-03-27,70.18000030517578,70.37000274658203,69.88999938964844,70.05000305175781,55.65961456298828,1734100.0,-0.002137110013669,-0.0021393968920623,0.4800033569335937,52.47833109323864,ALL
2015-03-30,70.36000061035156,71.37000274658203,70.08999633789062,70.94999694824219,56.37474822998047,2331700.0,0.0128483402662247,0.012766500599557,1.2800064086914062,64.25380104390705,ALL
2015-03-31,70.4800033569336,71.30000305175781,70.08000183105469,71.16999816894531,56.54955673217773,3560700.0,0.0031008298517649,0.0030960321941349,1.220001220703125,62.23527192379981,ALL
2015-04-01,71.18000030517578,71.9000015258789,70.95999908447266,71.29000091552734,56.6449089050293,3369600.0,0.0016861701198325,0.0016847501310004,0.94000244140625,56.087567022279885,ALL
2015-04-02,71.29000091552734,71.6500015258789,71.13999938964844,71.44999694824219,56.77203369140625,1971900.0,0.0022442402827427,0.0022417257369798,0.5100021362304688,64.2533202702125,ALL
2015-04-06,71.06999969482422,72.51000213623047,70.87000274658203,72.12000274658203,57.30439758300781,2408700.0,0.0093772207368034,0.0093335275372291,1.6399993896484375,62.79433809680642,ALL
2015-04-07,72.1500015258789,72.4000015258789,71.47000122070312,71.47000122070312,56.78793716430664,1310800.0,-0.0090125791472296,-0.0090534381204299,0.9300003051757812,61.44411094477095,ALL
2015-04-08,71.5999984741211,72.0,71.44000244140625,71.58000183105469,56.87532043457031,2109000.0,0.0015387646501552,0.0015375819649249,0.55999755859375,58.02666375505181,ALL
2015-04-09,71.61000061035156,72.01000213623047,71.61000061035156,71.9000015258789,57.12959289550781,1827600.0,0.0044706993999272,0.0044607355093671,0.4000015258789062,60.3502237634147,ALL
2015-04-10,72.0,72.23999786376953,71.63999938964844,72.02999877929688,57.232887268066406,1475100.0,0.0018080712170926,0.0018064386239299,0.5999984741210938,55.13516973637315,ALL
2015-04-13,71.66999816894531,72.38999938964844,71.66999816894531,71.9800033569336,57.19315719604492,1465800.0,-0.000694182556882,-0.0006944236131576,0.720001220703125,50.87038804839175,ALL
2015-04-14,71.91000366210938,72.0999984741211,71.37999725341797,71.5,56.81175994873047,2263200.0,-0.0066685818026641,-0.0066909161419144,0.720001220703125,51.56872915476239,ALL
2015-04-15,71.61000061035156,72.2699966430664,71.61000061035156,71.94000244140625,57.16134643554688,1810300.0,0.0061534176573987,0.0061345626917511,0.6599960327148438,64.63142723148957,ALL
2015-04-16,71.86000061035156,72.30999755859375,71.51000213623047,72.04000091552734,57.240821838378906,1490100.0,0.0013903696779018,0.0013894040089688,0.7999954223632812,70.44421376287049,ALL
2015-04-17,71.4800033569336,71.56999969482422,70.58000183105469,70.87000274658203,56.311180114746094,3084300.0,-0.0162408870763191,-0.0163742158386078,0.9899978637695312,57.42774641884899,ALL
2015-04-20,71.31999969482422,71.66999816894531,71.23999786376953,71.3499984741211,56.69258117675781,1571200.0,0.0067730965899583,0.0067502622195278,0.4300003051757812,53.92164430604246,ALL
2015-04-21,71.33000183105469,71.54000091552734,70.72000122070312,70.81999969482422,56.27143478393555,1566500.0,-0.0074285979590381,-0.0074563274054803,0.8199996948242188,46.76499298936878,ALL
2015-04-22,70.7699966430664,71.0199966430664,70.4000015258789,70.87999725341797,56.31911087036133,1718600.0,0.0008472520135454,0.0008468932981587,0.6199951171875,46.16794183577688,ALL
2015-04-23,70.68000030517578,71.27999877929688,70.5999984741211,70.80999755859375,56.26349258422852,1916900.0,-0.0009875561824977,-0.0009880441373862,0.6800003051757812,43.91616778491032,ALL
2015-04-24,70.62999725341797,71.12000274658203,70.4800033569336,70.94999694824219,56.37474822998047,1592400.0,0.0019774038304747,0.0019754513410034,0.6399993896484375,37.63217779473944,ALL
2015-04-27,71.27999877929688,71.30000305175781,70.22000122070312,70.30999755859375,55.86622619628906,2185500.0,-0.0090203867805651,-0.0090613167916704,1.0800018310546875,37.71183294427572,ALL
2015-04-28,70.23999786376953,70.9800033569336,70.08999633789062,70.69000244140625,56.16817092895508,1745000.0,0.0054047812645356,0.0053902278494101,0.8900070190429688,41.08251851324475,ALL
2015-04-29,70.25,70.73999786376953,69.75,70.25,55.81855392456055,2132400.0,-0.0062244683886314,-0.0062439211560933,0.9899978637695312,33.85541885689854,ALL
2015-04-30,70.13999938964844,70.37999725341797,69.33000183105469,69.66000366210938,55.34975814819336,3440800.0,-0.0083985654125108,-0.008434032082042,1.0499954223632812,28.72558931700503,ALL
2015-05-01,70.12999725341797,70.3499984741211,69.80000305175781,69.94999694824219,55.58018493652344,2423200.0,0.0041631037973668,0.0041544620567594,0.5499954223632812,32.53037335490566,ALL
2015-05-04,70.0,70.18000030517578,69.66000366210938,69.81999969482422,55.47687530517578,4123000.0,-0.0018587493270424,-0.0018604789451895,0.5199966430664062,34.61553341715829,ALL
2015-05-05,69.62000274658203,70.33000183105469,69.62000274658203,70.0,55.619903564453125,2513100.0,0.0025781599718901,0.0025748422187119,0.7099990844726562,31.346859414554885,ALL
2015-05-06,68.87999725341797,69.25,66.9000015258789,67.30999755859375,53.48250579833984,9737600.0,-0.0384286492628748,-0.0391865089716407,2.3499984741210938,19.64096205258913,ALL
2015-05-07,67.2300033569336,67.86000061035156,66.9800033569336,67.72000122070312,53.80827713012695,4320100.0,0.0060911755521602,0.0060726993323281,0.8799972534179688,27.59628576677254,ALL
2015-05-08,68.4000015258789,68.5,67.08999633789062,67.2699966430664,53.45073318481445,3631500.0,-0.006644775941215,-0.0066669507505497,1.410003662109375,20.85745501382317,ALL
2015-05-11,67.2699966430664,67.4000015258789,66.69000244140625,66.87000274658203,53.132904052734375,3425300.0,-0.005946207154561,-0.0059639562391214,0.7099990844726562,21.25222313457607,ALL
2015-05-12,66.7300033569336,67.0999984741211,66.62000274658203,66.91000366210938,53.16466522216797,2510500.0,0.0005977683697107,0.0005975897773664,0.4799957275390625,21.021963088106773,ALL
2015-05-13,66.69000244140625,67.05000305175781,66.55999755859375,66.98999786376953,53.22826385498047,2458300.0,0.0011962575621746,0.0011955426162133,0.4900054931640625,22.15796122178324,ALL
2015-05-14,67.20999908447266,67.66999816894531,67.19000244140625,67.63999938964844,53.74473190307617,2061800.0,0.0097028911088066,0.0096561203585013,0.4799957275390625,27.54431415414706,ALL
2015-05-15,67.62999725341797,68.0199966430664,67.47000122070312,67.5999984741211,53.71294021606445,1683600.0,-0.0005915312233588,-0.0005917062469776,0.5499954223632812,29.98538450246681,ALL
2015-05-18,67.6500015258789,68.19999694824219,67.61000061035156,68.08999633789062,54.10226821899414,1444000.0,0.0072483092782407,0.0072221665356553,0.589996337890625,31.104550142562715,ALL
2015-05-19,68.27999877929688,68.8499984741211,68.04000091552734,68.75,54.62669372558594,2560700.0,0.0096932258823057,0.0096465479656263,0.80999755859375,39.43662733732783,ALL
2015-05-20,68.6500015258789,68.8499984741211,68.12999725341797,68.7300033569336,54.61079406738281,2607400.0,-0.0002910602329878,-0.0002911025992384,0.720001220703125,42.87893659178552,ALL
2015-05-21,68.41999816894531,68.61000061035156,67.87999725341797,68.0999984741211,54.1102180480957,2538900.0,-0.0091662468534967,-0.0092085153883399,0.7300033569335938,36.535629952486914,ALL
2015-05-22,68.02999877929688,68.08999633789062,67.58000183105469,67.5999984741211,53.71294021606445,1807400.0,-0.0073420112940245,-0.0073690965137032,0.5099945068359375,34.66862506506816,ALL
2015-05-26,67.41000366210938,67.5199966430664,67.13999938964844,67.37999725341797,53.53813552856445,2563700.0,-0.0032544241070556,-0.0032597312628085,0.3799972534179687,32.00555275280033,ALL
2015-05-27,67.43000030517578,67.81999969482422,67.0999984741211,67.61000061035156,53.96112823486328,2057000.0,0.00790077394595,0.0078697262581007,0.720001220703125,55.87978375622346,ALL
2015-05-28,67.4000015258789,67.94000244140625,67.4000015258789,67.80000305175781,54.11278533935547,2044200.0,0.0028104880207862,0.0028065459836335,0.5400009155273438,53.90800557328349,ALL
2015-05-29,67.69000244140625,67.81999969482422,67.30999755859375,67.31999969482422,53.729679107666016,1990200.0,-0.0070797729092467,-0.007104953420053,0.5100021362304688,53.55660786652167,ALL
2015-06-01,67.6500015258789,67.9800033569336,66.9000015258789,66.91999816894531,53.410430908203125,2633200.0,-0.0059417477410048,-0.0059594701604145,1.0800018310546875,53.53723450806808,ALL
2015-06-02,66.91999816894531,67.41999816894531,66.80000305175781,67.12999725341797,53.57802963256836,2332700.0,0.0031379399401081,0.0031330268818123,0.6199951171875,55.09223361651455,ALL
2015-06-03,67.33999633789062,67.80999755859375,67.12999725341797,67.72000122070312,54.048927307128906,1773200.0,0.0087890069453824,0.0087506084495852,0.6800003051757812,59.18775421651346,ALL
2015-06-04,67.37999725341797,67.68000030517578,66.95999908447266,67.05000305175781,53.514190673828125,2392400.0,-0.0098935660695388,-0.0099428326115141,0.720001220703125,47.42948577806172,ALL
2015-06-05,67.41000366210938,67.6500015258789,66.45999908447266,66.4800033569336,53.05926132202149,1851300.0,-0.0085010974860753,-0.008537437917579,1.19000244140625,43.339971674338905,ALL
2015-06-08,66.55000305175781,66.79000091552734,65.80000305175781,65.81999969482422,52.53249740600586,1990900.0,-0.0099278411137059,-0.009977450745752,0.9899978637695312,34.44204661798088,ALL
2015-06-09,65.81999969482422,66.25,65.5999984741211,65.70999908447266,52.44469451904297,2205900.0,-0.0016714013477084,-0.0016727996972938,0.6500015258789062,26.32529163038187,ALL
2015-06-10,65.91999816894531,67.0199966430664,65.9000015258789,66.91000366210938,53.402435302734375,2420000.0,0.0182619193890745,0.0180971732368462,1.1199951171875,39.11414538391433,ALL
2015-06-11,67.05000305175781,67.48999786376953,66.91999816894531,67.48999786376953,53.86536407470703,2069600.0,0.0086686827922424,0.0086313254986765,0.5699996948242188,47.77909644202856,ALL
2015-06-12,67.18000030517578,67.48999786376953,67.06999969482422,67.37000274658203,53.76957702636719,1819800.0,-0.0017782679089849,-0.0017798509043012,0.4199981689453125,50.54343569069808,ALL
2015-06-15,66.86000061035156,67.22000122070312,66.6500015258789,66.66999816894531,53.210899353027344,1940400.0,-0.0103902188604884,-0.010444574020296,0.5699996948242188,47.07556824651368,ALL
2015-06-16,66.56999969482422,67.44000244140625,66.44000244140625,67.33000183105469,53.7376708984375,1690100.0,0.0098996925783061,0.0098510116422737,1.0,48.03938238101677,ALL
2015-06-17,67.45999908447266,67.56999969482422,66.94999694824219,67.18000030517578,53.61793899536133,1511200.0,-0.0022280813640483,-0.0022305672304923,0.6200027465820312,45.63375085914007,ALL
2015-06-18,67.37999725341797,68.47000122070312,67.33000183105469,68.3499984741211,54.55175018310547,2905900.0,0.0174160216755987,0.0172661009487411,1.1399993896484375,56.61102388485889,ALL
2015-06-19,68.1500015258789,68.29000091552734,66.44999694824219,66.44999694824219,53.03530502319336,5049100.0,-0.0277982861195487,-0.028191971483577,1.840003967285156,47.47036449573725,ALL
2015-06-22,66.01000213623047,66.9000015258789,66.01000213623047,66.27999877929688,52.89963150024414,4124700.0,-0.0025581737088131,-0.0025614514263492,0.8899993896484375,45.40548640283569,ALL
2015-06-23,66.41000366210938,66.5199966430664,66.18000030517578,66.36000061035156,52.96349334716797,2484200.0,0.0012072266878369,0.0012064985756377,0.339996337890625,42.21985007338836,ALL
2015-06-24,66.36000061035156,66.41000366210938,65.93000030517578,65.94999694824219,52.63624954223633,2683700.0,-0.006178667309322,-0.0061978342657986,0.4800033569335937,43.51419062300089,ALL
2015-06-25,66.19000244140625,66.27999877929688,65.02999877929688,65.02999877929688,51.901973724365234,3805800.0,-0.0139500025981504,-0.0140482183609665,1.25,41.78939346044086,ALL
2015-06-26,65.41999816894531,66.06999969482422,65.23999786376953,65.83000183105469,52.54047393798828,3079300.0,0.0123020410941194,0.0122269859142431,0.8300018310546875,50.05570785744544,ALL
2015-06-29,65.25,65.54000091552734,64.62000274658203,64.68000030517578,51.62265396118164,2718300.0,-0.0174688179990517,-0.0176231983367962,0.9199981689453124,44.8553457678055,ALL
2015-06-30,65.3499984741211,65.61000061035156,64.83000183105469,64.87000274658203,51.77426910400391,3121200.0,0.0029369885348451,0.002932684010185,0.779998779296875,38.66675730131104,ALL
2015-07-01,65.80000305175781,66.52999877929688,65.22000122070312,65.48999786376953,52.26911926269531,4657600.0,0.0095578395843183,0.0095124524086095,1.30999755859375,38.93811205116248,ALL
2015-07-02,65.4800033569336,65.69999694824219,64.88999938964844,64.98999786376953,51.87005233764648,2818100.0,-0.0076348507623248,-0.0076641454376447,0.80999755859375,37.36740120828719,ALL
2015-07-06,64.30000305175781,64.91000366210938,64.23999786376953,64.80999755859375,51.72637939453125,2782900.0,-0.002769863083615,-0.0027737062527079,0.6700057983398438,39.55054997105415,ALL
2015-07-07,64.79000091552734,65.7699966430664,64.44000244140625,65.73999786376953,52.46863555908203,2943300.0,0.0143496640058526,0.0142476820243052,1.3299942016601562,41.33033390215502,ALL
2015-07-08,65.25,65.63999938964844,64.8499984741211,64.91999816894531,51.81417465209961,2631900.0,-0.0124733738548521,-0.0125518193854004,0.7900009155273438,38.51625394290355,ALL
2015-07-09,65.76000213623047,65.7699966430664,65.25,65.41000366210938,52.20527267456055,2358900.0,0.0075480893999937,0.0075197451139791,0.5199966430664062,33.95206765691292,ALL
2015-07-10,66.05000305175781,66.3499984741211,65.76000213623047,66.19000244140625,52.82778930664063,2231400.0,0.0119244015055866,0.0118538660053567,0.589996337890625,48.383056258192674,ALL
2015-07-13,67.18000030517578,67.3499984741211,66.7699966430664,67.25,53.67380142211914,2421400.0,0.0160145280842209,0.0158876483495493,0.5800018310546875,55.431055799559616,ALL
2015-07-14,66.94999694824219,67.72000122070312,66.94999694824219,67.58999633789062,53.94516754150391,2256700.0,0.0050558393889525,0.0050431015485989,0.7700042724609375,56.69193587141834,ALL
2015-07-15,67.5999984741211,68.06999969482422,67.44000244140625,68.05999755859375,54.320274353027344,2423900.0,0.0069534831129189,0.0069294191371166,0.6299972534179688,61.40533630546853,ALL
2015-07-16,68.33999633789062,68.48999786376953,67.63999938964844,67.9800033569336,54.25644302368164,1977800.0,-0.0011750921751768,-0.0011757831373361,0.8499984741210938,67.53879956079828,ALL
2015-07-17,67.83999633789062,67.87000274658203,67.16999816894531,67.58999633789062,53.94516754150391,2628500.0,-0.005737115535603,-0.0057536359997804,0.7000045776367188,61.00003823689676,ALL
2015-07-20,67.47000122070312,67.94000244140625,67.11000061035156,67.70999908447266,54.04094314575195,2345500.0,0.0017754250957577,0.0017738508916014,0.8300018310546875,71.7358508162345,ALL
2015-07-21,67.76000213623047,68.11000061035156,67.37000274658203,67.69999694824219,54.0329704284668,1963300.0,-0.0001475310536985,-0.0001475419374749,0.7399978637695312,70.83956590998201,ALL
2015-07-22,67.69999694824219,68.45999908447266,67.5,68.37000274658203,54.56772232055664,2524300.0,0.0098967702099181,0.0098481179166515,0.9599990844726562,71.05270329476829,ALL
2015-07-23,68.4000015258789,68.66000366210938,68.19999694824219,68.36000061035156,54.55972290039063,2112800.0,-0.0001465961895754,-0.0001466069358471,0.4600067138671875,76.53531501139223,ALL
2015-07-24,68.25,68.63999938964844,68.18000030517578,68.31999969482422,54.52780151367188,1855800.0,-0.0005850723761378,-0.0005852435977684,0.4599990844726562,78.26096995557545,ALL
2015-07-27,67.95999908447266,68.62999725341797,67.94000244140625,68.4000015258789,54.59164810180664,2622800.0,0.0011708997311903,0.0011702147627341,0.6899948120117188,74.81352017727303,ALL
2015-07-28,68.79000091552734,68.80999755859375,68.27999877929688,68.58000183105469,54.73531723022461,1855500.0,0.0026317052775186,0.0026282484048366,0.529998779296875,88.77132331646332,ALL
2015-07-29,68.5,69.05999755859375,68.47000122070312,69.04000091552734,55.10246658325195,2191600.0,0.0067077231229528,0.0066853264462257,0.589996337890625,88.69948311144114,ALL
2015-07-30,68.8499984741211,69.27999877929688,68.72000122070312,69.16000366210938,55.1982421875,1371900.0,0.0017381364244981,0.0017366276134763,0.55999755859375,86.84885919157878,ALL
2015-07-31,69.30999755859375,69.4800033569336,68.86000061035156,68.94999694824219,55.03060531616211,1643700.0,-0.0030369965544999,-0.0030416175869474,0.6200027465820312,76.72896044440333,ALL
2015-08-03,69.12000274658203,69.4000015258789,68.7300033569336,69.37999725341797,55.373802185058594,2101100.0,0.0062364727214019,0.0062171064020405,0.6699981689453125,77.36943341732804,ALL
2015-08-04,64.05999755859375,64.66999816894531,61.0,62.34000015258789,49.7550163269043,13215000.0,-0.1014701110712315,-0.1069953079486774,3.669998168945313,20.935208432603616,ALL
2015-08-05,62.900001525878906,63.27999877929688,62.33000183105469,62.5,49.88272857666016,6668700.0,0.0025668215827074,0.0025635329225891,0.9499969482421946,22.379339701867025,ALL
2015-08-06,62.86000061035156,63.06999969482422,61.59000015258789,61.970001220703125,49.45972442626953,3843300.0,-0.0084799721759517,-0.0085161317063259,1.479999542236328,22.067924549815928,ALL
2015-08-07,61.79999923706055,62.59000015258789,61.650001525878906,62.540000915527344,49.914642333984375,3561000.0,0.0091977444879014,0.0091557028317146,0.9399986267089844,25.40454479927493,ALL
2015-08-10,63.130001068115234,63.59999847412109,62.84999847412109,63.09999847412109,50.361602783203125,3748300.0,0.0089544956814091,0.0089146419218104,0.75,29.204535289285232,ALL
2015-08-11,62.7599983215332,63.540000915527344,62.7599983215332,63.470001220703125,50.65690231323242,2719500.0,0.0058635848287136,0.0058464609209095,0.7800025939941406,27.2305731012855,ALL
2015-08-12,62.93000030517578,63.77999877929688,62.7400016784668,63.61000061035156,50.76863479614258,2928600.0,0.0022056714447178,0.0022032425224041,1.0399971008300852,28.191101593932345,ALL
2015-08-13,63.619998931884766,64.04000091552734,63.43999862670898,63.4900016784668,50.6728630065918,2261500.0,-0.0018864361812238,-0.0018882177428442,0.6000022888183665,27.98551405961419,ALL
2015-08-14,63.31999969482422,63.869998931884766,63.209999084472656,63.86000061035156,50.96817398071289,2221600.0,0.0058277933512989,0.0058108774533789,0.6599998474121094,29.84029665499088,ALL
2015-08-17,63.75,64.12000274658203,63.43000030517578,63.84999847412109,50.96018981933594,2068100.0,-0.0001566499396264,-0.0001566622105097,0.69000244140625,28.674580301935265,ALL
2015-08-18,63.7400016784668,63.93000030517578,63.470001220703125,63.56999969482422,50.73672103881836,2503500.0,-0.004385163817282,-0.0043948068493102,0.4599990844726562,24.93128552365385,ALL
2015-08-19,63.40999984741211,64.02999877929688,63.06999969482422,63.65999984741211,50.80854415893555,2990400.0,0.0014156042930373,0.0014146032698705,0.9599990844726562,24.724219201310905,ALL
2015-08-20,63.13999938964844,63.13999938964844,62.65999984741211,62.70000076293945,50.04235458374024,2536500.0,-0.0150799356265467,-0.0151947940234766,0.4799995422363281,23.12989723260385,ALL
2015-08-21,62.310001373291016,62.47999954223633,61.22999954223633,61.25,48.88507080078125,3651500.0,-0.0231260857444748,-0.0233976892536929,1.25,17.865619816599775,ALL
2015-08-24,60.11000061035156,60.11000061035156,54.119998931884766,58.38999938964844,46.6024284362793,4385000.0,-0.0466940586790655,-0.0478193971292842,5.990001678466797,26.682391711622287,ALL
2015-08-25,59.91999816894531,59.91999816894531,56.9900016784668,56.9900016784668,45.48506546020508,4644300.0,-0.0239764967956984,-0.0242686117070425,2.929996490478516,21.627072123712352,ALL
2015-08-26,58.15999984741211,58.59000015258789,56.68000030517578,57.400001525878906,45.81230545043945,7043400.0,0.0071944491433275,0.00716869255661,1.9099998474121092,26.173081073160677,ALL
2015-08-27,57.63999938964844,59.02000045776367,57.5099983215332,58.7400016784668,47.12810134887695,4787100.0,0.0287214512673008,0.0283167217295965,1.5100021362304688,33.63719977546019,ALL
2015-08-28,58.54999923706055,58.95000076293945,58.2599983215332,58.630001068115234,47.03985595703125,2990600.0,-0.0018724580307711,-0.0018742132717286,0.69000244140625,29.636553440787694,ALL
2015-08-31,58.33000183105469,58.5,58.08000183105469,58.27999877929688,46.759033203125,2828100.0,-0.0059698897497213,-0.005987780782064,0.4199981689453125,26.06223799847349,ALL
2015-09-01,57.0099983215332,57.459999084472656,56.79999923706055,57.13999938964844,45.84439468383789,3470800.0,-0.0195606807205325,-0.0197545227881632,0.6599998474121094,22.47360932936648,ALL
2015-09-02,57.720001220703125,57.93999862670898,57.29999923706055,57.93000030517578,46.478214263916016,2777900.0,0.0138254542229034,0.0137307544770626,0.6399993896484304,27.882456209515283,ALL
2015-09-03,58.0099983215332,58.54999923706055,57.81999969482422,57.97999954223633,46.518333435058594,2176700.0,0.000863182283957,0.0008628099563717,0.7299995422363281,25.887990369243752,ALL
2015-09-04,57.45000076293945,57.68999862670898,56.77000045776367,57.040000915527344,45.76416778564453,2341900.0,-0.0162122241646276,-0.0163450801551258,0.9199981689453054,23.95116663683332,ALL
2015-09-08,57.84000015258789,58.2400016784668,57.66999816894531,58.20000076293945,46.6948471069336,2231600.0,0.0203364196558384,0.0201323961084659,0.5700035095214844,31.07883632181695,ALL
2015-09-09,58.65999984741211,58.84000015258789,57.2400016784668,57.34999847412109,46.01287078857422,2561900.0,-0.0146049588040757,-0.0147126611602313,1.5999984741210938,28.763256948041203,ALL
2015-09-10,57.2400016784668,58.040000915527344,57.0099983215332,57.66999816894531,46.26960372924805,2597500.0,0.0055795897163968,0.0055640814654043,1.0300025939941406,32.50363017246504,ALL
2015-09-11,57.40999984741211,58.209999084472656,57.310001373291016,58.13999938964844,46.64671325683594,2727000.0,0.0081502649081368,0.0081172308685021,0.8999977111816406,38.80972341839216,ALL
2015-09-14,58.290000915527344,58.310001373291016,58.0,58.2400016784668,46.7269401550293,2100300.0,0.0017198831941627,0.0017184058886813,0.3100013732910156,50.79826104310023,ALL
2015-09-15,58.38999938964844,59.2599983215332,58.22999954223633,58.97999954223633,47.32065963745117,3461700.0,0.0127061493958742,0.0126261036156103,1.029998779296875,62.61526216276016,ALL
2015-09-16,59.040000915527344,59.34000015258789,58.810001373291016,59.20000076293945,47.497161865234375,3589900.0,0.0037299190065287,0.0037229801076325,0.529998779296875,61.82429447773922,ALL
2015-09-17,59.25,59.810001373291016,58.83000183105469,58.9900016784668,47.32868194580078,4738400.0,-0.003547157615683,-0.0035534636961155,0.979999542236328,51.67787033863744,ALL
2015-09-18,58.040000915527344,58.52999877929688,57.43999862670898,57.56999969482422,46.18937683105469,5226700.0,-0.0240721919121007,-0.0243666624278011,1.0900001525879048,43.94960774543999,ALL
2015-09-21,58.150001525878906,58.880001068115234,57.95000076293945,58.560001373291016,46.983680725097656,2513600.0,0.0171966791617099,0.0170504898748023,0.9300003051757812,51.48935373833098,ALL
2015-09-22,58.15999984741211,58.209999084472656,57.68999862670898,58.09999847412109,46.61460876464844,2413500.0,-0.0078553224173445,-0.0078863379941613,0.520000457763679,55.504507869346746,ALL
2015-09-23,58.040000915527344,58.66999816894531,58.02999877929688,58.5099983215332,46.943546295166016,2412600.0,0.0070565331177259,0.0070317522973952,0.6399993896484304,53.47712662733768,ALL
2015-09-24,58.119998931884766,58.810001373291016,57.77000045776367,58.59000015258789,47.00774002075195,2582500.0,0.0013674664709459,0.0013665323401694,1.0400009155273438,53.6439099456204,ALL
2015-09-25,59.119998931884766,59.91999816894531,58.869998931884766,58.9900016784668,47.32868194580078,3897100.0,0.0068274272472395,0.0068042259095955,1.0499992370605469,62.45199886327476,ALL
2015-09-28,58.52999877929688,58.77000045776367,57.459999084472656,57.7400016784668,46.325782775878906,3577400.0,-0.021190092956114,-0.0214178258425655,1.3100013732910156,47.09599416005105,ALL
2015-09-29,57.72999954223633,58.43999862670898,57.470001220703125,58.36000061035156,46.823204040527344,3909600.0,0.0107374605423276,0.0106802233696055,0.9699974060058524,56.56688438395734,ALL
2015-09-30,58.869998931884766,58.970001220703125,57.790000915527344,58.2400016784668,46.7269401550293,3898000.0,-0.0020559012880606,-0.0020580175541674,1.1800003051757812,53.80519030395055,ALL
2015-10-01,58.25,58.43999862670898,57.33000183105469,57.970001220703125,46.51030731201172,3856200.0,-0.0046361444232992,-0.004646924672957,1.1099967956542898,48.83391792879719,ALL
2015-10-02,57.13999938964844,59.150001525878906,56.970001220703125,59.150001525878906,47.4570426940918,3170700.0,0.0203553886610328,0.0201509868678522,2.180000305175781,55.43602491246328,ALL
2015-10-05,59.459999084472656,60.13999938964844,59.41999816894531,59.900001525878906,48.05878448486328,2173200.0,0.0126797153090705,0.0126000008494502,0.720001220703125,55.48919805708573,ALL
2015-10-06,59.7400016784668,60.27000045776367,59.59000015258789,59.880001068115234,48.0427360534668,2154800.0,-0.0003339333603316,-0.0003339891284917,0.6800003051757812,54.15645370819759,ALL
2015-10-07,60.20000076293945,60.70000076293945,59.81999969482422,60.040000915527344,48.17110061645508,2419300.0,0.0026718828595737,0.0026683197260052,0.8800010681152344,56.45743185828184,ALL
2015-10-08,59.880001068115234,61.22999954223633,59.7400016784668,61.119998931884766,49.0376091003418,2474000.0,0.0179881396272421,0.0178282673995991,1.4899978637695312,72.78562173121983,ALL
2015-10-09,61.16999816894531,61.33000183105469,60.310001373291016,60.43999862670898,48.49201965332031,2438200.0,-0.0111259389890948,-0.0111882951938979,1.020000457763672,62.56666272569981,ALL
2015-10-12,60.540000915527344,61.13999938964844,60.43999862670898,60.90999984741211,48.86912536621094,1401800.0,0.007776655119474,0.0077465727962986,0.7000007629394602,68.75829987989772,ALL
2015-10-13,60.72999954223633,61.13999938964844,60.619998931884766,60.63999938964844,48.65250396728516,1649800.0,-0.004432684180502,-0.0044425376540297,0.5200004577636719,64.48989281839943,ALL
2015-10-14,60.5,60.59999847412109,59.77999877929688,59.86000061035156,48.02669143676758,2427000.0,-0.0128629048761476,-0.0129463483597796,0.8199996948242045,57.88822436397957,ALL
2015-10-15,60.43000030517578,61.68999862670898,60.27000045776367,61.59000015258789,49.414695739746094,2906600.0,0.0289006854616662,0.0284909366076534,1.4199981689453054,63.85917691843697,ALL
2015-10-16,61.43999862670898,61.5099983215332,60.65999984741211,61.20000076293945,49.10180282592773,3285000.0,-0.0063319809852981,-0.0063521130056054,0.8499984741210938,70.30518167648738,ALL
2015-10-19,61.02999877929688,61.650001525878906,60.79999923706055,61.59000015258789,49.414695739746094,2427200.0,0.0063723304606067,0.0063521130056053,0.8500022888183594,69.48134179410586,ALL
2015-10-20,61.63999938964844,62.220001220703125,61.380001068115234,61.43999862670898,49.29435729980469,3255900.0,-0.0024352763512942,-0.0024382464597509,0.8400001525878906,69.23075604310446,ALL
2015-10-21,61.63999938964844,61.970001220703125,60.58000183105469,60.650001525878906,48.66051483154297,4371300.0,-0.0128583169145858,-0.0129417006255159,1.3899993896484375,65.15832139307332,ALL
2015-10-22,61.0,61.63999938964844,60.619998931884766,61.54999923706055,49.38259506225586,2836200.0,0.0148391407943924,0.0147301179581872,1.020000457763672,64.01860957006468,ALL
2015-10-23,61.91999816894531,62.0,61.4900016784668,61.68000030517578,49.48690032958984,3194400.0,0.0021121868383482,0.0021099593078171,0.5099983215332031,61.208984145765946,ALL
2015-10-26,61.83000183105469,62.09000015258789,61.59000015258789,61.81999969482422,49.59922790527344,2260400.0,0.0022698446444511,0.002267272438699,0.5,62.03469436993679,ALL
2015-10-27,61.38999938964844,61.59000015258789,60.209999084472656,60.290000915527344,48.371681213378906,4572700.0,-0.024749310498118,-0.0250607235954857,1.3800010681152344,51.32556229444469,ALL
2015-10-28,60.61000061035156,62.310001373291016,60.470001220703125,62.310001373291016,49.99237060546875,3851200.0,0.0335049217111267,0.0329558623065051,1.8400001525878904,55.73771544085855,ALL
2015-10-29,62.15999984741211,62.93000030517578,62.06999969482422,62.790000915527344,50.377479553222656,2700800.0,0.0077033543936757,0.0076738350608861,0.8600006103515625,61.553673663452976,ALL
2015-10-30,62.84000015258789,62.93999862670898,61.84999847412109,61.880001068115234,49.647369384765625,3913500.0,-0.0144927887407643,-0.0145988350551641,1.0900001525878906,54.57114433211443,ALL
2015-11-02,62.09999847412109,62.33000183105469,61.45000076293945,61.79999923706055,49.58316802978516,5335900.0,-0.0012931471652184,-0.0012939840015266,0.8800010681152344,55.56607062353642,ALL
2015-11-03,62.91999816894531,63.36000061035156,61.63999938964844,63.15999984741211,50.674346923828125,6269100.0,0.0220070426598695,0.0217683828143932,1.720001220703125,64.99999783882566,ALL
2015-11-04,63.09999847412109,63.310001373291016,62.22999954223633,62.88999938964844,50.45771026611328,3658200.0,-0.004275075474391,-0.004284239737484,1.0800018310546875,56.8133905476728,ALL
2015-11-05,62.959999084472656,63.720001220703125,62.900001525878906,63.54999923706055,50.98723220825195,3230800.0,0.0104943712139529,0.0104396875481055,0.8199996948242188,61.97739713213639,ALL
2015-11-06,63.9900016784668,64.5,63.41999816894531,64.06999969482422,51.40444946289063,3067600.0,0.0081827790324957,0.0081494816164224,1.0800018310546875,62.4747802811216,ALL
2015-11-09,64.02999877929688,64.05000305175781,63.209999084472656,63.52000045776367,50.963165283203125,2454000.0,-0.0085845521992424,-0.0086216117127843,0.8400039672851562,60.05784546340746,ALL
2015-11-10,63.4900016784668,63.63999938964844,63.119998931884766,63.31999969482422,50.80270004272461,1813000.0,-0.0031486513756907,-0.0031536188083165,0.5200004577636719,63.69215479646378,ALL
2015-11-11,63.52000045776367,63.540000915527344,63.0099983215332,63.119998931884766,50.642234802246094,1451000.0,-0.0031585966955214,-0.0031635955911694,0.5300025939941406,58.67393980276793,ALL
2015-11-12,62.43000030517578,62.880001068115234,62.27999877929688,62.54999923706055,50.18493270874024,3045900.0,-0.0090300535766555,-0.0090710716273003,0.6000022888183523,54.58384081195252,ALL
2015-11-13,62.540000915527344,62.83000183105469,62.2400016784668,62.40999984741211,50.072601318359375,2312100.0,-0.0022383489290064,-0.0022408577764535,0.5900001525878906,53.10854818184552,ALL
2015-11-16,62.22999954223633,63.119998931884766,62.08000183105469,63.119998931884766,50.642234802246094,2566900.0,0.0113761512062258,0.0113119294037538,1.039997100830078,66.32048486656518,ALL
2015-11-17,63.130001068115234,63.47999954223633,62.650001525878906,62.709999084472656,50.313289642333984,2153600.0,-0.0064954708495115,-0.0065166582180815,0.8299980163574219,52.83277066501267,ALL
2015-11-18,62.75,63.619998931884766,62.75,63.5,50.947113037109375,2085900.0,0.0125975343548612,0.0125188455861222,0.8699989318847656,54.81669427800228,ALL
2015-11-19,63.4900016784668,63.619998931884766,63.209999084472656,63.369998931884766,50.84283065795898,1659600.0,-0.0020468751403919,-0.0020489728523038,0.4099998474121094,61.30505017564533,ALL
2015-11-20,63.29999923706055,63.91999816894531,63.15999984741211,63.34000015258789,50.81874084472656,3077700.0,-0.0004738094421704,-0.0004739217253328,0.7599983215332031,61.773690745872734,ALL
2015-11-23,63.34999847412109,63.400001525878906,62.959999084472656,63.11000061035156,50.63422393798828,2201000.0,-0.0036308830890174,-0.0036374907442852,0.44000244140625,49.5378084792238,ALL
2015-11-24,62.790000915527344,63.15999984741211,62.54999923706055,62.93999862670898,50.49782180786133,1621900.0,-0.0026938722373627,-0.0026975072408025,0.6100006103515625,50.47076173412236,ALL
2015-11-25,62.81999969482422,62.93999862670898,62.34999847412109,62.43000030517578,50.32852935791016,1745400.0,-0.0033524703420932,-0.0033581024619901,0.5900001525878906,41.55520234747535,ALL
2015-11-27,62.540000915527344,62.90999984741211,62.43999862670898,62.84000015258789,50.659061431884766,821500.0,0.0065674892191669,0.0065460172219795,0.4700012207031321,40.22663909704476,ALL
2015-11-30,62.970001220703125,63.150001525878906,62.54999923706055,62.7599983215332,50.59455490112305,3012500.0,-0.0012733463459139,-0.001274157740236,0.6000022888183594,44.63697203071214,ALL
2015-12-01,63.34000015258789,64.2300033569336,63.2599983215332,63.5,51.19111251831055,3411300.0,0.0117909450602609,0.0117219734980971,0.9700050354003906,55.0147754137116,ALL
2015-12-02,63.54999923706055,63.66999816894531,62.810001373291016,62.88999938964844,50.69936752319336,2680900.0,-0.0096060618909443,-0.0096524977197131,0.8599967956542969,50.6795106905992,ALL
2015-12-03,62.95000076293945,63.27000045776367,62.4900016784668,62.77000045776367,50.60261917114258,3197900.0,-0.0019082753252597,-0.001910098402276,0.779998779296875,55.4338051821987,ALL
2015-12-04,62.970001220703125,64.58000183105469,62.959999084472656,64.48999786376953,51.98921585083008,2647500.0,0.0274016780633015,0.0270329723602878,1.6200027465820312,68.72545314546353,ALL
2015-12-07,64.3499984741211,64.69000244140625,64.19000244140625,64.38999938964844,51.908599853515625,2675500.0,-0.0015506292217555,-0.0015518326914983,0.5,63.67962392469268,ALL
2015-12-08,64.37000274658203,64.37999725341797,63.66999816894531,63.86000061035156,51.48134613037109,2433600.0,-0.0082308851394611,-0.00826494590347,0.7099990844726562,62.35525301720132,ALL
2015-12-09,63.5,64.08000183105469,62.72999954223633,62.900001525878906,50.70742034912109,2561200.0,-0.0150331302388658,-0.0151472731359793,1.3500022888183594,47.5376056532316,ALL
2015-12-10,62.90999984741211,63.08000183105469,62.29999923706055,62.47999954223633,50.36884307861328,2417100.0,-0.0066770754295267,-0.0066994668260267,0.7800025939941406,45.35430209281306,ALL
2015-12-11,61.68999862670898,62.119998931884766,61.18000030517578,61.470001220703125,49.55462646484375,2120700.0,-0.0161650846833774,-0.0162971649918465,0.9399986267089844,39.27168681017701,ALL
2015-12-14,61.58000183105469,62.119998931884766,60.91999816894531,61.38999938964844,49.4901123046875,2356300.0,-0.0013018796580379,-0.0013027278395934,1.2000007629394531,40.08823762690352,ALL
2015-12-15,61.790000915527344,63.0,61.720001220703125,62.70000076293945,50.54620361328125,3020400.0,0.0213394405349474,0.0211149428284023,1.279998779296875,50.36153452778739,ALL
2015-12-16,63.27999877929688,63.5,62.52999877929688,63.380001068115234,51.09438705444336,2177700.0,0.0108451951279298,0.0107868077681232,0.970001220703118,55.416200175355726,ALL
2015-12-17,63.40999984741211,63.40999984741211,62.369998931884766,62.369998931884766,50.2801628112793,2161600.0,-0.0159356886363363,-0.0160640269886703,1.0400009155273438,47.49198554469007,ALL
2015-12-18,62.11000061035156,62.11000061035156,60.7599983215332,61.33000183105469,49.44175338745117,6688800.0,-0.0166747555487239,-0.016815344331968,1.3500022888183594,43.0784784196027,ALL
2015-12-21,61.560001373291016,61.900001525878906,60.93999862670898,61.29999923706055,49.41756820678711,3117400.0,-0.0004891651085781,-0.0004892847888603,0.960002899169929,38.56557937473745,ALL
2015-12-22,61.709999084472656,62.66999816894531,61.25,62.5,50.38496398925781,2203300.0,0.0195759487480777,0.0193868043323006,1.4199981689453125,48.09011114195685,ALL
2015-12-23,62.68000030517578,63.02000045776367,62.68000030517578,62.88999938964844,50.69936752319336,1916300.0,0.0062400269652387,0.0062206386110749,0.3400001525878906,50.57257078457684,ALL
2015-12-24,62.83000183105469,63.45000076293945,62.68000030517578,63.13999938964844,50.9009017944336,1298700.0,0.0039750845244379,0.003967204750891,0.7700004577636719,42.50836750974618,ALL
2015-12-28,63.0099983215332,63.060001373291016,62.33000183105469,62.63999938964844,50.4978141784668,1833300.0,-0.0079190662985637,-0.0079505886326761,0.7299995422363281,40.701389150795166,ALL
2015-12-29,63.09000015258789,63.4900016784668,62.86000061035156,63.18999862670898,50.94121551513672,1495600.0,0.0087806045446416,0.0087422792195127,0.6300010681152344,46.44751407275385,ALL
2015-12-30,63.150001525878906,63.34000015258789,62.77000045776367,62.810001373291016,50.6348762512207,1523000.0,-0.006013583712485,-0.006031738125665,0.5699996948242188,49.49160100369842,ALL
2015-12-31,62.619998931884766,62.77000045776367,62.06999969482422,62.09000015258789,50.05443954467773,1573600.0,-0.0114631801144963,-0.0115293888248971,0.7000007629394531,47.86886178462362,ALL
2016-01-04,60.880001068115234,60.97999954223633,59.91999816894531,60.66999816894531,48.90969467163086,3339200.0,-0.0228699968166677,-0.0231355721443179,1.0600013732910156,45.81590838332927,ALL
2016-01-05,60.709999084472656,60.970001220703125,60.38999938964844,60.52999877929688,48.796836853027344,2808800.0,-0.0023074733825516,-0.0023101397016872,0.5800018310546875,45.53030884346514,ALL
2016-01-06,59.790000915527344,60.20000076293945,59.59999847412109,59.84999847412109,48.2486457824707,2868400.0,-0.0112341517588067,-0.0112977314662078,0.6000022888183665,34.14907722196523,ALL
2016-01-07,58.790000915527344,59.65999984741211,58.310001373291016,58.43999862670898,47.11196517944336,3982600.0,-0.0235588084306463,-0.0238407541662203,1.3499984741210938,24.58858534894549,ALL
2016-01-08,58.79999923706055,58.93999862670898,58.13999938964844,58.22999954223633,46.942657470703125,2883900.0,-0.0035937305543372,-0.003600203516694,0.7999992370605398,26.79379185187193,ALL
2016-01-11,58.38999938964844,58.630001068115234,57.59000015258789,58.02000045776367,46.77336120605469,3037300.0,-0.0036064482449484,-0.0036129671575537,1.0400009155273438,29.542712118792775,ALL
2016-01-12,58.43000030517578,58.7400016784668,57.810001373291016,58.650001525878906,47.28124237060547,2957900.0,0.0108583422583929,0.010799813760565,0.9300003051757812,34.75263617874562,ALL
2016-01-13,58.81999969482422,59.34999847412109,57.81999969482422,57.90999984741211,46.6846923828125,4225600.0,-0.0126170539918774,-0.0126973249207471,1.529998779296868,22.11430214172782,ALL
2016-01-14,57.970001220703125,59.18000030517578,57.970001220703125,58.41999816894531,47.09583282470703,3193200.0,0.0088067505837501,0.0087681973430015,1.2099990844726562,23.233588857361653,ALL
2016-01-15,56.90999984741211,58.560001373291016,56.02999877929688,58.130001068115234,46.86204528808594,5060200.0,-0.0049640811638529,-0.0049764431422984,2.530002593994133,20.14315332103069,ALL
2016-01-19,59.02000045776367,59.34999847412109,58.060001373291016,58.43999862670898,47.11196517944336,3082900.0,0.0053330982423203,0.0053189276337267,1.289997100830071,24.390505692152857,ALL
2016-01-20,57.5,58.47999954223633,57.13999938964844,57.9900016784668,46.74917221069336,4685500.0,-0.0077006545443003,-0.0077304576855593,1.3400001525878906,17.90129695329017,ALL
2016-01-21,58.209999084472656,58.65999984741211,57.81999969482422,58.150001525878906,46.878173828125,3858000.0,0.0027594417469092,0.0027556414770089,0.8400001525878906,20.43171982347852,ALL
2016-01-22,58.90999984741211,59.0,58.20000076293945,58.52999877929688,47.18449783325195,2699600.0,0.0065344696713243,0.0065132125766909,0.7999992370605469,26.39258809265013,ALL
2016-01-25,58.310001373291016,58.459999084472656,57.619998931884766,57.70000076293945,46.5153923034668,3852400.0,-0.0141806220371306,-0.0142821278104593,0.8400001525878906,28.633123404255315,ALL
2016-01-26,58.04999923706055,58.68000030517578,57.880001068115234,58.18000030517578,46.9023551940918,2184300.0,0.0083190288517926,0.0082846164513841,0.7999992370605469,33.88207879372065,ALL
2016-01-27,58.18000030517578,59.380001068115234,58.02999877929688,58.40999984741211,47.08777618408203,2891300.0,0.0039533407058756,0.0039455467890932,1.3500022888183525,39.47376249302148,ALL
2016-01-28,58.83000183105469,59.5,58.41999816894531,59.220001220703125,47.74076461791992,3191000.0,0.013867472341126,0.0137721987388423,1.0800018310546875,56.249895731434506,ALL
2016-01-29,59.68000030517578,60.61000061035156,59.43000030517578,60.59999847412109,48.85326385498047,3799200.0,0.0233029203860501,0.0230355529969041,1.1800003051757812,65.99189507791377,ALL
2016-02-01,60.13999938964844,60.83000183105469,59.81999969482422,60.52999877929688,48.796836853027344,2667500.0,-0.0011550303398484,-0.0011556979014768,1.0100021362304688,67.26278887822887,ALL
2016-02-02,60.0099983215332,60.5,59.7599983215332,59.970001220703125,48.34538269042969,2540900.0,-0.0092517095720241,-0.0092947724462877,0.7400016784667969,59.16670938536339,ALL
2016-02-03,60.290000915527344,60.290000915527344,58.290000915527344,59.63999938964844,48.07935333251953,4765200.0,-0.0055026838780783,-0.0055178794127958,2.0,62.73929605320927,ALL
2016-02-04,60.47999954223633,62.20000076293945,60.47999954223633,62.04999923706055,50.02218627929688,5520000.0,0.040408882651574,0.0396137922833008,1.720001220703125,70.88597531557966,ALL
2016-02-05,62.09000015258789,63.52000045776367,62.09000015258789,63.369998931884766,51.08633041381836,4617500.0,0.0212734431194163,0.0210503222474962,1.4300003051757812,76.95467922020705,ALL
2016-02-08,62.869998931884766,63.540000915527344,62.36000061035156,63.33000183105469,51.0540771484375,3008500.0,-0.0006313482514714,-0.0006315476357038,1.1800003051757812,75.87286406369316,ALL
2016-02-09,62.810001373291016,63.2599983215332,62.45000076293945,63.0099983215332,50.79610443115234,3743700.0,-0.0050529307685871,-0.0050657399908905,0.80999755859375,76.93137225533948,ALL
2016-02-10,63.27000045776367,63.93999862670898,62.88999938964844,62.97999954223633,50.77192687988281,2987500.0,-0.0004759725482944,-0.0004760858591844,1.0499992370605398,76.27862982578813,ALL
2016-02-11,61.95000076293945,62.65999984741211,61.70000076293945,62.31999969482422,50.23986053466797,3020000.0,-0.0104795381604014,-0.0105348351845529,0.9599990844726562,70.01066809241017,ALL
2016-02-12,63.02000045776367,64.30999755859375,62.86000061035156,63.90999984741211,51.52165222167969,3615300.0,0.0255134403911654,0.0251934046278995,1.4499969482421875,80.35193003214292,ALL
2016-02-16,64.47000122070312,64.72000122070312,63.84999847412109,64.56999969482422,52.0537109375,3502500.0,0.010326895448365,0.0102739373467056,0.8700027465820384,80.69163610148081,ALL
2016-02-17,64.69000244140625,65.29000091552734,64.69000244140625,65.0199966430664,52.41648483276367,3342700.0,0.0069692225343789,0.006945049748377,0.5999984741210938,81.09124012045753,ALL
2016-02-18,64.91000366210938,65.0,64.06999969482422,64.30000305175781,51.83605194091797,4086400.0,-0.0110734799118558,-0.0111352473004423,0.9300003051757812,74.09867492137747,ALL
2016-02-19,63.88999938964844,64.44000244140625,63.79999923706055,64.0,51.59419631958008,4300100.0,-0.0046657801333627,-0.004676698861651,0.6400032043457031,67.97033385171227,ALL
2016-02-22,64.0,64.5999984741211,64.0,64.44000244140625,51.948917388916016,2513100.0,0.0068752126138134,0.0068516861111536,0.5999984741210938,69.88803669242512,ALL
2016-02-23,64.30999755859375,64.30999755859375,63.560001373291016,63.72999954223633,51.37653350830078,1973500.0,-0.0110182061414307,-0.0110793561652974,0.7499961853027344,68.83756788511378,ALL
2016-02-24,63.34999847412109,64.12999725341797,62.77999877929688,63.95000076293945,51.55388641357422,2366700.0,0.0034520216363913,0.0034460770862512,1.3499984741210866,71.83368555089768,ALL
2016-02-25,63.91999816894531,64.44000244140625,63.66999816894531,64.41000366210938,52.19405364990234,1936100.0,0.0124174389335574,0.0123409748798269,0.7700042724609375,66.31964071348223,ALL
2016-02-26,64.52999877929688,64.70999908447266,64.20999908447266,64.31999969482422,52.12113952636719,2391400.0,-0.0013969814267392,-0.0013979581150088,0.5,59.13670654314146,ALL
2016-02-29,64.12000274658203,64.30999755859375,63.45000076293945,63.459999084472656,51.42424774169922,2285100.0,-0.013370616816914,-0.0134608083605391,0.8599967956542969,52.92506565255871,ALL
2016-03-01,63.84000015258789,64.80999755859375,63.59000015258789,64.80999755859375,52.518192291259766,2167700.0,0.0212729324705995,0.0210498222355279,1.2199974060058594,62.01982344956574,ALL
2016-03-02,64.7300033569336,65.41999816894531,64.63999938964844,65.41000366210938,53.0044174194336,2215600.0,0.0092582228549926,0.0092156282084261,0.779998779296875,64.63816908454234,ALL
2016-03-03,65.4000015258789,65.47000122070312,65.0,65.30999755859375,52.923370361328125,1985400.0,-0.0015290623319965,-0.0015302325408377,0.470001220703125,68.7015623404907,ALL
2016-03-04,65.30000305175781,65.58999633789062,64.8499984741211,65.37999725341797,52.98008728027344,1629400.0,0.001071680026387,0.0010711061872922,0.7399978637695312,62.25681607466424,ALL
2016-03-07,64.80999755859375,65.31999969482422,64.75,65.02999877929688,52.69646835327149,1609200.0,-0.0053533118113142,-0.0053676921295009,0.5699996948242188,55.637188481728,ALL
2016-03-08,64.76000213623047,65.04000091552734,64.52999877929688,64.58000183105469,52.33183288574219,1797100.0,-0.0069195427876651,-0.0069435938362465,0.5100021362304688,49.25781764742475,ALL
2016-03-09,64.79000091552734,64.91999816894531,64.33000183105469,64.52999877929688,52.29130172729492,1496600.0,-0.000774502940414,-0.0007748030227695,0.589996337890625,54.40876692248187,ALL
2016-03-10,64.58999633789062,65.0199966430664,63.72999954223633,64.26000213623047,52.072513580322266,3071400.0,-0.0041840256361117,-0.0041928031635291,1.289997100830078,54.65294744560652,ALL
2016-03-11,64.93000030517578,65.70999908447266,64.70999908447266,65.5199966430664,53.09354782104492,2235300.0,0.0196079307588581,0.0194181717936702,1.0,59.85687949468948,ALL
2016-03-14,65.19000244140625,65.41000366210938,64.52999877929688,64.94999694824219,52.63164138793945,1744700.0,-0.008699860002996,-0.0087379247176279,0.8800048828125,61.01788679088589,ALL
2016-03-15,64.51000213623047,66.05999755859375,64.37999725341797,65.91999816894531,53.41767883300781,2367500.0,0.0149346937382135,0.0148242692791532,1.6800003051757812,64.78154217765612,ALL
2016-03-16,65.72000122070312,66.52999877929688,65.47000122070312,66.27999877929688,53.70940017700195,2163000.0,0.0054611385288025,0.0054462805814465,1.05999755859375,62.72114917189355,ALL
2016-03-17,66.33000183105469,67.44999694824219,66.06999969482422,67.19999694824219,54.45491790771485,2338000.0,0.0138805819513159,0.0137851289548642,1.3799972534179688,67.6038125010071,ALL
2016-03-18,67.4000015258789,67.76000213623047,66.66000366210938,67.2300033569336,54.479225158691406,3777200.0,0.0004463738429969,0.0004462742478297,1.0999984741210938,75.64608047712917,ALL
2016-03-21,66.93000030517578,67.16000366210938,66.58999633789062,66.83999633789062,54.16318130493164,1258000.0,-0.0058011811445403,-0.0058180733574146,0.57000732421875,65.88400313536891,ALL
2016-03-22,66.9000015258789,67.23999786376953,66.66999816894531,66.91999816894531,54.22801971435547,1551500.0,0.0011970938165317,0.0011963778710412,0.5699996948242188,62.86176212075516,ALL
2016-03-23,66.91000366210938,67.01000213623047,66.5199966430664,66.66000366210938,54.01734161376953,2080500.0,-0.0038850413807415,-0.0038926077574888,0.4900054931640625,61.19409743203006,ALL
2016-03-24,66.47000122070312,66.48999786376953,65.94000244140625,66.19000244140625,53.63646697998047,1396500.0,-0.0070509696036573,-0.0070759451603371,0.5499954223632812,56.29858482623306,ALL
2016-03-28,66.33999633789062,66.98999786376953,66.20999908447266,66.81999969482422,54.14697265625,1730200.0,0.009517884100384,0.0094728744141135,0.779998779296875,63.33816710830103,ALL
2016-03-29,66.81999969482422,67.25,66.52999877929688,67.16000366210938,54.42249298095703,2484200.0,0.0050883791131992,0.0050754770607139,0.720001220703125,69.54507263060742,ALL
2016-03-30,67.26000213623047,67.9000015258789,67.1500015258789,67.72000122070312,54.87628555297852,1802900.0,0.0083383275400537,0.008303755734714,0.75,72.43299610688845,ALL
2016-03-31,67.75,67.91999816894531,67.25,67.37000274658203,54.59267044067383,1692600.0,-0.0051682636579126,-0.0051816653280503,0.6699981689453125,71.62707532111084,ALL
2016-04-01,67.23999786376953,68.33000183105469,67.0199966430664,68.2300033569336,55.28956985473633,1479100.0,0.0127654391777707,0.01268464779095,1.3100051879882812,69.95564288012064,ALL
2016-04-04,68.1500015258789,68.23999786376953,67.5199966430664,67.63999938964844,54.81147766113281,1323300.0,-0.008647059379547,-0.0086846621232006,0.720001220703125,69.75046089973429,ALL
2016-04-05,67.31999969482422,67.41000366210938,66.63999938964844,66.69999694824219,54.04973983764648,1712100.0,-0.0138974144830706,-0.013994887685087,0.7700042724609375,55.75213312624058,ALL
2016-04-06,66.6500015258789,67.16999816894531,66.5,67.02999877929688,54.31717300415039,1624500.0,0.0049479084877599,0.0049357078172087,0.6699981689453125,55.55565629162625,ALL
2016-04-07,66.48999786376953,66.80999755859375,66.02999877929688,66.27999877929688,53.70940017700195,1603500.0,-0.0111893309893355,-0.0112524024798572,0.779998779296875,43.009169533710896,ALL
2016-04-08,66.81999969482422,67.44999694824219,66.68000030517578,66.83999633789062,54.16318130493164,1694800.0,0.0084488213689639,0.0084133298452795,0.7699966430664062,47.25731859517402,ALL
2016-04-11,66.83000183105469,67.4800033569336,66.77999877929688,66.79000091552734,54.12268829345703,1683400.0,-0.0007476113939216,-0.0007478909946836,0.7000045776367188,49.63094460796687,ALL
2016-04-12,66.75,67.4000015258789,66.62000274658203,67.20999908447266,54.463008880615234,1571300.0,0.0062879468461167,0.0062682601910088,0.779998779296875,52.0392995781764,ALL
2016-04-13,67.54000091552734,67.88999938964844,66.81999969482422,67.52999877929688,54.72232055664063,1687600.0,0.0047612440325104,0.0047499451604062,1.0699996948242188,56.06678764831635,ALL
2016-04-14,67.1500015258789,67.47000122070312,66.58000183105469,66.66999816894531,54.025428771972656,2457500.0,-0.0127350554139358,-0.0128168413396093,0.8899993896484375,53.17459329065005,ALL
2016-04-15,66.63999938964844,67.0999984741211,66.25,66.5999984741211,53.968711853027344,2779200.0,-0.0010498189507148,-0.0010503703966088,0.8499984741210938,48.4286944007317,ALL
2016-04-18,66.48999786376953,67.33000183105469,66.30000305175781,67.30000305175781,54.535945892333984,1968900.0,0.0105104239073072,0.010455573401908,1.029998779296875,50.95113310234858,ALL
2016-04-19,67.56999969482422,67.91000366210938,67.37000274658203,67.52999877929688,54.72232055664063,1471900.0,0.0034174645961875,0.0034116383343101,0.5400009155273438,48.64864140934237,ALL
2016-04-20,67.69000244140625,67.69000244140625,66.62000274658203,66.91999816894531,54.22801971435547,1446200.0,-0.009032892561154,-0.0090739364856901,1.0699996948242188,46.91358981362916,ALL
2016-04-21,65.4000015258789,66.56999969482422,65.23999786376953,65.44999694824219,53.03681945800781,3295900.0,-0.0219665085065298,-0.0222113646528134,1.3300018310546875,32.4049537677346,ALL
2016-04-22,65.44000244140625,66.06999969482422,65.36000061035156,65.73999786376953,53.27181243896485,1743300.0,0.0044307517562038,0.0044209648738233,0.7099990844726562,37.49979869055968,ALL
2016-04-25,65.73999786376953,65.73999786376953,64.9800033569336,65.61000061035156,53.16646957397461,1529000.0,-0.0019774597515512,-0.0019794175064325,0.7599945068359375,41.973432430184005,ALL
2016-04-26,65.79000091552734,66.01000213623047,65.38999938964844,65.87000274658203,53.377174377441406,1775600.0,0.0039631144432794,0.0039552819923471,0.6200027465820312,41.36893524223311,ALL
2016-04-27,65.86000061035156,65.94999694824219,65.27999877929688,65.51000213623047,53.08544158935547,1540000.0,-0.0054654970310535,-0.0054804875051629,0.6699981689453125,43.91781895688148,ALL
2016-04-28,65.0199966430664,65.55000305175781,64.80000305175781,64.94999694824219,52.63164138793945,1482800.0,-0.0085484868888612,-0.0085852347786821,0.75,35.07101497345782,ALL
2016-04-29,64.83000183105469,65.2300033569336,64.36000061035156,65.05000305175781,52.712684631347656,2180400.0,0.0015398197979585,0.0015386354910437,0.8700027465820312,36.36351562338605,ALL
2016-05-02,65.58000183105469,65.58000183105469,65.01000213623047,65.36000061035156,52.96388626098633,2004200.0,0.0047654873090885,0.0047541683205283,0.5699996948242188,35.24732077296295,ALL
2016-05-03,64.80000305175781,65.58999633789062,64.66999816894531,65.41000366210938,53.0044174194336,1865900.0,0.0007652602803267,0.0007649676179774,0.9199981689453124,32.33361735247104,ALL
2016-05-04,64.81999969482422,65.55000305175781,64.58999633789062,65.27999877929688,52.89905548095703,2936100.0,-0.0019877954254797,-0.0019897737128616,0.9600067138671876,36.81227981162965,ALL
2016-05-05,68.08999633789062,69.23999786376953,67.05000305175781,67.87000274658203,54.99785614013672,4521600.0,0.0396755790835476,0.0389087212999876,2.1899948120117188,58.1514802854214,ALL
2016-05-06,67.5,67.55000305175781,66.58000183105469,67.0999984741211,54.37388610839844,2213600.0,-0.0113453519015065,-0.011410201366285,0.970001220703125,48.72781697669447,ALL
2016-05-09,67.0999984741211,67.6500015258789,66.87000274658203,67.20999908447266,54.463008880615234,1836100.0,0.0016390730660509,0.0016377312518139,0.779998779296875,47.93281818762369,ALL
2016-05-10,67.58000183105469,68.0,67.3499984741211,67.9800033569336,55.08698272705078,2248800.0,0.0114568375721457,0.0113917050119334,0.6500015258789062,56.70878352127411,ALL
2016-05-11,67.68000030517578,67.97000122070312,67.31999969482422,67.3499984741211,54.57646560668945,2056700.0,-0.0092674729144429,-0.0093106831149954,0.6500015258789062,63.45586700725647,ALL
2016-05-12,67.56999969482422,67.7699966430664,67.08000183105469,67.54000091552734,54.73043441772461,2517300.0,0.002821157605638,0.0028171856091851,0.6899948120117188,62.93088113649465,ALL
2016-05-13,67.6500015258789,67.77999877929688,67.27999877929688,67.37999725341797,54.60078048706055,1736100.0,-0.0023689548976442,-0.0023717653106695,0.5,62.660786970564665,ALL
2016-05-16,67.19000244140625,67.79000091552734,67.12999725341797,67.55000305175781,54.73854064941406,2019800.0,0.0025230438305943,0.0025198662990873,0.660003662109375,62.17366803068981,ALL
2016-05-17,67.51000213623047,67.70999908447266,66.88999938964844,67.0999984741211,54.37388610839844,2015400.0,-0.0066617512394263,-0.0066840397463551,0.8199996948242188,61.373257600961125,ALL
2016-05-18,66.83999633789062,67.58999633789062,66.76000213623047,67.36000061035156,54.5845832824707,2431700.0,0.0038749699378157,0.0038674815803458,0.8299942016601562,68.01189177778555,ALL
2016-05-19,66.9800033569336,67.25,66.58999633789062,66.83999633789062,54.16318130493164,2160700.0,-0.0077201647827618,-0.0077501195248571,0.660003662109375,62.587585980416726,ALL
2016-05-20,67.11000061035156,67.70999908447266,66.95999908447266,67.1500015258789,54.41440200805664,1889000.0,0.0046382191199343,0.0046274957271443,0.75,62.58770983157856,ALL
2016-05-23,67.08999633789062,67.20999908447266,66.68000030517578,66.87999725341797,54.19560241699219,1331300.0,-0.0040209867790527,-0.0040290926828427,0.529998779296875,60.02697304622017,ALL
2016-05-24,67.2699966430664,67.75,66.98999786376953,67.44000244140625,54.64939880371094,1840000.0,0.0083733064396469,0.0083384447790051,0.7600021362304688,63.91737692984319,ALL
2016-05-25,67.68000030517578,67.83000183105469,67.20999908447266,67.27999877929688,54.51974105834961,1715500.0,-0.0023725374514553,-0.0023753563779898,0.6200027465820312,44.46522899957695,ALL
2016-05-26,67.27999877929688,67.58000183105469,67.1500015258789,67.51000213623047,54.70613098144531,1229800.0,0.0034187602412898,0.0034129295658379,0.4300003051757812,54.27972506294581,ALL
2016-05-27,67.55999755859375,67.87000274658203,67.45999908447266,67.68000030517578,54.84389114379883,839800.0,0.0025181850714364,0.0025150197561955,0.410003662109375,54.84551952262077,ALL
2016-05-31,67.75,67.95999908447266,67.16999816894531,67.51000213623047,54.70613098144531,3554400.0,-0.0025118597437281,-0.0025150197561954,0.7900009155273438,44.47085510736193,ALL
2016-06-01,67.18000030517578,67.5,66.66999816894531,67.44000244140625,54.9178466796875,1498400.0,0.0038700543146432,0.0038625849195516,0.8300018310546875,55.42695314158192,ALL
2016-06-02,67.29000091552734,67.44000244140625,67.11000061035156,67.44000244140625,54.9178466796875,1153100.0,0.0,0.0,0.3300018310546875,53.13265565081879,ALL
2016-06-03,67.0199966430664,67.70999908447266,66.63999938964844,67.43000030517578,54.90972137451172,1625700.0,-0.0001479538195147,-0.0001479647657607,1.0699996948242188,55.38273393727111,ALL
2016-06-06,67.52999877929688,68.0199966430664,67.41999816894531,67.62000274658203,55.06442642211914,1959600.0,0.0028174436827361,0.0028134821275115,0.5999984741210938,55.64463802665955,ALL
2016-06-07,67.72000122070312,67.87999725341797,67.31999969482422,67.43000030517578,54.90972137451172,1484100.0,-0.0028095279958328,-0.0028134821275116,0.55999755859375,60.00912083683678,ALL
2016-06-08,67.20999908447266,67.87999725341797,67.11000061035156,67.68000030517578,55.11328887939453,1645500.0,0.0037073126540632,0.0037004575080613,0.7699966430664062,59.90231787842892,ALL
2016-06-09,67.48999786376953,67.95999908447266,67.37000274658203,67.79000091552734,55.202857971191406,1456700.0,0.0016251813966841,0.0016238622184738,0.589996337890625,72.236482043232,ALL
2016-06-10,67.16999816894531,67.86000061035156,67.12999725341797,67.45999908447266,54.93413162231445,1636600.0,-0.004867978919084,-0.0048798661219213,0.7300033569335938,61.033296513567706,ALL
2016-06-13,67.44000244140625,67.87000274658203,66.86000061035156,66.87999725341797,54.46181488037109,1761400.0,-0.0085978739991861,-0.0086350489549389,1.0100021362304688,55.10221091419533,ALL
2016-06-14,66.83000183105469,67.04000091552734,66.41999816894531,66.69000244140625,54.30710220336914,1464500.0,-0.002840755074758,-0.0028447976772996,0.6200027465820312,42.59005709548009,ALL
2016-06-15,66.75,66.94999694824219,65.80999755859375,65.87000274658203,53.63935089111328,1991000.0,-0.0122958376559159,-0.0123720568984556,1.1399993896484375,34.54265372688488,ALL
2016-06-16,65.48999786376953,66.56999969482422,65.44999694824219,66.47000122070312,54.12794876098633,1564800.0,0.0091089444923539,0.0090677082805499,1.1200027465820312,40.82254222489183,ALL
2016-06-17,66.44000244140625,66.54000091552734,66.02999877929688,66.41999816894531,54.08722305297852,1858900.0,-0.0007523970322178,-0.0007526802249227,0.5100021362304688,37.6077069172332,ALL
2016-06-20,67.05000305175781,67.29000091552734,66.55000305175781,66.56999969482422,54.20938491821289,1120200.0,0.0022586085648121,0.0022560617426163,0.7399978637695312,41.8227876081187,ALL
2016-06-21,66.83000183105469,67.0,66.56999969482422,66.80000305175781,54.39668273925781,1306200.0,0.0034550810957827,0.003449126016007,0.4300003051757812,41.3513034450451,ALL
2016-06-22,66.9000015258789,67.44000244140625,66.76000213623047,67.0199966430664,54.57583618164063,1153300.0,0.0032934626407563,0.0032880510712859,0.6800003051757812,44.64288701878847,ALL
2016-06-23,67.61000061035156,67.86000061035156,67.41999816894531,67.86000061035156,55.259864807128906,2030600.0,0.0125335436586198,0.0124556489891636,0.44000244140625,54.5261337030981,ALL
2016-06-24,65.58000183105469,66.9800033569336,65.31999969482422,66.26000213623047,53.956939697265625,3908800.0,-0.0235781450861456,-0.023860557557487,1.660003662109375,38.960985629406416,ALL
2016-06-27,65.73999786376953,66.29000091552734,65.2699966430664,66.05999755859375,53.79407501220703,3104100.0,-0.0030184196133504,-0.0030229842294302,1.0200042724609375,38.89771288178107,ALL
2016-06-28,66.6500015258789,67.73999786376953,66.33000183105469,67.7300033569336,55.15399932861328,3001500.0,0.0252801877548345,0.024965929143155,1.4099960327148438,50.32933229974672,ALL
2016-06-29,67.98999786376953,68.52999877929688,67.52999877929688,68.47000122070312,55.756591796875,3098300.0,0.0109256350508946,0.01086638149805,1.0,54.136182464122776,ALL
2016-06-30,68.54000091552734,69.94999694824219,68.5199966430664,69.94999694824219,56.961795806884766,2638000.0,0.0216154533691801,0.0213851522556742,1.4300003051757812,63.28699856916171,ALL
2016-07-01,69.94999694824219,69.94999694824219,69.4800033569336,69.55999755859375,56.64421844482422,1971600.0,-0.0055752694865381,-0.00559086931063,0.4699935913085937,64.59700703488673,ALL
2016-07-05,69.29000091552734,69.75,69.04000091552734,69.30999755859375,56.44062423706055,2234900.0,-0.0035942628101045,-0.0036007376922867,0.7099990844726562,64.17735881197036,ALL
2016-07-06,69.12000274658203,69.68000030517578,69.05000305175781,69.45999908447266,56.56278610229492,2210300.0,0.0021644315045361,0.00216209249714,0.6299972534179688,70.9450857715394,ALL
2016-07-07,69.44999694824219,69.7699966430664,68.79000091552734,68.94000244140625,56.13932418823242,1928200.0,-0.0074865816067946,-0.0075147467205404,0.9799957275390624,64.54635843074682,ALL
2016-07-08,69.68000030517578,69.69000244140625,69.05999755859375,69.66000366210938,56.72565078735352,1675600.0,0.0104441335480842,0.0103899703837676,0.6300048828125,67.68555244849658,ALL
2016-07-11,69.66000366210938,70.12000274658203,69.51000213623047,69.94000244140625,56.95366287231445,1698200.0,0.0040195587321805,0.0040115018887336,0.6100006103515625,68.13769191670633,ALL
2016-07-12,70.25,70.37999725341797,69.58000183105469,69.5999984741211,56.67678451538086,2316900.0,-0.0048614670763903,-0.0048733224460571,0.7999954223632812,64.89346592678788,ALL
2016-07-13,69.70999908447266,69.75,69.22000122070312,69.27999877929688,56.41620635986328,2002600.0,-0.0045976171327585,-0.0046082186814633,0.529998779296875,61.894643931399685,ALL
2016-07-14,69.62000274658203,69.91999816894531,69.25,69.30999755859375,56.44062423706055,1454400.0,0.0004328167165568,0.0004327230784195,0.6699981689453125,58.34279840027341,ALL
2016-07-15,69.45999908447266,69.69999694824219,69.3499984741211,69.48999786376953,56.58721160888672,1490000.0,0.0025971961474147,0.002593829261882,0.3499984741210937,72.21445416704253,ALL
2016-07-18,69.58999633789062,69.75,69.27999877929688,69.3499984741211,56.47319793701172,1280400.0,-0.002014831065772,-0.0020168635684424,0.470001220703125,72.81529743349182,ALL
2016-07-19,69.05999755859375,69.22000122070312,68.97000122070312,69.12000274658203,56.285892486572266,869400.0,-0.0033167140746724,-0.0033222265630725,0.25,62.04471888931016,ALL
2016-07-20,69.2699966430664,69.30000305175781,68.98999786376953,69.0999984741211,56.26961135864258,865400.0,-0.0002892577022487,-0.000289299545327,0.3100051879882812,56.237471487633584,ALL
2016-07-21,69.06999969482422,69.12000274658203,68.80000305175781,68.88999938964844,56.09861373901367,1041300.0,-0.003038898181454,-0.0030435250085479,0.3199996948242187,35.9790812090268,ALL
2016-07-22,69.06999969482422,69.30999755859375,68.9800033569336,69.19999694824219,56.35103988647461,1185600.0,0.0044996860106969,0.0044895926901222,0.3299942016601562,45.13484188790038,ALL
2016-07-25,69.16000366210938,69.30000305175781,69.0,69.22000122070312,56.3673210144043,1011700.0,0.0002889232916107,0.0002888815613142,0.3000030517578125,48.70293271125943,ALL
2016-07-26,69.2699966430664,69.5,68.86000061035156,69.04000091552734,56.22076797485352,905700.0,-0.0025999646056147,-0.0026033503834649,0.6399993896484375,43.99993575518453,ALL
2016-07-27,68.94000244140625,69.16999816894531,68.69999694824219,68.86000061035156,56.07417678833008,1321600.0,-0.0026074205636787,-0.0026108258052292,0.470001220703125,48.734141561487306,ALL
2016-07-28,68.83999633789062,69.37000274658203,68.63999938964844,69.16999816894531,56.32661819458008,903600.0,0.0045019190777051,0.0044918157515697,0.7300033569335938,41.09049530182117,ALL
2016-07-29,68.91000366210938,68.9800033569336,68.0999984741211,68.33000183105469,55.64259719848633,2614600.0,-0.0121438321351159,-0.012218170916058,0.8800048828125,25.67933244265302,ALL
2016-08-01,68.44000244140625,68.56999969482422,68.02999877929688,68.38999938964844,55.69145584106445,1728900.0,0.0008780798351994,0.000877694548626,0.5400009155273438,30.03268388162064,ALL
2016-08-02,68.33000183105469,68.55000305175781,68.02999877929688,68.11000061035156,55.46345138549805,1344400.0,-0.0040940652766754,-0.0041024689064352,0.5200042724609375,30.4344760702093,ALL
2016-08-03,68.27999877929688,68.70999908447266,68.18000030517578,68.62999725341797,55.88688659667969,2032700.0,0.0076344908332255,0.0076054955905188,0.529998779296875,40.229759726894464,ALL
2016-08-04,67.98999786376953,69.23999786376953,67.98999786376953,68.62000274658203,55.87874603271485,2149800.0,-0.0001456614325929,-0.0001456720422497,1.25,36.85763618608215,ALL
2016-08-05,68.72000122070312,68.97000122070312,68.5,68.83999633789062,56.057891845703125,1620200.0,0.0032059741083558,0.0032008459309768,0.470001220703125,42.47765475841708,ALL
2016-08-08,68.83999633789062,69.18000030517578,68.70999908447266,69.16999816894531,56.32661819458008,2194500.0,0.0047937291258939,0.0047822757946214,0.470001220703125,50.71652160840175,ALL
2016-08-09,69.16999816894531,69.5,69.0,69.37000274658203,56.489505767822266,1053100.0,0.0028918401008826,0.0028876667750894,0.5,53.67899721732916,ALL
2016-08-10,69.37000274658203,69.47000122070312,69.16000366210938,69.41999816894531,56.53020858764648,941800.0,0.000720537722378,0.0007202782597009,0.30999755859375,57.55007580772591,ALL
2016-08-11,69.41999816894531,69.51000213623047,69.04000091552734,69.11000061035156,56.27775573730469,1796700.0,-0.0044658043309777,-0.0044758058227169,0.470001220703125,48.71802058267301,ALL
2016-08-12,69.05999755859375,69.25,68.83999633789062,69.12999725341797,56.294044494628906,903100.0,0.0002894350904867,0.0002893932122314,0.410003662109375,48.71815746730496,ALL
2016-08-15,69.12999725341797,69.44999694824219,69.01000213623047,69.38999938964844,56.50577163696289,1537700.0,0.0037610931002511,0.0037540378743044,0.4399948120117187,54.87448424887576,ALL
2016-08-16,68.91000366210938,69.47000122070312,68.91000366210938,68.94999694824219,56.14746856689453,1436800.0,-0.0063409995065704,-0.0063611890370625,0.55999755859375,51.168877310773055,ALL
2016-08-17,68.94999694824219,69.16000366210938,68.66000366210938,69.12000274658203,56.285892486572266,2091700.0,0.0024653635009888,0.0024623294780159,0.5,49.32598286799466,ALL
2016-08-18,69.16000366210938,69.55000305175781,69.06999969482422,69.44000244140625,56.54648208618164,1657000.0,0.0046297498022536,0.0046190654751204,0.4800033569335937,67.39788066399615,ALL
2016-08-19,69.12999725341797,69.41999816894531,69.02999877929688,69.16999816894531,56.32661819458008,1269400.0,-0.0038881975233484,-0.0038957762146831,0.3899993896484375,61.47044072990218,ALL
2016-08-22,69.04000091552734,69.05000305175781,68.77999877929688,68.87000274658203,56.08232116699219,1171400.0,-0.004337150629991,-0.0043465833517553,0.2700042724609375,61.11082955399996,ALL
2016-08-23,68.91000366210938,69.13999938964844,68.36000061035156,68.36000061035156,55.6670150756836,1716200.0,-0.0074052942650494,-0.0074328495777071,0.779998779296875,46.040998109724015,ALL
2016-08-24,68.30999755859375,68.44999694824219,68.16000366210938,68.26000213623047,55.58559036254883,1004500.0,-0.0014627102427545,-0.0014637810476939,0.2899932861328125,44.857170008043774,ALL
2016-08-25,68.22000122070312,68.68000030517578,68.12000274658203,68.54000091552734,55.81361389160156,1145100.0,0.0041022057616997,0.0040938146558449,0.55999755859375,45.786883520185256,ALL
2016-08-26,68.7300033569336,68.87999725341797,68.06999969482422,68.31999969482422,55.63444900512695,1427700.0,-0.0032100570807432,-0.0032152203665631,0.80999755859375,37.68143688508335,ALL
2016-08-29,68.2699966430664,68.91999816894531,68.13999938964844,68.73999786376953,56.248138427734375,1647000.0,0.0110307450434328,0.0109703501035725,0.779998779296875,46.2983395678032,ALL
2016-08-30,68.73999786376953,69.2300033569336,68.73999786376953,69.16999816894531,56.60000228881836,1439200.0,0.0062555645559017,0.0062360797287884,0.4900054931640625,50.97711450013148,ALL
2016-08-31,69.19000244140625,69.23999786376953,68.48999786376953,68.95999908447266,56.42818069458008,2133000.0,-0.0030357170899306,-0.0030403342256352,0.75,52.15459917013536,ALL
2016-09-01,68.97000122070312,69.08000183105469,68.31999969482422,68.66000366210938,56.18269729614258,1699000.0,-0.0043503688301805,-0.004359859219123,0.7600021362304688,48.50339068737688,ALL
2016-09-02,68.8499984741211,69.25,68.5199966430664,68.94999694824219,56.41998672485352,1507300.0,0.0042235321572436,0.0042146380794567,0.7300033569335938,48.85484054948109,ALL
2016-09-06,68.69999694824219,69.30999755859375,68.5999984741211,69.30999755859375,56.71456909179688,1809000.0,0.0052212413373999,0.005207657917874,0.7099990844726562,57.70135354674014,ALL
2016-09-07,69.05000305175781,69.4800033569336,68.94000244140625,69.44000244140625,56.82094955444336,1627500.0,0.0018757166694556,0.0018739597096397,0.5400009155273438,57.329990133449286,ALL
2016-09-08,69.29000091552734,69.37999725341797,69.05999755859375,69.22000122070312,56.64092254638672,1382500.0,-0.0031683210060428,-0.0031733507617717,0.3199996948242187,51.32298543577773,ALL
2016-09-09,68.80999755859375,68.9000015258789,67.95999908447266,67.95999908447266,55.60989761352539,1816200.0,-0.0182028273288973,-0.0183705371024997,0.94000244140625,41.81896559231553,ALL
2016-09-12,67.95999908447266,68.69999694824219,67.68000030517578,68.4800033569336,56.03539657592773,1956600.0,0.0076514969576,0.0076223727230726,1.0199966430664062,49.48565426567009,ALL
2016-09-13,67.93000030517578,68.27999877929688,67.72000122070312,67.91999816894531,55.57715225219727,1924600.0,-0.0081777653364072,-0.0082113866831404,0.55999755859375,49.024188784695205,ALL
2016-09-14,67.9000015258789,68.05000305175781,67.29000091552734,67.38999938964844,55.14348983764648,1717800.0,-0.0078028901621826,-0.0078334920020983,0.7600021362304688,45.54042530922337,ALL
2016-09-15,67.36000061035156,68.05000305175781,67.2699966430664,67.81999969482422,55.49534606933594,1753200.0,0.0063807392808361,0.0063604685464374,0.7800064086914062,46.867806037634985,ALL
2016-09-16,67.55999755859375,67.7699966430664,67.23999786376953,67.41000366210938,55.159854888916016,2314200.0,-0.0060453930677494,-0.0060637404385058,0.529998779296875,45.4687629750602,ALL
2016-09-19,67.58000183105469,67.9000015258789,67.31999969482422,67.45999908447266,55.20075225830078,1139500.0,0.0007414335927302,0.0007411588666297,0.5800018310546875,38.77188649122578,ALL
2016-09-20,67.83999633789062,68.16999816894531,67.7300033569336,67.87000274658203,55.5362548828125,1423400.0,0.0060778632679099,0.006059467557071,0.4399948120117187,38.55634886566868,ALL
2016-09-21,67.97000122070312,68.70999908447266,67.97000122070312,68.66000366210938,56.18269729614258,1393400.0,0.0116400073194373,0.0115727835878351,0.7399978637695312,47.60381649714552,ALL
2016-09-22,68.83999633789062,69.05999755859375,68.7300033569336,68.94000244140625,56.41180419921875,1407000.0,0.0040778907760254,0.0040695987145383,0.3299942016601562,52.24350377920508,ALL
2016-09-23,68.55999755859375,68.93000030517578,68.33999633789062,68.48999786376953,56.043582916259766,1297200.0,-0.0065273800082444,-0.0065487765126975,0.5900039672851562,46.40626092631866,ALL
2016-09-26,68.25,68.62000274658203,68.12000274658203,68.38999938964844,55.961761474609375,1861000.0,-0.001459960933844,-0.0014610277152407,0.5,42.50815074203253,ALL
2016-09-27,68.33000183105469,69.08999633789062,68.2699966430664,68.9800033569336,56.44454193115234,1747900.0,0.0086269703422756,0.0085899706780206,0.8199996948242188,46.51511694681673,ALL
2016-09-28,69.0,69.13999938964844,68.61000061035156,69.0999984741211,56.542724609375,1506400.0,0.0017394538933883,0.0017379427955343,0.529998779296875,49.07686724417152,ALL
2016-09-29,68.77999877929688,69.29000091552734,68.43000030517578,68.63999938964844,56.16631317138672,2317900.0,-0.0066571153156965,-0.006679372743028,0.8600006103515625,55.96485072435676,ALL
2016-09-30,68.83000183105469,69.37999725341797,68.81999969482422,69.18000030517578,56.608184814453125,2867200.0,0.0078672004288062,0.0078364153636192,0.55999755859375,56.11888867064458,ALL
2016-10-03,68.9000015258789,69.05999755859375,68.29000091552734,68.4000015258789,55.96994400024414,2295200.0,-0.0112747090601998,-0.0113387504124829,0.7699966430664062,54.04066089653627,ALL
2016-10-04,68.16999816894531,68.2699966430664,67.12000274658203,67.83999633789062,55.51169967651367,3655300.0,-0.0081873286085201,-0.0082210288527591,1.149993896484375,53.76872571435717,ALL
2016-10-05,68.12000274658203,68.43000030517578,67.69999694824219,67.80999755859375,55.48714828491211,1751600.0,-0.0004422741826431,-0.0004423720147163,0.7300033569335938,49.91006795330732,ALL
2016-10-06,67.86000061035156,67.93000030517578,67.18000030517578,67.7699966430664,55.45441818237305,2587400.0,-0.0005898681685893,-0.0005900422092615,0.75,53.461374329402986,ALL
2016-10-07,67.97000122070312,69.05000305175781,67.91000366210938,68.43000030517578,55.99448013305664,2319500.0,0.0097388444128561,0.0096917275299496,1.1399993896484375,58.34770279801361,ALL
2016-10-10,68.79000091552734,68.95999908447266,68.44000244140625,68.48999786376953,56.043582916259766,1172200.0,0.0008769218516975,0.0008765375803647,0.5199966430664062,55.67764316738658,ALL
2016-10-11,68.30999755859375,68.47000122070312,67.88999938964844,68.19999694824219,55.80628967285156,1723900.0,-0.004234084101346,-0.0042430732181923,0.5800018310546875,45.36286248417444,ALL
2016-10-12,68.27999877929688,69.12999725341797,68.16000366210938,69.04000091552734,56.49363708496094,1712100.0,0.0123166656686684,0.0122414326587094,0.9699935913085938,50.905860136411086,ALL
2016-10-13,68.41000366210938,69.2300033569336,68.27999877929688,69.08999633789062,56.534549713134766,1899500.0,0.0007241988706143,0.0007239367651489,0.9500045776367188,55.85941839226563,ALL
2016-10-14,69.47000122070312,69.81999969482422,69.33000183105469,69.33000183105469,56.730934143066406,2324300.0,0.0034737064490319,0.0034676870664692,0.4899978637695312,58.935316733699786,ALL
2016-10-17,69.33999633789062,69.58999633789062,69.20999908447266,69.33999633789062,56.739105224609375,1188200.0,0.0001440322051169,0.0001440218334747,0.3799972534179687,53.845969944674856,ALL
2016-10-18,69.86000061035156,69.94000244140625,69.19000244140625,69.29000091552734,56.69820022583008,1301200.0,-0.0007209313332906,-0.0007211913292513,0.75,52.06079280631268,ALL
2016-10-19,69.37999725341797,69.4800033569336,68.80000305175781,69.43000030517578,56.81275939941406,1528600.0,0.0020205081136208,0.0020184696324855,0.6800003051757812,59.20764944187502,ALL
2016-10-20,68.95999908447266,69.12000274658203,68.19999694824219,68.2300033569336,55.83082962036133,2370400.0,-0.0172836135655621,-0.0174347188423931,0.9200057983398438,40.40405086848051,ALL
2016-10-21,67.81999969482422,67.9800033569336,67.2300033569336,67.55000305175781,55.27439498901367,2279000.0,-0.0099664403185713,-0.0100164377599385,0.75,41.23690827719849,ALL
2016-10-24,67.91000366210938,68.12999725341797,67.62999725341797,67.72000122070312,55.413516998291016,967100.0,0.0025169340940773,0.0025137719203376,0.5,48.6548496073988,ALL
2016-10-25,67.72000122070312,67.87999725341797,67.4000015258789,67.61000061035156,55.32349395751953,1114100.0,-0.0016245682578541,-0.0016258892998088,0.4799957275390625,47.79737107733255,ALL
2016-10-26,67.48999786376953,68.13999938964844,67.36000061035156,67.94000244140625,55.59352111816406,1437500.0,0.0048808768450501,0.0048690039833062,0.779998779296875,51.75978341127246,ALL
2016-10-27,68.12000274658203,68.13999938964844,67.58000183105469,67.58999633789062,55.30714416503906,1366600.0,-0.0051512648841994,-0.005164578389763,0.55999755859375,40.70813345806306,ALL
2016-10-28,67.76000213623047,68.2699966430664,67.08000183105469,67.52999877929688,55.25802993774414,2435200.0,-0.0008880268188927,-0.000888421348294,1.1899948120117188,39.38040319070594,ALL
2016-10-31,67.76000213623047,68.11000061035156,67.52999877929688,67.9000015258789,55.5608024597168,2271100.0,0.0054792493021154,0.0054642928242985,0.5800018310546875,46.739080863984206,ALL
2016-11-01,67.8499984741211,67.86000061035156,66.81999969482422,67.20999908447266,54.996185302734375,2763700.0,-0.0101621490688833,-0.0102141362063127,1.0400009155273438,29.438232145139423,ALL
2016-11-02,66.91999816894531,67.58999633789062,66.91000366210938,67.33999633789062,55.1025619506836,2867900.0,0.0019342550281198,0.0019323867656057,0.67999267578125,30.68438509486809,ALL
2016-11-03,67.97000122070312,68.98999786376953,67.41000366210938,68.08999633789062,55.716251373291016,4516200.0,0.0111372212267855,0.0110756590444984,1.5799942016601562,37.69818696102998,ALL
2016-11-04,68.0,68.01000213623047,66.6500015258789,66.72000122070312,54.59524154663086,2981100.0,-0.0201199793422847,-0.020325142712717,1.3600006103515625,29.53140103304325,ALL
2016-11-07,67.41000366210938,67.52999877929688,66.55000305175781,66.86000061035156,54.70979690551758,3430600.0,0.0020982663624424,0.0020960680761017,0.9799957275390624,31.278948154788598,ALL
2016-11-08,66.66000366210938,67.73999786376953,66.66000366210938,67.58000183105469,55.2989501953125,2373900.0,0.0107686981695869,0.0107111286697226,1.0799942016601562,36.916539844226,ALL
2016-11-09,67.6500015258789,68.51000213623047,67.29000091552734,68.16999816894531,55.781734466552734,3230800.0,0.0087304418896754,0.0086925519527745,1.220001220703125,49.53561645021895,ALL
2016-11-10,68.91999816894531,69.45999908447266,68.12999725341797,69.44999694824219,56.82912826538086,3288200.0,0.0187766445207284,0.0186025393616985,1.3300018310546875,63.45619746303841,ALL
2016-11-11,69.31999969482422,69.75,68.91999816894531,69.63999938964844,56.98460388183594,2270000.0,0.0027358437688687,0.002732108160115,0.8300018310546875,63.5593538408254,ALL
2016-11-14,69.76000213623047,70.87000274658203,69.5999984741211,70.69000244140625,57.84380340576172,2673100.0,0.015077748468822,0.0149652090368325,1.2700042724609375,69.20222375680973,ALL
2016-11-15,70.45999908447266,71.41000366210938,70.31999969482422,71.30000305175781,58.34292984008789,3334400.0,0.0086288661003999,0.0085918502196137,1.0900039672851562,70.24111022928136,ALL
2016-11-16,71.0,71.08000183105469,70.0999984741211,70.72000122070312,57.86832809448242,2453700.0,-0.0081346916739749,-0.0081679588130695,0.9800033569335938,68.34693187140624,ALL
2016-11-17,70.62000274658203,71.79000091552734,70.47000122070312,71.77999877929688,58.73568344116211,2792300.0,0.0149884293402005,0.0148772127639468,1.3199996948242188,72.29805090234552,ALL
2016-11-18,71.80000305175781,72.19999694824219,71.41000366210938,72.0199966430664,58.93208312988281,2998300.0,0.0033437882597797,0.0033382102308563,0.7899932861328125,71.91494701050367,ALL
2016-11-21,72.05999755859375,72.38999938964844,71.7300033569336,72.18000030517578,59.06300354003906,2651400.0,0.0022215472999267,0.0022190833122924,0.6599960327148438,78.01594826589414,ALL
2016-11-22,72.19000244140625,72.68000030517578,71.91999816894531,72.37000274658203,59.21848678588867,3863800.0,0.0026324981211665,0.0026290391671177,0.7600021362304688,78.16368880594091,ALL
2016-11-23,72.45999908447266,72.72000122070312,72.13999938964844,72.4000015258789,59.24303817749024,1852800.0,0.0004145899858998,0.0004145040672181,0.5800018310546875,76.24874651209541,ALL
2016-11-25,72.37999725341797,72.58000183105469,72.12999725341797,72.37999725341797,59.2266731262207,1970600.0,-0.0002762358544223,-0.0002762740145736,0.4500045776367187,91.25361023710327,ALL
2016-11-28,71.9800033569336,72.22000122070312,71.87999725341797,72.04000091552734,59.21844100952149,2040800.0,-0.0001389934005184,-0.0001390030609963,0.3400039672851562,90.93526216406052,ALL
2016-11-29,71.29000091552734,71.63999938964844,69.04000091552734,69.62999725341797,57.23737716674805,6665400.0,-0.0334534953808547,-0.03402586496866,2.5999984741210938,64.048705045399,ALL
2016-11-30,70.08000183105469,70.58000183105469,69.4800033569336,69.91999816894531,57.47575759887695,5911900.0,0.0041647686167456,0.004156119972682,1.0999984741210938,62.72830978245289,ALL
2016-12-01,69.94999694824219,70.37999725341797,69.76000213623047,70.3499984741211,57.829227447509766,2329000.0,0.0061498945537992,0.0061310611285642,0.6199951171875,58.38921449791428,ALL
2016-12-02,70.43000030517578,70.77999877929688,70.26000213623047,70.61000061035156,58.0429573059082,1903300.0,0.0036958795375994,0.0036890665563,0.5199966430664062,58.7919480952432,ALL
2016-12-05,70.83999633789062,70.94999694824219,70.22000122070312,70.36000061035156,57.83744812011719,2771600.0,-0.0035406394734145,-0.0035469223720582,0.7299957275390625,49.94077295208084,ALL
2016-12-06,70.58000183105469,70.97000122070312,70.44999694824219,70.94999694824219,58.32244110107422,2285600.0,0.0083854491634864,0.0083504865998783,0.5200042724609375,49.80855421540734,ALL
2016-12-07,71.12999725341797,71.75,70.7300033569336,71.6500015258789,58.89787292480469,1827400.0,0.0098663878408866,0.0098180328357224,1.0199966430664062,59.44209927517824,ALL
2016-12-08,71.7699966430664,71.9800033569336,71.16999816894531,71.66999816894531,58.91431427001953,1986100.0,0.0002791500677084,0.0002791111125776,0.8100051879882812,51.94122958220471,ALL
2016-12-09,71.7699966430664,72.5,71.51000213623047,72.47000122070312,59.57191848754883,2168600.0,0.0111620448388032,0.0111002089342556,0.9899978637695312,56.31976633341344,ALL
2016-12-12,72.44000244140625,72.94999694824219,72.30000305175781,72.81999969482422,59.85960388183594,1982100.0,0.0048292115075534,0.004817588271351,0.649993896484375,57.63182015533791,ALL
2016-12-13,72.6500015258789,73.12999725341797,72.54000091552734,72.93000030517578,59.95004653930664,2613300.0,0.0015109130633279,0.0015097727826176,0.589996337890625,57.09714713736727,ALL
2016-12-14,72.91999816894531,73.33000183105469,72.41999816894531,72.61000061035156,59.68700408935547,2195000.0,-0.0043876938407163,-0.0043973480194063,0.910003662109375,54.11659591265592,ALL
2016-12-15,72.66000366210938,73.75,72.43000030517578,73.54000091552734,60.45146179199219,2080200.0,0.0128077747291901,0.0127264488486801,1.3199996948242188,59.97306315311448,ALL
2016-12-16,73.77999877929688,74.16000366210938,73.54000091552734,74.11000061035156,60.92002868652344,3313400.0,0.007751125955292,0.00772124031076,0.6200027465820312,62.88921701490719,ALL
2016-12-19,74.23999786376953,74.56999969482422,74.16999816894531,74.37000274658203,61.13374710083008,1876900.0,0.0035081798041556,0.0035020404957285,0.4000015258789062,90.30610875834408,ALL
2016-12-20,74.58999633789062,74.72000122070312,74.30999755859375,74.4800033569336,61.22417449951172,1669200.0,0.0014791731730838,0.0014780802740377,0.410003662109375,90.00000814145949,ALL
2016-12-21,74.4800033569336,74.66000366210938,74.30999755859375,74.44000244140625,61.19131851196289,1062500.0,-0.000536650560296,-0.000536794608746,0.350006103515625,88.51275176231435,ALL
2016-12-22,74.41999816894531,74.6500015258789,74.06999969482422,74.4800033569336,61.22417449951172,1716000.0,0.000536938708755,0.0005367946087461,0.5800018310546875,88.01616310439553,ALL
2016-12-23,74.4800033569336,74.7699966430664,74.31999969482422,74.58000183105469,61.30636596679688,1087600.0,0.0013424675458191,0.0013415672419257,0.4499969482421875,92.71314392217134,ALL
2016-12-27,74.58000183105469,74.6500015258789,74.30999755859375,74.51000213623047,61.24884796142578,1217600.0,-0.0009382060812779,-0.0009386464720764,0.3400039672851562,90.27269138374167,ALL
2016-12-28,74.66000366210938,74.69999694824219,74.20999908447266,74.3499984741211,61.11732482910156,1624700.0,-0.0021473568352999,-0.0021496657119024,0.4899978637695312,84.79494392773744,ALL
2016-12-29,74.37999725341797,74.56999969482422,74.19999694824219,74.27999877929688,61.05979537963867,1190100.0,-0.0009412952812276,-0.0009417385778347,0.3700027465820312,83.20747253006769,ALL
2016-12-30,74.54000091552734,74.55999755859375,73.93000030517578,74.12000274658203,60.92827606201172,1709600.0,-0.0021539429801431,-0.002156266051766,0.6299972534179688,75.07747646083845,ALL
2017-01-03,74.0,74.55999755859375,73.54000091552734,74.16999816894531,60.96935272216797,2019800.0,0.0006741805744583,0.0006739534168259,1.0199966430664062,72.57674482133476,ALL
2017-01-04,74.37999725341797,74.94999694824219,74.20999908447266,74.37000274658203,61.13374710083008,1948400.0,0.00269634449641,0.00269271588079,0.7399978637695312,73.37779358229452,ALL
2017-01-05,74.18000030517578,74.44000244140625,73.80000305175781,74.02999877929688,60.85426712036133,1741800.0,-0.004571615412479,-0.0045820972042328,0.6399993896484375,72.90444374248646,ALL
2017-01-06,73.68000030517578,74.45999908447266,73.4800033569336,74.1500015258789,60.95291519165039,1614700.0,0.0016210542983607,0.0016197418080622,0.9799957275390624,63.32019414917861,ALL
2017-01-09,73.94999694824219,74.05000305175781,73.04000091552734,73.08999633789062,60.08159255981445,1801900.0,-0.0142950116347395,-0.0143981695897961,1.0100021362304688,31.65396525963469,ALL
2017-01-10,73.27999877929688,74.30000305175781,73.26000213623047,73.75,60.62409210205078,2350000.0,0.0090293801998713,0.0089888590841887,1.0400009155273438,40.250845369912334,ALL
2017-01-11,73.94000244140625,74.26000213623047,73.58999633789062,73.94000244140625,60.7802848815918,1738500.0,0.0025764143284503,0.0025731010627311,0.6700057983398438,41.71726389187455,ALL
2017-01-12,73.55999755859375,73.79000091552734,73.12999725341797,73.68000030517578,60.56656646728516,1110500.0,-0.0035162456826746,-0.0035224422044513,0.660003662109375,39.079555380707085,ALL
2017-01-13,73.91000366210938,74.3499984741211,73.80000305175781,73.88999938964844,60.73919677734375,1220200.0,0.0028502574956403,0.0028462032137491,0.5499954223632812,41.91769570347465,ALL
2017-01-17,73.61000061035156,73.88999938964844,73.38999938964844,73.8499984741211,60.706302642822266,1180000.0,-0.0005415635416132,-0.0005417102401148,0.5,39.83269840079719,ALL
2017-01-18,74.0,74.83000183105469,73.91999816894531,74.5199966430664,61.25707244873047,1795800.0,0.0090726956169406,0.0090317859684083,0.910003662109375,50.11939624045827,ALL
2017-01-19,74.66000366210938,74.77999877929688,73.9000015258789,74.22000122070312,61.010440826416016,1282100.0,-0.0040261738352068,-0.0040343006938474,0.8799972534179688,48.49852794756128,ALL
2017-01-20,74.37000274658203,74.95999908447266,74.37000274658203,74.54000091552734,61.27349090576172,1528400.0,0.0043115584116844,0.0043022902742432,0.589996337890625,52.83805185185937,ALL
2017-01-23,74.58999633789062,74.6500015258789,73.95999908447266,74.1500015258789,60.95291519165039,1232700.0,-0.0052318826522284,-0.0052456168751108,0.69000244140625,50.31158133194145,ALL
2017-01-24,74.23999786376953,74.66000366210938,73.97000122070312,74.47000122070312,61.2159538269043,1075500.0,0.0043154397853957,0.0043061549775603,0.69000244140625,52.95270825168796,ALL
2017-01-25,74.7699966430664,75.52999877929688,74.73999786376953,75.38999938964844,61.97222137451172,1769100.0,0.0123540923620313,0.0122784033051404,0.7900009155273438,58.79324291563088,ALL
2017-01-26,75.41999816894531,75.8499984741211,75.20999908447266,75.80999755859375,62.31745529174805,1574900.0,0.0055707849352373,0.0055553255003899,0.6399993896484375,65.13599133746786,ALL
2017-01-27,75.29000091552734,75.80999755859375,75.22000122070312,75.58999633789062,62.13664245605469,1275500.0,-0.0029014797675364,-0.0029056972198343,0.589996337890625,62.04042355880976,ALL
2017-01-30,75.48999786376953,75.66999816894531,75.12999725341797,75.61000061035156,62.15306091308594,1748100.0,0.0002642314805287,0.0002641965775393,0.5400009155273438,75.50608409417791,ALL
2017-01-31,75.2699966430664,75.58000183105469,74.73999786376953,75.20999908447266,61.82423782348633,2041900.0,-0.005290537340702,-0.0053045817904032,0.8400039672851562,65.59823021310231,ALL
2017-02-01,75.56999969482422,75.97000122070312,75.0,75.23999786376953,61.848899841308594,2411700.0,0.000398905327271,0.0003988257856933,0.970001220703125,64.380397185635,ALL
2017-02-02,76.73999786376953,78.12000274658203,76.37999725341797,77.4000015258789,63.62447738647461,3883200.0,0.0287083125119731,0.0283039497209873,1.7400054931640625,78.97183460010767,ALL
2017-02-03,77.91999816894531,78.0,77.29000091552734,77.4800033569336,63.690242767333984,2109700.0,0.0010336490539621,0.001033115206621,0.7099990844726562,78.53722201441471,ALL
2017-02-06,77.43000030517578,78.22000122070312,76.97000122070312,78.08000183105469,64.18346405029297,2348300.0,0.0077440634786205,0.0077142321306279,1.25,80.87600171533907,ALL
2017-02-07,78.5,78.68000030517578,78.06999969482422,78.12000274658203,64.21633911132812,1764900.0,0.000512204529961,0.0005120733979964,0.6100006103515625,78.9389180276499,ALL
2017-02-08,78.0999984741211,78.19000244140625,77.80000305175781,77.98999786376953,64.1094970703125,1496600.0,-0.0016637828081479,-0.0016651684318955,0.3899993896484375,81.1577950195024,ALL
2017-02-09,77.98999786376953,78.38999938964844,77.7300033569336,78.3499984741211,64.4053955078125,1912700.0,0.0046155164370649,0.0046048976028073,0.6599960327148438,81.2814334570859,ALL
2017-02-10,78.55000305175781,79.30999755859375,78.12999725341797,78.87999725341797,64.84107971191406,1636700.0,0.0067647159165216,0.006741937892679,1.1800003051757812,87.96204908709387,ALL
2017-02-13,78.94999694824219,79.63999938964844,78.80999755859375,79.61000061035156,65.44115447998047,1427500.0,0.0092545462033097,0.0092119852771163,0.8300018310546875,88.70538144829933,ALL
2017-02-14,79.72000122070312,79.81999969482422,79.0999984741211,79.80000305175781,65.59732055664062,1798000.0,0.0023863588272716,0.002383515994826,0.720001220703125,87.31018994746802,ALL
2017-02-15,80.0,80.72000122070312,79.58999633789062,80.70999908447266,66.34536743164062,1820200.0,0.0114036193651247,0.0113390882267757,1.1300048828125,88.2818204560204,ALL
2017-02-16,80.62000274658203,80.81999969482422,80.4000015258789,80.80000305175781,66.41934967041016,1779000.0,0.0011151078309388,0.0011144865600146,0.4199981689453125,91.5471097624158,ALL
2017-02-17,80.47000122070312,80.4800033569336,80.08000183105469,80.44000244140625,66.12344360351562,1920300.0,-0.0044551184009312,-0.0044650720149354,0.4000015258789062,86.53597460203346,ALL
2017-02-21,80.55999755859375,80.80000305175781,80.30999755859375,80.62000274658203,66.27139282226562,2436700.0,0.0022374699605349,0.0022349705521626,0.4900054931640625,92.33247951452158,ALL
2017-02-22,80.12999725341797,80.77999877929688,80.05999755859375,80.58000183105469,66.23853302001953,2438500.0,-0.0004958369040805,-0.0004959598718478,0.720001220703125,91.719817272134,ALL
2017-02-23,80.4000015258789,80.9000015258789,80.30999755859375,80.55000305175781,66.2138671875,3190200.0,-0.000372378906883,-0.000372448257125,0.5900039672851562,86.88655365831657,ALL
2017-02-24,80.18000030517578,80.91000366210938,79.88999938964844,80.91000366210938,66.81668853759766,1973300.0,0.0091041556052091,0.0090629626100906,1.0200042724609375,88.6267726777862,ALL
2017-02-27,80.94000244140625,81.51000213623047,80.83999633789062,81.33999633789062,67.17180633544922,2103000.0,0.0053148069086323,0.0053007331665188,0.6700057983398438,88.22494954581474,ALL
2017-02-28,81.29000091552734,82.29000091552734,81.0,82.16000366210938,67.84899139404297,2550500.0,0.0100813882421437,0.0100309100245435,1.2900009155273438,89.89120253620578,ALL
2017-03-01,82.5199966430664,82.83000183105469,82.0999984741211,82.69000244140625,68.2866439819336,2721300.0,0.0064503919498064,0.0064296772027597,0.7300033569335938,92.76349395538908,ALL
2017-03-02,82.88999938964844,83.05000305175781,81.73999786376953,81.75,67.5103988647461,2628200.0,-0.0113674515530866,-0.0114325548732714,1.3100051879882812,78.94105817381745,ALL
2017-03-03,81.83000183105469,82.0,81.4000015258789,81.86000061035156,67.6012191772461,2331400.0,0.0013452788611418,0.0013443747842676,0.5999984741210938,77.4942051784805,ALL
2017-03-06,81.48999786376953,81.75,81.13999938964844,81.33999633789062,67.17180633544922,1657000.0,-0.0063521464113093,-0.0063724071382995,0.6100006103515625,67.84607251088042,ALL
2017-03-07,81.31999969482422,81.69999694824219,81.13999938964844,81.45999908447266,67.27088928222656,1621800.0,0.0014750674752221,0.0014739806318409,0.55999755859375,67.46302924542721,ALL
2017-03-08,81.87000274658203,81.97000122070312,80.94000244140625,81.12999725341797,66.99838256835938,1661400.0,-0.0040508861526108,-0.0040591132173731,1.029998779296875,57.564685877108325,ALL
2017-03-09,81.31999969482422,81.62999725341797,81.06999969482422,81.56999969482422,67.36174011230469,1708500.0,0.0054233778490782,0.0054087242927374,0.55999755859375,60.23095667615871,ALL
2017-03-10,81.81999969482422,82.11000061035156,81.56999969482422,82.05000305175781,67.75813293457031,1560600.0,0.0058845395265141,0.0058672932483242,0.5400009155273438,67.36788179639903,ALL
2017-03-13,81.87000274658203,82.12999725341797,81.72000122070312,82.0999984741211,67.79940795898438,1256700.0,0.0006091523279414,0.000608966869973,0.4099960327148437,66.61104217950674,ALL
2017-03-14,82.05000305175781,82.30999755859375,81.83000183105469,82.18000030517578,67.865478515625,1437100.0,0.0009745004953523,0.0009740259779978,0.4799957275390625,67.55972035803394,ALL
2017-03-15,82.04000091552734,82.75,82.04000091552734,82.62000274658203,68.22884368896484,1418800.0,0.0053541974695747,0.0053399147134186,0.7099990844726562,70.26606854829427,ALL
2017-03-16,82.55999755859375,83.0,82.45999908447266,82.88999938964844,68.45181274414062,1783600.0,0.0032679588737021,0.0032626307011122,0.5400009155273438,67.8061717050702,ALL
2017-03-17,82.9000015258789,83.08999633789062,82.5999984741211,82.8499984741211,68.41881561279297,2316300.0,-0.0004820490506364,-0.0004821652736316,0.4899978637695312,64.6042638360228,ALL
2017-03-20,82.8499984741211,83.05999755859375,82.30000305175781,82.37000274658203,68.02237701416016,1325000.0,-0.0057942920391431,-0.00581114407788,0.7599945068359375,52.17352216560315,ALL
2017-03-21,82.45999908447266,82.69999694824219,81.58999633789062,81.69000244140625,67.4608383178711,2179300.0,-0.008255205432944,-0.00828946833648,1.1100006103515625,39.95974250041742,ALL
2017-03-22,81.58999633789062,81.81999969482422,81.33000183105469,81.37999725341797,67.204833984375,1669800.0,-0.0037948584672164,-0.0038020772111376,0.4899978637695312,45.74686571475296,ALL
2017-03-23,81.5,81.91999816894531,81.16000366210938,81.26000213623047,67.10574340820312,1480700.0,-0.0014744560814615,-0.001475544161512,0.7599945068359375,43.11935159188431,ALL
2017-03-24,81.2699966430664,81.51000213623047,80.62999725341797,80.98999786376953,66.88277435302734,1368900.0,-0.0033226523372145,-0.0033281846044243,0.8800048828125,45.742088628935456,ALL
2017-03-27,80.37000274658203,81.31999969482422,80.06999969482422,81.08999633789062,66.96533966064453,1428200.0,0.0012344779117772,0.0012337165704281,1.25,45.47674389712244,ALL
2017-03-28,80.80999755859375,82.0999984741211,80.7300033569336,81.88999938964844,67.62600708007812,1219000.0,0.0098658115195355,0.0098174621448642,1.3699951171875,58.333434634444814,ALL
2017-03-29,81.94000244140625,82.08000183105469,81.29000091552734,81.38999938964844,67.21308898925781,1019300.0,-0.006105906716204,-0.0061246239941474,0.7900009155273438,48.05188832052856,ALL
2017-03-30,81.30000305175781,81.83000183105469,81.16000366210938,81.63999938964844,67.41954040527344,1159100.0,0.0030715954157176,0.0030668877041786,0.6699981689453125,45.330171009600605,ALL
2017-03-31,81.44999694824219,81.79000091552734,81.19999694824219,81.48999786376953,67.29568481445312,1547600.0,-0.0018370874389797,-0.0018387769536167,0.5900039672851562,43.20743536034831,ALL
2017-04-03,81.54000091552734,81.75,81.08000183105469,81.31999969482422,67.15528106689453,1790100.0,-0.0020863707375251,-0.0020885502409815,0.6699981689453125,40.61140303986928,ALL
2017-04-04,81.47000122070312,81.80000305175781,81.4000015258789,81.62999725341797,67.4112777709961,1672300.0,0.00381201150579,0.0038047642019613,0.4000015258789062,38.87624773704928,ALL
2017-04-05,81.80999755859375,82.16999816894531,81.29000091552734,81.41999816894531,67.23785400390625,1575200.0,-0.0025726224576099,-0.0025759373372743,0.8799972534179688,33.257221504362576,ALL
2017-04-06,81.44999694824219,81.5999984741211,81.05000305175781,81.44000244140625,67.25437927246094,1614200.0,0.0002457732894587,0.0002457430921515,0.5499954223632812,33.8669271213207,ALL
2017-04-07,81.36000061035156,81.48999786376953,80.94999694824219,81.11000061035156,66.98185729980469,1228400.0,-0.0040521074702393,-0.0040603395032951,0.5400009155273438,35.07116163904925,ALL
2017-04-10,81.01000213623047,81.66999816894531,81.0,81.36000061035156,67.18831634521484,1261700.0,0.0030823129386523,0.0030775723509449,0.6699981689453125,45.64640840881834,ALL
2017-04-11,81.13999938964844,81.29000091552734,80.68000030517578,81.16999816894531,67.03140258789062,1561100.0,-0.0023354321980326,-0.0023381635732649,0.6100006103515625,47.13881504752699,ALL
2017-04-12,80.58000183105469,81.12000274658203,80.0999984741211,80.97000122070312,66.86624908447266,2063800.0,-0.0024638228806479,-0.0024668630869547,1.0200042724609375,46.13322756197849,ALL
2017-04-13,80.9000015258789,81.26000213623047,80.58000183105469,80.58000183105469,66.5442123413086,1241300.0,-0.0048161329156841,-0.0048277678557919,0.6800003051757812,44.703169313331365,ALL
2017-04-17,80.80000305175781,81.62999725341797,80.61000061035156,81.5,67.30390930175781,1646600.0,0.0114164242647083,0.0113517486704213,1.0199966430664062,54.37086940677048,ALL
2017-04-18,80.79000091552734,81.11000061035156,80.12000274658203,80.30999755859375,66.32120513916016,2486200.0,-0.0146009967740757,-0.0147086404153836,0.9899978637695312,34.44835456620382,ALL
2017-04-19,80.29000091552734,80.58999633789062,79.58999633789062,79.75,65.85877227783203,2282500.0,-0.0069726245226969,-0.0069970468604688,1.0,34.04649992360855,ALL
2017-04-20,79.5999984741211,80.41000366210938,79.08999633789062,80.1500015258789,66.18907928466797,2155800.0,0.0050153836066439,0.0050028484651746,1.32000732421875,35.91644122470436,ALL
2017-04-21,80.08999633789062,80.19000244140625,79.54000091552734,79.7300033569336,65.84222412109375,1778800.0,-0.0052403684614262,-0.0052541473509513,0.6500015258789062,34.17202828809188,ALL
2017-04-24,80.86000061035156,80.9800033569336,80.37000274658203,80.9000015258789,66.80845642089844,1917900.0,0.0146749644730657,0.0145683291622791,0.6100006103515625,46.79889191058108,ALL
2017-04-25,80.75,81.37999725341797,80.75,81.22000122070312,67.07269287109375,1697200.0,0.0039551347890842,0.0039473338060121,0.6299972534179688,46.87968883370293,ALL
2017-04-26,81.1500015258789,82.51000213623047,80.94999694824219,81.80000305175781,67.55166625976562,2880700.0,0.0071411086713397,0.0071157316963468,1.5600051879882812,52.73782582070874,ALL
2017-04-27,81.83000183105469,82.2300033569336,81.58000183105469,81.9800033569336,67.70032501220703,1163300.0,0.0022006674397896,0.0021982495179108,0.6500015258789062,53.80293272990597,ALL
2017-04-28,81.83999633789062,81.94000244140625,81.26000213623047,81.29000091552734,67.1305160522461,1058600.0,-0.0084166355162725,-0.0084522554001823,0.6800003051757812,51.20655384443908,ALL
2017-05-01,81.48999786376953,81.8499984741211,81.19000244140625,81.5,67.30390930175781,1341900.0,0.0025829274033402,0.0025795973792624,0.6599960327148438,50.94324587147052,ALL
2017-05-02,81.44999694824219,81.87999725341797,81.44000244140625,81.83000183105469,67.57644653320312,1951100.0,0.0040493521739337,0.0040411756131697,0.4399948120117187,54.36522193951748,ALL
2017-05-03,83.47000122070312,85.0,83.47000122070312,84.93000030517578,70.13645935058594,4022900.0,0.0378832115140141,0.0371832654213561,1.529998779296875,68.9294594081356,ALL
2017-05-04,85.11000061035156,86.02999877929688,85.11000061035156,85.56999969482422,70.66500091552734,2987700.0,0.0075359031498785,0.0075076500845307,0.9199981689453124,73.29605642258974,ALL
2017-05-05,85.7300033569336,85.87000274658203,85.23999786376953,85.44999694824219,70.56588745117188,1647500.0,-0.001402582085493,-0.0014035666244518,0.6300048828125,69.92946559420064,ALL
2017-05-08,85.45999908447266,85.48999786376953,84.62999725341797,84.7699966430664,70.00433349609375,1959000.0,-0.0079578671134362,-0.0079896999312954,0.8600006103515625,73.72337382932321,ALL
2017-05-09,84.9000015258789,84.9800033569336,84.08999633789062,84.16999816894531,69.50885772705078,1798300.0,-0.0070777871068598,-0.0071029534603915,0.8900070190429688,73.41088943215783,ALL
2017-05-10,84.20999908447266,84.62999725341797,84.06999969482422,84.29000091552734,69.60795593261719,1710900.0,0.0014256917579562,0.0014246764243824,0.55999755859375,72.59819282637396,ALL
2017-05-11,83.97000122070312,84.23999786376953,83.19000244140625,83.91000366210938,69.29413604736328,2954700.0,-0.0045083910459559,-0.0045185844897595,1.0499954223632812,72.91663078944408,ALL
2017-05-12,83.80999755859375,84.5999984741211,83.52999877929688,84.12999725341797,69.4758529663086,1851300.0,0.0026223996619441,0.0026189671715488,1.0699996948242188,69.76745237947158,ALL
2017-05-15,84.05999755859375,84.6500015258789,84.05999755859375,84.52999877929688,69.80614471435547,1234000.0,0.0047540509967836,0.0047427861845629,0.5900039672851562,70.06057158342787,ALL
2017-05-16,84.48999786376953,84.77999877929688,84.19999694824219,84.33000183105469,69.64097595214844,1559700.0,-0.0023661063489882,-0.0023689100019828,0.5800018310546875,66.07361286217721,ALL
2017-05-17,84.33000183105469,84.70999908447266,83.11000061035156,84.36000061035156,69.66576385498047,2254900.0,0.0003559384757769,0.0003558751447052,1.5999984741210938,65.41443181519006,ALL
2017-05-18,84.33000183105469,85.30000305175781,83.5999984741211,84.72000122070312,69.96305847167969,2173900.0,0.0042674421444381,0.0042583624354666,1.7000045776367188,73.20688530041618,ALL
2017-05-19,84.77999877929688,84.80000305175781,84.05999755859375,84.12999725341797,69.4758529663086,2685800.0,-0.0069637536724943,-0.006988113762752,0.7400054931640625,66.92436379288,ALL
2017-05-22,84.58000183105469,84.87999725341797,84.25,84.79000091552734,70.0208740234375,2085400.0,0.0078447551754881,0.0078141450652695,0.6299972534179688,68.27171589750375,ALL
2017-05-23,84.69000244140625,85.5,84.55000305175781,85.4000015258789,70.52459716796875,1289100.0,0.0071938996985763,0.0071681470364261,0.9499969482421876,54.18900848440134,ALL
2017-05-24,85.55000305175781,85.88999938964844,85.4000015258789,85.80999755859375,70.8631820678711,951500.0,0.0048009476622168,0.0047894598665204,0.4899978637695312,52.2303351684772,ALL
2017-05-25,85.94999694824219,86.38999938964844,85.81999969482422,86.27999877929688,71.2513198852539,1689600.0,0.0054772846216679,0.0054623388482535,0.5699996948242188,57.24270698803805,ALL
2017-05-26,86.04000091552734,86.62999725341797,85.95999908447266,86.5,71.43301391601562,1083500.0,0.002550044420992,0.0025467985745815,0.6699981689453125,66.41399089806251,ALL
2017-05-30,86.12000274658203,86.41999816894531,85.98999786376953,86.0,71.02010345458984,1134300.0,-0.0057803869498106,-0.0057971580466362,0.4300003051757812,67.6983449069524,ALL
2017-05-31,86.1500015258789,86.4000015258789,85.93000030517578,86.33999633789062,71.30086517333984,2616500.0,0.003953271047113,0.0039454774046286,0.470001220703125,69.0166724658349,ALL
2017-06-01,86.0199966430664,86.94000244140625,85.88999938964844,86.94000244140625,72.10535430908203,1717900.0,0.0112830206728402,0.0112198421804132,1.0500030517578125,78.44333287017739,ALL
2017-06-02,86.79000091552734,86.79000091552734,86.41999816894531,86.66999816894531,71.88142395019531,1156200.0,-0.0031055995914927,-0.0031104319734599,0.3700027465820312,74.13292961640258,ALL
2017-06-05,86.66999816894531,86.94000244140625,86.4800033569336,86.61000061035156,71.8316879272461,973900.0,-0.0006919176084169,-0.0006921570938811,0.4599990844726562,71.53254716215997,ALL
2017-06-06,86.30000305175781,86.5199966430664,85.77999877929688,85.81999969482422,71.17647552490234,1244000.0,-0.0091214952794562,-0.0091633508354434,0.7399978637695312,64.78292868884608,ALL
2017-06-07,86.08999633789062,86.12999725341797,85.56999969482422,85.87000274658203,71.21793365478516,1422500.0,0.0005824695529959,0.0005822999834486,0.55999755859375,64.89560788746914,ALL
2017-06-08,85.87000274658203,86.69000244140625,85.83999633789062,86.55999755859375,71.79019165039062,1670000.0,0.0080353074884111,0.0080031963059855,0.850006103515625,66.6553538096046,ALL
2017-06-09,86.66999816894531,87.43000030517578,86.55000305175781,87.37000274658203,72.46199035644531,1139000.0,0.0093578062770227,0.0093142932548478,0.8799972534179688,76.33410079648411,ALL
2017-06-12,87.37000274658203,88.0999984741211,87.33000183105469,87.91999816894531,72.91812133789062,2473500.0,0.0062947619738509,0.0062750327104231,0.7699966430664062,75.95715594198143,ALL
2017-06-13,87.94000244140625,88.19000244140625,87.79000091552734,87.97000122070312,72.95963287353516,2566600.0,0.0005692897030653,0.0005691277191566,0.4000015258789062,73.78608361516574,ALL
2017-06-14,87.93000030517578,88.88999938964844,87.83000183105469,88.81999969482422,73.6645736694336,1502900.0,0.0096620661060664,0.0096156868523142,1.05999755859375,75.53698155303884,ALL
2017-06-15,88.69999694824219,89.88999938964844,88.5,89.79000091552734,74.46907806396484,2164100.0,0.0109211844236203,0.0108619789614865,1.3899993896484375,77.26296056884293,ALL
2017-06-16,90.37000274658205,90.73999786376952,89.55000305175781,89.81999969482422,74.4939193725586,2684000.0,0.0003335788388894,0.0003335232138384,1.1899948120117043,76.6421273379986,ALL
2017-06-19,90.02999877929688,90.19000244140624,89.08000183105469,89.41000366210938,74.15392303466797,3264300.0,-0.0045640817499511,-0.0045745289711621,1.1100006103515483,77.62744422801674,ALL
2017-06-20,89.41000366210938,89.66000366210938,89.18000030517578,89.26000213623047,74.02951049804688,1153600.0,-0.0016777606838539,-0.0016791697005258,0.4800033569335937,74.73740854430336,ALL
2017-06-21,89.41000366210938,89.52999877929688,89.02999877929688,89.23999786376953,74.01290130615234,1646400.0,-0.0002243590668477,-0.0002243842391082,0.5,70.17568775802022,ALL
2017-06-22,89.01000213623047,89.2300033569336,88.20999908447266,88.30999755859375,73.24159240722656,1750700.0,-0.0104212763628233,-0.010475958097419,1.0200042724609375,62.89327825412805,ALL
2017-06-23,88.72000122070312,88.83000183105469,87.98999786376953,88.08000183105469,73.05085754394531,3969900.0,-0.0026041878256927,-0.0026075846213526,0.8400039672851562,61.255844552855606,ALL
2017-06-26,88.31999969482422,88.77999877929688,88.16999816894531,88.41999816894531,73.33280944824219,1780500.0,0.0038596659064167,0.0038522365064938,0.6100006103515625,71.38177554185421,ALL
2017-06-27,88.55000305175781,88.69000244140625,88.02999877929688,88.16999816894531,73.12550354003906,1831700.0,-0.0028269189434156,-0.0028309222251874,0.660003662109375,68.312769258038,ALL
2017-06-28,88.68000030517578,88.95999908447266,88.37000274658203,88.58000183105469,73.46552276611328,1375200.0,0.0046498035516164,0.0046390266092793,0.589996337890625,66.83388963590673,ALL
2017-06-29,89.2300033569336,89.2300033569336,87.80999755859375,88.12999725341797,73.09230041503906,1648200.0,-0.0050802381446657,-0.0050931864266557,1.4200057983398438,56.73769507803121,ALL
2017-06-30,88.44000244140625,88.79000091552734,88.12000274658203,88.44000244140625,73.34944152832031,1508000.0,0.0035180328409576,0.0035118590389443,0.6699981689453125,54.81545333437818,ALL
2017-07-03,88.8499984741211,89.86000061035156,88.62999725341797,88.62999725341797,73.50696563720703,1007600.0,0.0021475842979103,0.0021452815350809,1.2300033569335938,55.95637416723679,ALL
2017-07-05,88.80999755859375,88.94000244140625,88.2699966430664,88.80999755859375,73.6562728881836,1040900.0,0.0020311986718846,0.0020291385770318,0.6700057983398438,49.89723905520378,ALL
2017-07-06,88.93000030517578,89.27999877929688,88.52999877929688,88.72000122070312,73.58164978027344,1450600.0,-0.0010131263093292,-0.0010136398686848,0.75,36.59068009785183,ALL
2017-07-07,88.80000305175781,89.29000091552734,88.54000091552734,89.19000244140625,73.97144317626953,1117300.0,0.005297426697554,0.0052834446901152,0.75,42.88944911452969,ALL
2017-07-10,88.83000183105469,89.18000030517578,88.83000183105469,88.8499984741211,73.6894760131836,1445100.0,-0.0038118380685642,-0.0038191216383786,0.3499984741210937,43.57774936385157,ALL
2017-07-11,88.72000122070312,88.87999725341797,87.73999786376953,87.94000244140625,72.93473815917969,1958600.0,-0.0102421389706839,-0.0102949505881189,1.1399993896484375,37.10893985237996,ALL
2017-07-12,88.01000213623047,88.38999938964844,87.91000366210938,88.19999694824219,73.1503677368164,972300.0,0.0029564729109756,0.0029521111397965,0.4799957275390625,40.29829228524843,ALL
2017-07-13,88.05999755859375,88.91999816894531,87.94000244140625,88.5999984741211,73.48210906982422,1271900.0,0.0045350603595235,0.0045248079584436,0.9799957275390624,53.00218080699382,ALL
2017-07-14,88.2699966430664,89.33000183105469,87.91999816894531,89.05000305175781,73.8553466796875,1075600.0,0.0050792990918187,0.0050664429672111,1.410003662109375,59.60423057585672,ALL
2017-07-17,88.73999786376953,88.83000183105469,88.30999755859375,88.48999786376953,73.39089965820312,1440200.0,-0.0062886039043144,-0.0063084604643132,0.5200042724609375,50.66454171583379,ALL
2017-07-18,87.98999786376953,89.05999755859375,87.98999786376953,88.87999725341797,73.71434020996094,2190400.0,0.0044070934307134,0.0043974106327,1.0699996948242188,56.561831531479456,ALL
2017-07-19,89.05000305175781,89.25,88.72000122070312,89.25,74.02120208740234,1208800.0,0.0041628518490075,0.0041542111529073,0.529998779296875,56.23843687045184,ALL
2017-07-20,89.01000213623047,89.55999755859375,88.47000122070312,89.22000122070312,73.99630737304688,1319600.0,-0.0003363186986085,-0.0003363752664255,1.089996337890625,61.01011715381642,ALL
2017-07-21,89.0,89.31999969482422,88.58000183105469,89.16000366210938,73.94657135009766,1897600.0,-0.0006721419583611,-0.0006723679470372,0.7399978637695312,57.65955322942743,ALL
2017-07-24,89.08000183105469,89.91000366210938,89.0199966430664,89.7699966430664,74.45247650146484,1222100.0,0.0068414957195512,0.0068181988841511,0.8900070190429688,61.133290451943495,ALL
2017-07-25,90.2699966430664,90.62999725341795,89.9000015258789,90.20999908447266,74.81739807128906,1258400.0,0.0049014027064235,0.0048894299384786,0.7299957275390483,63.01144767327537,ALL
2017-07-26,90.1999969482422,90.29000091552734,89.23999786376953,89.4000015258789,74.14561462402344,1403900.0,-0.0089789736690056,-0.009019527590659,1.0500030517578125,55.57376950291506,ALL
2017-07-27,89.37000274658203,89.8499984741211,89.05000305175781,89.68000030517578,74.3778305053711,2050200.0,0.003131889627258,0.0031269954769027,0.7999954223632812,54.14552371227735,ALL
2017-07-28,89.80000305175781,90.56999969482422,89.5199966430664,90.5,75.05790710449219,1258400.0,0.0091435390693734,0.0091019899943639,1.0500030517578125,62.91063050560512,ALL
2017-07-31,90.58000183105467,91.25,90.56999969482422,91.0,75.47259521484375,1225300.0,0.0055249090515441,0.0055097027248667,0.6800003051757812,75.58540569976402,ALL
2017-08-01,91.16999816894533,91.43000030517578,90.8000030517578,91.0,75.47259521484375,2820700.0,0.0,0.0,0.629997253417983,74.47567461510874,ALL
2017-08-02,93.13999938964844,94.30999755859376,92.54000091552734,94.16000366210938,78.09341430664062,3393000.0,0.0347254401990064,0.0341361163556086,1.7699966430664205,82.78321561497582,ALL
2017-08-03,93.9000015258789,94.0,93.08999633789062,93.93000030517578,77.90267181396484,2053800.0,-0.0024424913978894,-0.002445479146028,0.910003662109375,79.5402227164547,ALL
2017-08-04,94.08999633789062,94.48999786376952,93.97000122070312,94.22000122070312,78.14318084716797,1486400.0,0.003087301469935,0.0030825455408955,0.519996643066392,85.85764269867056,ALL
2017-08-07,94.22000122070312,94.58999633789062,94.08999633789062,94.23999786376952,78.15975189208984,1667200.0,0.0002120600254842,0.0002120375439352,0.5,85.17092639607696,ALL
2017-08-08,93.9800033569336,94.33000183105467,93.83999633789062,94.20999908447266,78.1348876953125,1608900.0,-0.0003181202111756,-0.0003181708221438,0.4900054931640483,84.06650686082612,ALL
2017-08-09,94.11000061035156,94.6999969482422,93.95999908447266,94.6999969482422,78.541259765625,1548700.0,0.0052009042605545,0.0051874262696197,0.7399978637695455,85.40121087073824,ALL
2017-08-10,94.20999908447266,94.69000244140624,94.13999938964844,94.16000366210938,78.09341430664062,1459100.0,-0.0057020406894515,-0.0057183593862788,0.5500030517577983,80.41405212190801,ALL
2017-08-11,94.08999633789062,94.4499969482422,93.91000366210938,93.9499969482422,77.91923522949219,1111400.0,-0.0022303939287954,-0.0022328849620137,0.5399932861328267,76.72663364228501,ALL
2017-08-14,94.77999877929688,94.83000183105467,94.36000061035156,94.41999816894533,78.30902862548828,1166600.0,0.0050025310803942,0.0049900599958221,0.4700012207031108,76.81554458427425,ALL
2017-08-15,94.79000091552734,94.80999755859376,94.11000061035156,94.37999725341795,78.27586364746094,1458500.0,-0.0004235141031559,-0.0004236038105829,0.6999969482422017,85.16996390492105,ALL
2017-08-16,94.66000366210938,95.25,94.3000030517578,94.37999725341795,78.27586364746094,2062300.0,0.0,0.0,0.9499969482422016,84.55932586306491,ALL
2017-08-17,94.38999938964844,94.5,93.16999816894533,93.33000183105467,77.40502166748047,1989700.0,-0.0111252937930211,-0.0111876427388598,1.3300018310546733,70.12827776985374,ALL
2017-08-18,93.11000061035156,93.33999633789062,92.5500030517578,92.91999816894533,77.06497955322266,2595300.0,-0.0043930239528718,-0.0044027016358595,0.7899932861328267,63.8329995214848,ALL
2017-08-21,92.95999908447266,92.95999908447266,92.27999877929688,92.72000122070312,76.89911651611328,2166900.0,-0.0021522491548164,-0.0021545685716014,0.6800003051757812,62.04505016381994,ALL
2017-08-22,93.11000061035156,93.81999969482422,92.93000030517578,93.7699966430664,77.76995086669922,1653400.0,0.0113243739335218,0.0112607332211536,0.8899993896484375,46.12305064349111,ALL
2017-08-23,93.37999725341795,93.8499984741211,93.16000366210938,93.18000030517578,77.2806396484375,1661700.0,-0.0062917773871352,-0.0063116540353045,0.6899948120117188,43.04244457832764,ALL
2017-08-24,93.29000091552734,93.48999786376952,91.4000015258789,91.54000091552734,75.92045593261719,3161400.0,-0.0176005752800185,-0.0177573071757686,2.089996337890611,30.11826526085919,ALL
2017-08-25,91.80999755859376,92.27999877929688,91.45999908447266,92.0199966430664,76.31855773925781,2582800.0,0.0052436698614397,0.0052299696965236,0.8199996948242188,34.583222070748945,ALL
2017-08-28,90.37000274658205,90.9800033569336,89.80999755859375,90.6500015258789,75.18231964111328,3104000.0,-0.0148880970998755,-0.0150000372576328,1.1700057983398438,29.156689319687658,ALL
2017-08-29,90.0,91.0999984741211,89.83999633789062,90.81999969482422,75.63202667236328,1826500.0,0.0059815530219964,0.0059637345531574,1.2600021362304688,29.58749851450645,ALL
2017-08-30,90.83000183105467,91.13999938964844,90.0,90.06999969482422,75.00743103027344,2437200.0,-0.0082583486066766,-0.0082926376787651,1.1399993896484375,28.87139573756791,ALL
2017-08-31,90.2699966430664,90.62999725341795,90.04000091552734,90.5,75.36550903320312,2850300.0,0.0047739003724198,0.0047625414466118,0.5899963378906108,32.94504047675338,ALL
2017-09-01,90.56999969482422,91.12000274658205,89.6500015258789,89.77999877929688,74.76595306396484,2514400.0,-0.0079553097554763,-0.0079871220622928,1.4700012207031392,26.98260702340805,ALL
2017-09-05,89.0,89.02999877929688,86.33999633789062,86.48999786376953,72.026123046875,4633500.0,-0.0366454235492166,-0.0373337351078897,2.69000244140625,19.962363391284327,ALL
2017-09-06,86.7300033569336,88.31999969482422,86.62999725341797,87.5,72.86721801757812,4770500.0,0.0116776377114693,0.0116099803098908,1.69000244140625,25.94934218114953,ALL
2017-09-07,87.05999755859375,87.25,85.58999633789062,86.44999694824219,71.99282836914062,3146800.0,-0.0119997671411932,-0.0120723455472456,1.660003662109375,25.94115751810212,ALL
2017-09-08,86.1500015258789,90.41000366210938,86.1500015258789,89.61000061035156,74.6243667602539,4304900.0,0.0365527851971609,0.0359005779811328,4.260002136230469,40.98694598185759,ALL
2017-09-11,91.44000244140624,93.54000091552734,90.72000122070312,91.2300033569336,75.97345733642578,3581000.0,0.0180784190840253,0.0179169476605229,2.8199996948242188,46.85632171399492,ALL
2017-09-12,91.16000366210938,91.98999786376952,90.63999938964844,91.87000274658205,76.50642395019531,2421500.0,0.0070151686188171,0.0069906767995577,1.3499984741210795,45.6080817681281,ALL
2017-09-13,91.30999755859376,91.47000122070312,90.43000030517578,90.94000244140624,75.73194122314453,2006600.0,-0.0101231071465967,-0.0101746942388128,1.0400009155273438,44.72149310877275,ALL
2017-09-14,90.79000091552734,90.87000274658205,90.1500015258789,90.5,75.36550903320312,1976100.0,-0.0048385421530621,-0.0048502857948632,0.7200012207031392,47.97110714656295,ALL
2017-09-15,90.47000122070312,91.4000015258789,90.4499969482422,90.87999725341795,75.68197631835938,2915000.0,0.0041990996838729,0.0041903080674517,0.9500045776367044,47.65867461643883,ALL
2017-09-18,91.05999755859376,91.23999786376952,90.33999633789062,90.4800033569336,75.34889221191406,1914000.0,-0.0044011021203276,-0.0044108154804012,0.900001525878892,50.65111599008221,ALL
2017-09-19,90.5500030517578,91.91000366210938,90.4499969482422,91.13999938964844,75.89850616455078,2478200.0,0.0072942539233484,0.0072677795159467,1.4600067138671733,51.03356970973167,ALL
2017-09-20,90.87999725341795,91.41000366210938,90.41999816894533,91.37999725341795,76.09835815429688,1704800.0,0.0026331478687182,0.0026296872084912,0.9900054931640484,54.37544292983013,ALL
2017-09-21,91.4000015258789,92.31999969482422,90.54000091552734,90.66999816894533,75.50709533691406,1450300.0,-0.007769718450219,-0.0078000599782202,1.779998779296875,50.55744126110646,ALL
2017-09-22,90.44000244140624,90.86000061035156,90.12000274658205,90.52999877929688,75.39051818847656,1155200.0,-0.001543923096463,-0.0015451161738982,0.739997863769517,52.55619775614905,ALL
2017-09-25,90.27999877929688,91.20999908447266,90.05000305175781,91.04000091552734,75.81523132324219,1311700.0,0.0056335086290804,0.0056176997644705,1.1599960327148438,69.1338847203537,ALL
2017-09-26,90.9000015258789,91.5500030517578,90.47000122070312,90.7300033569336,75.55708312988281,1652600.0,-0.0034049647920844,-0.003410774877208,1.0800018310546733,64.43274576104666,ALL
2017-09-27,91.69000244140624,91.72000122070312,90.6999969482422,90.88999938964844,75.69032287597656,1414400.0,0.001763431574836,0.0017618785548713,1.0200042724609233,71.5535291470168,ALL
2017-09-28,90.83999633789062,91.41000366210938,90.5199966430664,91.29000091552734,76.02338409423828,1122600.0,0.0044003144075295,0.0043906613314405,0.8900070190429688,61.1404617253949,ALL
2017-09-29,91.3000030517578,91.97000122070312,90.91000366210938,91.91000366210938,76.53974914550781,1407700.0,0.0067921871332305,0.0067692241508117,1.05999755859375,55.19889949331305,ALL
2017-10-02,91.6500015258789,92.62999725341795,91.41000366210938,92.37999725341795,76.93112182617188,1416300.0,0.0051133258866584,0.0051002972301511,1.2199935913085795,54.00305482285192,ALL
2017-10-03,92.20999908447266,92.33999633789062,91.5199966430664,92.0999984741211,76.69795227050781,1554400.0,-0.0030308872421087,-0.0030354896828512,0.8199996948242188,60.140019188170605,ALL
2017-10-04,92.12000274658205,92.93000030517578,92.11000061035156,92.86000061035156,77.33085632324219,1361100.0,0.0082519028735235,0.008218042072831,0.8199996948242188,69.53691203907351,ALL
2017-10-05,92.7300033569336,93.69000244140624,92.66000366210938,93.19000244140624,77.60567474365234,1781800.0,0.0035538003001209,0.0035475004729743,1.0299987792968608,69.2825602505923,ALL
2017-10-06,93.31999969482422,93.80999755859376,93.12000274658205,93.29000091552734,77.68896484375,930600.0,0.0010732475475896,0.0010726720291861,0.6899948120117188,74.6927077463088,ALL
2017-10-09,93.26000213623048,93.51000213623048,92.86000061035156,93.1999969482422,77.61400604248047,619500.0,-0.0009648577686713,-0.0009653235435567,0.6500015258789205,70.11734686574002,ALL
2017-10-10,93.1999969482422,93.66999816894533,92.87000274658205,93.33000183105467,77.72225189208984,1715700.0,0.0013946690182455,0.0013936973707232,0.7999954223632812,69.46122238497281,ALL
2017-10-11,93.12000274658205,93.4000015258789,92.8000030517578,93.08999633789062,77.52239227294922,1289800.0,-0.0025714594504815,-0.0025747713311304,0.599998474121108,76.6522650727378,ALL
2017-10-12,93.2699966430664,93.5199966430664,92.43000030517578,92.54000091552734,77.06436157226562,1294600.0,-0.0059083664378016,-0.005925889892202,1.089996337890625,70.30290467183168,ALL
2017-10-13,92.70999908447266,93.05999755859376,92.2699966430664,92.33999633789062,76.8978271484375,1655400.0,-0.0021609784397157,-0.0021633167228845,0.790000915527358,64.00875090332542,ALL
2017-10-16,92.33999633789062,92.8499984741211,92.11000061035156,92.45999908447266,76.99776458740234,1831400.0,0.0012996133008014,0.0012987695344031,0.7399978637695312,69.43826239127078,ALL
2017-10-17,92.45999908447266,92.68000030517578,91.12000274658205,91.41000366210938,76.12335205078125,3196800.0,-0.0113563366586899,-0.0114213122412805,1.5599975585937358,54.86882197120466,ALL
2017-10-18,91.4800033569336,91.5500030517578,90.62000274658205,91.25,75.9900894165039,1955300.0,-0.0017506143737396,-0.0017521484897742,0.9300003051757528,49.60803615695799,ALL
2017-10-19,91.06999969482422,92.73999786376952,90.7300033569336,92.7300033569336,77.22261047363281,3192100.0,0.0162194973922642,0.0160893665632675,2.0099945068359237,56.87908114954684,ALL
2017-10-20,93.4499969482422,93.58999633789062,92.5199966430664,92.97000122070312,77.42245483398438,2141500.0,0.0025878995688677,0.0025845567228362,1.0699996948242188,55.14830969161305,ALL
2017-10-23,92.95999908447266,93.0999984741211,92.5500030517578,92.97000122070312,77.42245483398438,1517800.0,0.0,0.0,0.5499954223632955,57.981529234172605,ALL
2017-10-24,93.3000030517578,93.93000030517578,92.98999786376952,93.63999938964844,77.98041534423828,1460000.0,0.0072067013562193,0.0071808571772357,0.9400024414062642,57.27605403178803,ALL
2017-10-25,93.7300033569336,93.8499984741211,92.7699966430664,93.27999877929688,77.68061065673828,1392600.0,-0.0038446151662123,-0.0038520246963922,1.0800018310546875,50.83472425714469,ALL
2017-10-26,93.5500030517578,94.2300033569336,93.31999969482422,93.95999908447266,78.24691772460938,1254300.0,0.0072901984560025,0.0072637534078914,0.910003662109375,55.61131162836378,ALL
2017-10-27,93.72000122070312,93.95999908447266,92.93000030517578,93.7300033569336,78.05537414550781,1215100.0,-0.0024479376909861,-0.0024509387891235,1.029998779296875,54.337118343931664,ALL
2017-10-30,93.2699966430664,94.43000030517578,93.2699966430664,94.06999969482422,78.33850860595703,1731300.0,0.0036273538311584,0.0036207908493002,1.160003662109375,55.85444414164198,ALL
2017-10-31,93.94000244140624,94.6500015258789,93.66999816894533,93.86000061035156,78.16361999511719,2507500.0,-0.0022324730704222,-0.0022349687534826,0.9800033569335797,56.12070861474062,ALL
2017-11-01,94.06999969482422,94.54000091552734,93.5199966430664,94.25,78.4884033203125,1980300.0,0.004155172511401,0.0041465636214771,1.0200042724609375,63.94769800063965,ALL
2017-11-02,95.88999938964844,98.20999908447266,95.4000015258789,97.8499984741211,81.48637390136719,3935300.0,0.0381963507248315,0.0374849294027252,2.80999755859375,78.90834387581279,ALL
2017-11-03,97.62000274658205,97.95999908447266,97.06999969482422,97.83999633789062,81.47805786132812,3027100.0,-0.0001020543637041,-0.000102059571605,0.8899993896484375,78.55599979381985,ALL
2017-11-06,97.80999755859376,99.44000244140624,97.4499969482422,99.08999633789062,82.51900482177734,1632400.0,0.0127757949535427,0.0126948729846884,1.990005493164034,89.91652818185715,ALL
2017-11-07,99.41999816894533,100.30999755859376,98.5500030517578,99.18000030517578,82.59396362304688,1631500.0,0.0009083822742581,0.000907969944763,1.759994506835966,91.51823701354454,ALL
2017-11-08,99.2300033569336,99.7300033569336,98.97000122070312,99.08999633789062,82.51900482177734,1921100.0,-0.000907557864781,-0.0009079699447631,0.7600021362304688,88.97033644740196,ALL
2017-11-09,98.73999786376952,99.36000061035156,98.20999908447266,98.9499969482422,82.40242767333984,1768800.0,-0.0014127309059202,-0.0014137297510702,1.1500015258789062,87.0967008610156,ALL
2017-11-10,98.87999725341795,99.27999877929688,98.0999984741211,99.12000274658205,82.54398345947266,1389600.0,0.0017178594142148,0.0017163855813816,1.1800003051757812,87.36320434940873,ALL
2017-11-13,98.9000015258789,99.97000122070312,98.76000213623048,99.44000244140624,82.81049346923828,1851400.0,0.003228703033171,0.0032235019636651,1.209999084472642,86.80196435879311,ALL
2017-11-14,98.88999938964844,100.0500030517578,98.51000213623048,99.94000244140624,83.22686767578125,2148300.0,0.0050280367752866,0.0050154384107593,1.540000915527315,91.52120099565116,ALL
2017-11-15,99.4800033569336,101.12000274658205,99.3000030517578,100.37999725341795,83.59329223632812,2548900.0,0.0044027195877935,0.004393055971655,1.8199996948242472,91.25962072896158,ALL
2017-11-16,100.51000213623048,100.6999969482422,99.16999816894533,99.56999969482422,82.91873931884766,2138400.0,-0.0080694622670611,-0.0081021965955844,1.529998779296875,84.92817120119406,ALL
2017-11-17,99.0500030517578,100.43000030517578,99.0500030517578,100.16999816894533,83.41841125488281,2880000.0,0.0060260435715715,0.0060079595845715,1.379997253417983,85.382809419502,ALL
2017-11-20,100.26000213623048,100.97000122070312,100.0,100.31999969482422,83.5433349609375,1981000.0,0.0014975555656771,0.001496435347594,0.970001220703125,87.73371862792315,ALL
2017-11-21,100.38999938964844,100.72000122070312,99.56999969482422,99.6999969482422,83.0270004272461,1530200.0,-0.006180439575854,-0.0061996175522445,1.1500015258789062,81.00102453783755,ALL
2017-11-22,99.5999984741211,99.73999786376952,99.18000030517578,99.3000030517578,82.69387817382812,900100.0,-0.0040122159261898,-0.0040202864588887,0.5599975585937358,62.96933641444189,ALL
2017-11-24,99.8000030517578,99.8000030517578,98.9800033569336,99.08000183105467,82.51068878173828,623400.0,-0.0022152715066133,-0.0022177288503304,0.8199996948242045,60.68953752304171,ALL
2017-11-27,99.2300033569336,99.93000030517578,99.13999938964844,99.41000366210938,82.78550720214844,1459600.0,0.0033307008397072,0.0033251663414325,0.7900009155273438,53.27884086484578,ALL
2017-11-28,99.38999938964844,100.94000244140624,99.26000213623048,100.88999938964844,84.01800537109375,1858600.0,0.0148878494630195,0.0147781132490517,1.6800003051757528,63.63629722060684,ALL
2017-11-29,100.62000274658205,102.2300033569336,100.58000183105467,101.95999908447266,85.22159576416016,2031700.0,0.0143253864186652,0.0142237475975634,1.6500015258789205,71.27976297748718,ALL
2017-11-30,102.37000274658205,103.51000213623048,101.08999633789062,102.66000366210938,85.80668640136719,3340800.0,0.0068655207868459,0.0068420604162399,2.420005798339858,74.96282455090156,ALL
2017-12-01,103.0999984741211,103.12000274658205,100.75,103.0999984741211,86.17445373535156,2465600.0,0.0042859985556849,0.0042768398240899,2.370002746582045,75.7667711734542,ALL
2017-12-04,103.91000366210938,104.0999984741211,103.01000213623048,103.62000274658205,86.60910034179688,2381000.0,0.0050437988012101,0.0050311214581459,1.0899963378906108,76.33165260417823,ALL
2017-12-05,103.98999786376952,103.98999786376952,102.69000244140624,102.83999633789062,85.9571304321289,2700100.0,-0.0075277298470369,-0.0075562062035842,1.2999954223632812,68.32735329093529,ALL
2017-12-06,102.81999969482422,103.6500015258789,102.56999969482422,102.6500015258789,85.79833221435547,1318500.0,-0.0018474118083644,-0.0018491203781715,1.0800018310546875,65.22612737056272,ALL
2017-12-07,102.33000183105467,102.5999984741211,101.7699966430664,102.11000061035156,85.34698486328125,1366000.0,-0.0052605608923328,-0.0052744463610942,0.8300018310546875,67.30069480003435,ALL
2017-12-08,102.0,102.51000213623048,101.6500015258789,102.5,85.67294311523438,1308800.0,0.0038192122718252,0.0038119375971048,0.8600006103515767,66.4707311852889,ALL
2017-12-11,102.33000183105467,102.72000122070312,101.7699966430664,102.37000274658205,85.56427764892578,1086000.0,-0.0012683755495878,-0.0012691806186805,0.9500045776367188,64.79937604267582,ALL
2017-12-12,102.33999633789062,103.86000061035156,101.8499984741211,103.54000091552734,86.54222106933594,1954100.0,0.0114293423293152,0.0113645208400255,2.0100021362304688,74.1118462023137,ALL
2017-12-13,103.3000030517578,104.18000030517578,103.08999633789062,103.31999969482422,86.35832977294922,2297600.0,-0.002124873779694,-0.0021271345270868,1.0900039672851562,75.66079730562885,ALL
2017-12-14,103.70999908447266,103.79000091552734,102.4499969482422,102.6500015258789,85.79833221435547,1467800.0,-0.0064845807007393,-0.0065056969302687,1.340003967285142,71.86810465397161,ALL
2017-12-15,103.08999633789062,104.45999908447266,102.93000030517578,103.97000122070312,86.9016342163086,4167800.0,0.0128592476506033,0.0127772695619124,1.529998779296875,74.66085603511245,ALL
2017-12-18,104.45999908447266,105.13999938964844,103.75,104.16000366210938,87.06044006347656,2022000.0,0.0018274207222925,0.0018257530204639,1.3899993896484375,70.91947969103771,ALL
2017-12-19,104.66999816894533,104.76000213623048,104.0,104.37999725341795,87.24430084228516,2069200.0,0.0021118751372557,0.0021096482636595,0.760002136230483,66.17634855784485,ALL
2017-12-20,104.72000122070312,104.91999816894533,104.16000366210938,104.41999816894533,87.27774810791016,1417700.0,0.0003833747912711,0.0003833013219327,0.7599945068359517,62.90314161702332,ALL
2017-12-21,104.69000244140624,105.16999816894533,104.18000030517578,104.20999908447266,87.10222625732422,1534200.0,-0.0020110721735042,-0.0020130970944446,0.9899978637695456,58.4218071513162,ALL
2017-12-22,104.48999786376952,104.66000366210938,103.45999908447266,104.11000061035156,87.0186538696289,783600.0,-0.0009594747607072,-0.0009599353512556,1.2000045776367188,53.97078773694465,ALL
2017-12-26,104.05999755859376,104.72000122070312,103.9800033569336,104.33999633789062,87.21089172363281,666800.0,0.0022091568354059,0.0022067202363373,0.7399978637695312,63.34541190304877,ALL
2017-12-27,104.43000030517578,104.83999633789062,104.12999725341795,104.5999984741211,87.4281997680664,776300.0,0.0024917534970543,0.0024886542266535,0.7099990844726705,67.13536319301849,ALL
2017-12-28,104.91000366210938,104.93000030517578,104.4800033569336,104.91000366210938,87.68730926513672,736100.0,0.002963683316798,0.002959300265246,0.4499969482421875,75.64108779713891,ALL
2017-12-29,105.0500030517578,105.36000061035156,104.69000244140624,104.70999908447266,87.52011108398438,947500.0,-0.0019067546096869,-0.0019085747803716,0.6699981689453267,70.96737876588713,ALL
2018-01-02,104.06999969482422,104.5199966430664,101.68000030517578,101.91999816894533,85.18814086914062,4788200.0,-0.0266449640655276,-0.0270063754435469,2.839996337890625,47.16258789756057,ALL
2018-01-03,101.91999816894533,102.73999786376952,101.6500015258789,101.9800033569336,85.23832702636719,1993300.0,0.0005891214048638,0.0005889479409732,1.0899963378906108,38.56315347099165,ALL
2018-01-04,102.26000213623048,102.7300033569336,100.69000244140624,100.8000030517578,84.25202941894531,2017400.0,-0.0115710577838625,-0.0116385234103729,2.040000915527358,33.80470400792176,ALL
2018-01-05,101.23999786376952,101.93000030517578,100.22000122070312,101.87000274658205,85.14637756347656,1588000.0,0.0106151525452766,0.0105592073762471,1.7099990844726562,45.23227411145988,ALL
2018-01-08,101.83999633789062,101.8499984741211,101.08000183105467,101.38999938964844,84.74517059326172,1434900.0,-0.0047119675750826,-0.0047231038907067,0.7699966430664205,32.42511217008068,ALL
2018-01-09,100.6500015258789,101.7300033569336,100.5,100.94000244140624,84.36905670166016,2223500.0,-0.0044381749304245,-0.0044480528662876,1.2300033569335938,28.81594102464633,ALL
2018-01-10,100.80999755859376,101.23999786376952,100.30999755859376,100.43000030517578,83.94276428222656,2480800.0,-0.0050527105090319,-0.0050655186127514,0.9300003051757528,24.968677514330835,ALL
2018-01-11,100.81999969482422,101.16000366210938,100.20999908447266,100.77999877929688,84.23531341552734,1571700.0,0.0034851024481061,0.0034790435517381,0.9500045776367188,27.805124026555177,ALL
2018-01-12,100.9000015258789,102.31999969482422,99.83000183105467,102.11000061035156,85.34698486328125,2404600.0,0.0131972138842779,0.0131108893234795,2.489997863769545,38.73409861721996,ALL
2018-01-16,102.20999908447266,102.7300033569336,101.61000061035156,102.12999725341795,85.36368560791016,1860900.0,0.0001956805463678,0.0001956614034269,1.1200027465820312,39.28572134182362,ALL
2018-01-17,102.51000213623048,103.98999786376952,102.27999877929688,103.94000244140624,86.87655639648438,1765400.0,0.0177226507712318,0.0175674357934911,1.709999084472642,48.15158192395427,ALL
2018-01-18,103.8499984741211,104.33000183105467,102.9800033569336,104.0,86.92668151855469,2909900.0,0.0005769694857788,0.0005768031028806,1.3499984741210795,47.17506719072712,ALL
2018-01-19,104.41999816894533,104.41999816894533,103.12999725341795,103.6999969482422,86.67595672607422,1549000.0,-0.0028843249057765,-0.0028884925867507,1.2900009155273722,44.29790602040641,ALL
2018-01-22,103.6999969482422,104.43000030517578,103.23999786376952,104.43000030517578,87.2861099243164,1358100.0,0.007039474628131,0.0070148131946616,1.1900024414062642,48.7434439574612,ALL
2018-01-23,104.22000122070312,104.47000122070312,100.3000030517578,101.25,84.6281509399414,4676600.0,-0.0304511105682181,-0.0309243781012478,4.169998168945327,47.09464385944218,ALL
2018-01-24,101.43000030517578,101.52999877929688,99.58000183105467,99.87000274658205,83.47471618652344,4988000.0,-0.0136294452922235,-0.0137231788470491,1.9499969482422017,41.78986369951952,ALL
2018-01-25,100.38999938964844,101.01000213623048,99.5199966430664,100.7300033569336,84.19353485107422,2466900.0,0.0086112142381482,0.0085743492167096,1.4900054931640767,49.72073550698507,ALL
2018-01-26,100.94000244140624,101.62000274658205,99.88999938964844,100.52999877929688,84.02635955810547,2777100.0,-0.0019856072472127,-0.001987581178684,1.730003356933608,44.25384041503021,ALL
2018-01-29,100.25,100.58999633789062,98.0,98.04000091552734,81.94513702392578,2215700.0,-0.0247686862209053,-0.0250805912207756,2.589996337890625,37.74689437261119,ALL
2018-01-30,97.73999786376952,99.3000030517578,97.41999816894533,98.4499969482422,82.28779602050781,2100100.0,0.0041815659723893,0.0041728475214667,1.880004882812472,40.86553948215232,ALL
2018-01-31,98.5,99.37000274658205,98.33999633789062,98.7699966430664,82.5552749633789,2146600.0,0.0032505299182448,0.0032452583663392,1.0300064086914205,43.82434700282463,ALL
2018-02-01,98.56999969482422,99.3499984741211,98.01000213623048,98.72000122070312,82.51349639892578,2422100.0,-0.0005060677766702,-0.000506195872186,1.3399963378906108,42.16128274844499,ALL
2018-02-02,98.62000274658205,100.05999755859376,97.83999633789062,97.94000244140624,81.86156463623047,2300800.0,-0.0079009106527668,-0.0079322882309116,2.220001220703139,33.43908937666528,ALL
2018-02-05,97.2699966430664,98.69000244140624,95.0199966430664,95.0199966430664,79.42090606689453,4883500.0,-0.0298144627479517,-0.0302679502579624,3.6700057983398295,27.04957253675336,ALL
2018-02-06,93.6500015258789,96.97000122070312,92.72000122070312,96.5999984741211,80.74153900146484,4312400.0,0.016628278371163,0.0164915422591385,4.25,25.950073902778517,ALL
2018-02-07,96.13999938964844,98.3000030517578,95.91999816894533,96.87000274658205,80.96717071533203,3174300.0,0.0027944935984325,0.0027905962602328,2.380004882812472,26.955177469841487,ALL
2018-02-08,96.02999877929688,96.6999969482422,90.0199966430664,90.05999755859375,75.2751693725586,5282200.0,-0.0703001141386751,-0.0728934482896935,6.680000305175796,18.971600427575808,ALL
2018-02-09,91.0,91.41000366210938,88.29000091552734,90.88999938964844,75.96892547607422,5770600.0,0.0092162675859555,0.0091740569433525,3.1200027465820312,19.338664016483165,ALL
2018-02-12,91.5999984741211,92.73999786376952,90.25,90.7300033569336,75.83518981933594,4117000.0,-0.0017603994778154,-0.0017619508018769,2.489997863769517,22.402838565449784,ALL
2018-02-13,90.2300033569336,92.23999786376952,89.58999633789062,92.12999725341795,77.00534057617188,3503800.0,0.0154301816824566,0.0153123470232845,2.650001525878892,29.716814142357407,ALL
2018-02-14,91.80999755859376,95.12999725341795,91.80999755859376,95.02999877929688,79.42926788330078,3111400.0,0.0314773922041318,0.0309921358911434,3.3199996948241903,36.50558825817493,ALL
2018-02-15,94.97000122070312,95.19000244140624,93.27999877929688,94.5199966430664,79.00299072265625,2807400.0,-0.0053667517277237,-0.0053812044724983,1.9100036621093608,35.977520518660285,ALL
2018-02-16,94.12000274658205,95.72000122070312,94.06999969482422,95.04000091552734,79.43762969970703,2565400.0,0.0055015509295921,0.0054864726755185,1.6500015258789062,42.29183083793013,ALL
2018-02-20,94.41999816894533,94.9000015258789,93.25,93.6500015258789,78.27581024169922,2190000.0,-0.0146255554502288,-0.0147335632964809,1.6500015258789062,38.25834896701588,ALL
2018-02-21,93.48999786376952,95.04000091552734,93.31999969482422,93.41000366210938,78.07523345947266,1831300.0,-0.0025624363594222,-0.0025657250186582,1.720001220703125,36.83697075121496,ALL
2018-02-22,93.41000366210938,94.76000213623048,92.48999786376952,92.8000030517578,77.56535339355469,2469200.0,-0.00653062492836,-0.0065520427581376,2.270004272460966,35.8508208344696,ALL
2018-02-23,93.1500015258789,94.4499969482422,93.02999877929688,94.37000274658205,78.87763214111328,2175000.0,0.0169183622602773,0.0167768407472929,1.4199981689453267,41.77797267775186,ALL
2018-02-26,94.69000244140624,96.04000091552734,94.4499969482422,95.75,80.03105926513672,1979300.0,0.0146229937780071,0.0145171087933248,1.590003967285142,51.80960561304933,ALL
2018-02-27,95.45999908447266,96.0500030517578,94.0,94.01000213623048,78.57672119140625,2693300.0,-0.0181721707432656,-0.0183393126216502,2.0500030517577983,43.63005576874984,ALL
2018-02-28,94.48999786376952,94.76000213623048,92.22000122070312,92.26000213623048,77.1139907836914,3377700.0,-0.0186153148863484,-0.018790760590085,2.540000915527358,39.43149316434124,ALL
2018-03-01,92.33000183105467,93.81999969482422,91.55999755859376,92.05999755859376,76.94683837890625,3582300.0,-0.0021676015349021,-0.0021699541834604,2.2600021362304545,56.57894499795523,ALL
2018-03-02,91.08000183105467,91.75,90.66000366210938,91.61000061035156,76.95526885986328,1917200.0,0.000109562408731,0.0001095564072087,1.089996337890625,54.1031431977362,ALL
2018-03-05,91.18000030517578,93.37000274658205,90.87000274658205,92.88999938964844,78.03047180175781,2958600.0,0.013971791117415,0.0138750853711911,2.5,58.46890926664791,ALL
2018-03-06,93.29000091552734,93.5500030517578,92.16000366210938,93.43000030517578,78.48411560058594,1771500.0,0.0058136749445862,0.0057968407505814,1.3899993896484233,56.03861453260291,ALL
2018-03-07,92.52999877929688,93.77999877929688,92.45999908447266,93.38999938964844,78.45050811767578,2382600.0,-0.0004282074487682,-0.0004282991557585,1.3199996948242188,45.03369505970964,ALL
2018-03-08,93.6999969482422,94.41000366210938,93.0,94.33000183105467,79.2401123046875,2059600.0,0.0100649977413442,0.0100146829818762,1.410003662109375,51.160389066357226,ALL
2018-03-09,95.0,96.11000061035156,94.55999755859376,96.02999877929688,80.6681900024414,2874100.0,0.018022156408143,0.0178616825360259,1.5500030517577983,55.48829536592039,ALL
2018-03-12,95.9499969482422,95.9499969482422,94.62999725341795,94.8499984741211,79.67691802978516,2067500.0,-0.0122882634732011,-0.0123643884548442,1.3199996948242472,56.34546917067939,ALL
2018-03-13,95.44000244140624,96.69000244140624,95.0500030517578,96.41000366210938,80.98738098144531,3349600.0,0.0164472093557919,0.0163134190001223,1.6399993896484375,61.98403932336979,ALL
2018-03-14,96.83000183105467,97.73999786376952,96.12000274658205,96.41000366210938,80.98738098144531,2738500.0,0.0,0.0,1.6199951171874716,64.6991429552706,ALL
2018-03-15,96.5999984741211,97.4800033569336,96.05999755859376,96.80999755859376,81.32339477539062,2473800.0,0.0041489648124599,0.004140381590752,1.4200057983398295,61.4674186387093,ALL
2018-03-16,97.04000091552734,97.95999908447266,97.0,97.52999877929688,81.92821502685547,3425300.0,0.0074372233615593,0.0074097035788432,0.9599990844726562,59.37760212393652,ALL
2018-03-19,97.52999877929688,97.73999786376952,96.11000061035156,96.77999877929688,81.29820251464844,2406500.0,-0.0076898112817485,-0.0077195303344958,1.6299972534179543,64.6457446825982,ALL
2018-03-20,97.0199966430664,97.69000244140624,96.70999908447266,97.38999938964844,81.81061553955078,1441300.0,0.0063028825859958,0.0062831024924453,0.9800033569335797,78.15481406542423,ALL
2018-03-21,97.2699966430664,97.79000091552734,96.66999816894533,96.83999633789062,81.34860229492188,1514400.0,-0.0056473507940488,-0.0056633573711613,1.120002746582017,75.48622559595435,ALL
2018-03-22,96.25,97.06999969482422,94.48999786376952,94.6500015258789,79.5089340209961,1999200.0,-0.0226146267056468,-0.0228742591707312,2.5800018310547017,62.19886785246219,ALL
2018-03-23,94.76000213623048,95.08999633789062,92.13999938964844,92.25,77.49285888671875,2036500.0,-0.02535658613842,-0.0256836042523263,2.9499969482421875,47.64363695703933,ALL
2018-03-26,93.4499969482422,94.91000366210938,92.87000274658205,94.5199966430664,79.39971923828125,1771600.0,0.0246069170625129,0.0243090434883801,2.040000915527329,53.559640363907306,ALL
2018-03-27,94.70999908447266,95.06999969482422,92.91999816894533,93.38999938964844,78.45050811767578,1540400.0,-0.0119548422804475,-0.0120268760848864,2.150001525878892,50.0,ALL
2018-03-28,93.70999908447266,95.6500015258789,93.4800033569336,94.61000061035156,79.47533416748047,2173600.0,0.0130633449596966,0.0129787553546354,2.1699981689453125,50.83937502212034,ALL
2018-03-29,95.0999984741211,95.9000015258789,94.8000030517578,94.8000030517578,79.63492584228516,2449300.0,0.0020080654768732,0.002006052008394,1.099998474121108,45.94583429624458,ALL
2018-04-02,95.94000244140624,96.94000244140624,92.11000061035156,93.6999969482422,78.71090698242188,2563400.0,-0.0116031860404224,-0.0116710283051136,4.830001831054673,46.18960232132206,ALL
2018-04-03,93.51000213623048,95.45999908447266,92.98999786376952,95.12000274658205,79.90373992919922,2028700.0,0.0151546080779343,0.0150409241232374,2.470001220703139,45.68557801134717,ALL
2018-04-04,94.5199966430664,96.73999786376952,94.27999877929688,96.52999877929688,81.08819580078125,1789300.0,0.014823534826174,0.0147147400647016,2.459999084472642,50.36679105844785,ALL
2018-04-05,97.05999755859376,97.77999877929688,96.75,97.12999725341795,81.59221649169922,1853300.0,0.0062157097705843,0.0061964719233693,1.029998779296875,50.96623245850013,ALL
2018-04-06,96.38999938964844,97.22000122070312,95.08999633789062,95.9000015258789,80.55900573730469,2159700.0,-0.0126631043844683,-0.012743964845691,2.1300048828125,45.22564617985186,ALL
2018-04-09,96.48999786376952,97.48999786376952,95.44000244140624,95.77999877929688,80.45816040039062,1450200.0,-0.0012518195326653,-0.0012526037132399,2.049995422363281,46.95858262757512,ALL
2018-04-10,96.8499984741211,97.5999984741211,96.37000274658205,97.12000274658205,81.58380889892578,1303100.0,0.0139904826674324,0.0138935191953894,1.2299957275390483,49.21374798464735,ALL
2018-04-11,96.33999633789062,96.81999969482422,95.9800033569336,96.1999969482422,80.81097412109375,1739400.0,-0.0094728940492285,-0.0095180472908929,0.839996337890625,48.175564977309776,ALL
2018-04-12,96.66000366210938,97.4499969482422,96.47000122070312,96.75,81.27297973632812,1649800.0,0.005717114788668,0.0057008341107773,0.9799957275390768,56.60372831882924,ALL
2018-04-13,97.66000366210938,97.69000244140624,95.87000274658205,96.36000061035156,80.94538116455078,1685900.0,-0.0040308423887024,-0.0040389881307204,1.8199996948241903,64.79488250837124,ALL
2018-04-16,97.08000183105467,97.93000030517578,96.5999984741211,97.52999877929688,81.92821502685547,1765700.0,0.0121419387760584,0.0120688167379292,1.3300018310546875,61.76708475681157,ALL
2018-04-17,97.95999908447266,99.0500030517578,97.5199966430664,97.75,82.11302185058594,1810500.0,0.002255716466786,0.002253176157824,1.530006408691392,68.35013076847216,ALL
2018-04-18,97.87999725341795,98.08999633789062,96.55999755859376,97.79000091552734,82.14662170410156,2160200.0,0.0004091903179104,0.0004091066223831,1.5299987792968608,64.85979721843793,ALL
2018-04-19,98.18000030517578,99.05999755859376,97.55999755859376,97.9800033569336,82.30623626708984,2360800.0,0.0019430447616364,0.0019411594918775,1.5,64.85988670065308,ALL
2018-04-20,98.36000061035156,99.26000213623048,97.76000213623048,98.30999755859376,82.58345794677734,1542700.0,0.0033681734490675,0.0033625138576392,1.5,73.21247442472202,ALL
2018-04-23,98.80999755859376,98.9000015258789,97.80999755859376,98.61000061035156,82.83545684814453,1528400.0,0.0030514452607397,0.0030467990510202,1.090003967285142,69.80703570220943,ALL
2018-04-24,98.54000091552734,99.1999969482422,96.87000274658205,97.38999938964844,81.81061553955078,1952600.0,-0.0123720125123775,-0.0124491830227946,2.329994201660156,54.988341623617245,ALL
2018-04-25,97.4499969482422,97.95999908447266,96.41999816894533,97.48999786376952,81.89461517333984,2048800.0,0.0010267571419073,0.0010262303873283,1.5400009155273295,52.21665454952184,ALL
2018-04-26,97.6500015258789,97.83999633789062,96.77999877929688,97.52999877929688,81.92821502685547,1110900.0,0.0004102815972026,0.0004101974547221,1.05999755859375,61.76003795399651,ALL
2018-04-27,97.4499969482422,98.38999938964844,97.43000030517578,98.19000244140624,82.48265075683594,1292700.0,0.0067673356461961,0.0067445400163179,0.9599990844726562,66.13129527454703,ALL
2018-04-30,98.6999969482422,99.0999984741211,97.81999969482422,97.81999969482422,82.17181396484375,1520000.0,-0.0037685111855649,-0.0037756299141428,1.279998779296875,55.38443696441022,ALL
2018-05-01,97.5999984741211,98.1999969482422,96.62000274658205,98.1999969482422,82.49103546142578,1547200.0,0.0038848052778608,0.0038772789078613,1.5799942016601562,66.77841661498232,ALL
2018-05-02,97.8000030517578,97.9800033569336,92.33999633789062,94.05999755859376,79.0133285522461,4938800.0,-0.0421586041407605,-0.043073072275647,5.640007019042969,35.91646608039365,ALL
2018-05-03,93.43000030517578,94.51000213623048,91.77999877929688,94.0500030517578,79.00489044189453,2695600.0,-0.0001067935056803,-0.0001067992085127,2.730003356933608,37.404572592178816,ALL
2018-05-04,93.4000015258789,95.12999725341795,92.86000061035156,94.5199966430664,79.39971923828125,1681800.0,0.004997523497322,0.0049850773262338,2.269996643066392,32.23160700709953,ALL
2018-05-07,94.56999969482422,95.51000213623048,93.9000015258789,95.05999755859376,79.85335540771484,1729900.0,0.0057133220845808,0.0056970629596426,1.6100006103515767,34.69885817077946,ALL
2018-05-08,95.47000122070312,96.0,95.16000366210938,95.70999908447266,80.39936065673828,2227500.0,0.0068375993248579,0.0068143289580016,0.839996337890625,38.93632336388099,ALL
2018-05-09,95.48999786376952,96.45999908447266,95.27999877929688,96.41000366210938,80.98738098144531,2360500.0,0.0073137437897989,0.0072871280606495,1.1800003051757812,42.0787483263025,ALL
2018-05-10,96.5500030517578,96.56999969482422,95.8000030517578,96.0999984741211,80.72698211669922,1541700.0,-0.0032153017123217,-0.0032204819017673,0.7699966430664205,38.82713679883776,ALL
2018-05-11,96.22000122070312,97.77999877929688,96.05999755859376,96.37999725341795,80.96218872070312,1810200.0,0.0029136058085745,0.0029093694858255,1.7200012207031108,38.7032420788394,ALL
2018-05-14,96.5,96.79000091552734,95.29000091552734,95.45999908447266,80.1893539428711,1987300.0,-0.0095456260514164,-0.009591477560644,1.5,39.91648556054323,ALL
2018-05-15,95.51000213623048,96.2699966430664,95.2300033569336,95.86000061035156,80.52537536621094,1900300.0,0.004190349551628,0.0041815944862801,1.0399932861328125,41.7428039564092,ALL
2018-05-16,95.83999633789062,96.36000061035156,95.1999969482422,95.62000274658205,80.32378387451172,1482600.0,-0.0025034529896001,-0.0025065918678195,1.1600036621093608,40.51663025969505,ALL
2018-05-17,95.45999908447266,95.52999877929688,94.83999633789062,95.0,79.80294799804688,2306900.0,-0.0064842049433145,-0.0065053187203825,0.69000244140625,34.09781972874738,ALL
2018-05-18,95.16999816894533,95.3499984741211,94.5999984741211,94.91999816894533,79.73574829101562,1854100.0,-0.0008420704838234,-0.0008424252243316,0.75,35.113164196250736,ALL
2018-05-21,95.25,95.93000030517578,94.77999877929688,95.61000061035156,80.31536102294922,1105500.0,0.0072691702825455,0.00724287720659,1.1500015258789062,37.11450141610803,ALL
2018-05-22,95.5999984741211,96.5199966430664,95.33999633789062,95.87999725341795,80.54217529296875,968700.0,0.0028240459499986,0.0028200658238467,1.1800003051757812,64.72467606138852,ALL
2018-05-23,95.5199966430664,95.8499984741211,95.08000183105467,95.58999633789062,80.29855346679688,1448500.0,-0.0030247733598666,-0.0030293572325903,0.7699966430664205,61.919584298144606,ALL
2018-05-24,95.55999755859376,95.72000122070312,94.69000244140624,95.5199966430664,80.23974609375,1127800.0,-0.0007323590588863,-0.0007326273647874,1.0299987792968892,58.250753856206806,ALL
2018-05-25,95.3000030517578,95.72000122070312,95.22000122070312,95.4499969482422,80.18093872070312,1313200.0,-0.0007328958017659,-0.0007331645011878,0.5,53.48806225984386,ALL
2018-05-29,94.6500015258789,95.0,93.66000366210938,94.23999786376952,79.16451263427734,2351100.0,-0.0126766548589102,-0.0127576892061277,1.339996337890625,38.04877544510473,ALL
2018-05-30,94.4000015258789,95.16000366210938,93.9000015258789,94.37000274658205,79.66255950927734,2107100.0,0.0062912895996829,0.0062715820513417,1.2600021362304688,36.95072225036108,ALL
2018-05-31,94.27999877929688,94.27999877929688,93.20999908447266,93.4800033569336,78.91129302978516,1924700.0,-0.009430609361788,-0.0094753591255059,1.0699996948242188,33.69266400800339,ALL
2018-06-01,94.25,94.4000015258789,93.43000030517578,93.86000061035156,79.23206329345703,1821400.0,0.0040649475044187,0.0040567079267316,0.970001220703125,34.696351084147096,ALL
2018-06-04,94.22000122070312,94.37999725341795,93.86000061035156,94.25,79.56129455566406,1031400.0,0.0041552781604037,0.0041466688333009,0.519996643066392,43.9714629277302,ALL
2018-06-05,94.16999816894533,94.3499984741211,93.2699966430664,93.6999969482422,79.09699249267578,2179900.0,-0.0058357781328386,-0.0058528728257142,1.0800018310546875,36.61894721795375,ALL
2018-06-06,94.08000183105467,94.38999938964844,91.0199966430664,93.01000213623048,78.5145034790039,4230200.0,-0.0073642371892435,-0.0073914870493132,3.3700027465820312,34.179719813208806,ALL
2018-06-07,93.1500015258789,93.33999633789062,92.27999877929688,93.1999969482422,78.67491912841797,2140300.0,0.0020431339727819,0.0020410496131677,1.05999755859375,39.473043421301824,ALL
2018-06-08,93.38999938964844,93.93000030517578,93.1999969482422,93.70999908447266,79.10541534423828,1476800.0,0.0054718355047511,0.0054569194004293,0.7300033569335795,44.491163217434334,ALL
2018-06-11,93.62000274658205,93.98999786376952,93.4000015258789,93.62000274658205,79.02944946289062,1290900.0,-0.0009603120218392,-0.0009607734168412,0.5899963378906108,37.67684463116151,ALL
2018-06-12,94.06999969482422,94.70999908447266,92.94000244140624,93.5,78.92816162109375,2089400.0,-0.0012816468099583,-0.0012824688216586,1.7699966430664205,34.151271332464304,ALL
2018-06-13,93.61000061035156,94.91999816894533,93.23999786376952,93.2699966430664,78.73400115966797,2174300.0,-0.0024599643199327,-0.0024629950034295,1.6800003051758097,34.48625945074116,ALL
2018-06-14,93.58999633789062,93.72000122070312,92.4000015258789,92.8000030517578,78.33727264404297,2131100.0,-0.0050388461119924,-0.0050515839042617,1.3199996948242188,32.32031468238945,ALL
2018-06-15,92.4000015258789,93.87000274658205,92.37000274658205,93.80999755859376,79.18984985351562,4038500.0,0.0108834170592928,0.0108246189076967,1.5,41.97390208338482,ALL
2018-06-18,93.0199966430664,93.16000366210938,92.5,92.98999786376952,78.4976577758789,1946400.0,-0.0087409191824094,-0.0087793450989091,0.660003662109375,44.30031743878804,ALL
2018-06-19,92.3000030517578,93.70999908447266,92.3000030517578,93.4800033569336,78.91129302978516,1773600.0,0.0052693961275536,0.0052555614388012,1.409996032714858,43.48483124210995,ALL
2018-06-20,93.5,93.83000183105467,92.0199966430664,92.18000030517578,77.81389617919922,1464300.0,-0.0139067148496948,-0.0140043191688078,1.810005187988267,41.02208806764986,ALL
2018-06-21,92.01000213623048,92.86000061035156,91.47000122070312,92.2300033569336,77.85608673095703,2333400.0,0.0005421981654876,0.0005420512291722,1.3899993896484375,38.20538040578012,ALL
2018-06-22,92.73999786376952,92.98999786376952,92.0999984741211,92.23999786376952,77.8645248413086,2228000.0,0.000108380869189,0.0001083749964069,0.8899993896484233,34.609172254863296,ALL
2018-06-25,92.19000244140624,92.7300033569336,91.0,91.62999725341795,77.3495864868164,2576300.0,-0.0066132600891311,-0.0066352245851411,1.7300033569335938,34.2941429790082,ALL
2018-06-26,91.8499984741211,92.66999816894533,91.51000213623048,92.22000122070312,77.84764862060547,2212800.0,0.0064391053192502,0.0064184628459144,1.1599960327148438,43.91387541151633,ALL
2018-06-27,92.0999984741211,92.38999938964844,90.20999908447266,90.30999755859376,76.23530578613281,2750300.0,-0.0207115161863203,-0.0209290079347856,2.180000305175781,32.399219272047134,ALL
2018-06-28,90.26000213623048,91.70999908447266,90.20999908447266,91.3499984741211,77.11324310302734,1857600.0,0.0115161513138999,0.0114503451836974,1.5,36.49897107638853,ALL
2018-06-29,91.54000091552734,92.27999877929688,91.12000274658205,91.2699966430664,77.04568481445312,1724900.0,-0.0008760919117869,-0.0008764759045976,1.1599960327148295,36.54061172261287,ALL
2018-07-02,91.04000091552734,91.80999755859376,90.91999816894533,91.66999816894533,77.38337707519531,1789500.0,0.0043830132934172,0.0043734358657827,0.8899993896484375,39.84476093223689,ALL
2018-07-03,91.9000015258789,92.52999877929688,91.83000183105467,91.9000015258789,77.57752990722656,836500.0,0.0025089733657215,0.0025058311467782,0.6999969482422017,42.39748102392084,ALL
2018-07-05,92.4000015258789,92.43000030517578,91.38999938964844,91.94000244140624,77.61128234863281,1133800.0,0.0004350801249615,0.0004349855050477,1.0400009155273438,44.988239160593125,ALL
2018-07-06,91.8499984741211,92.58000183105467,91.41000366210938,92.16000366210938,77.79698181152344,1559600.0,0.0023926864403096,0.0023898285239328,1.1699981689452983,39.409440231666686,ALL
2018-07-09,92.76000213623048,93.66000366210938,92.37999725341795,93.5999984741211,79.01256561279297,1391200.0,0.0156250766156262,0.0155042619728867,1.2800064086914205,53.626427949663096,ALL
2018-07-10,93.83999633789062,94.16000366210938,93.16999816894533,93.36000061035156,78.80998229980469,1609500.0,-0.002563937918192,-0.0025672304360947,0.9900054931640484,49.26462037044216,ALL
2018-07-11,93.12000274658205,93.27999877929688,92.70999908447266,92.83000183105467,78.36258697509766,1500800.0,-0.0056768865015738,-0.0056930612656634,0.5699996948242188,54.39773991952744,ALL
2018-07-12,93.52999877929688,93.52999877929688,92.26000213623048,92.9000015258789,78.42166900634766,1267900.0,0.0007539571309556,0.0007536730480598,1.269996643066392,54.520883442047904,ALL
2018-07-13,92.94000244140624,93.11000061035156,92.55999755859376,92.83000183105467,78.36258697509766,1190800.0,-0.0007533891078652,-0.0007536730480597,0.5500030517577983,53.94919917437164,ALL
2018-07-16,93.12999725341795,93.75,92.83999633789062,93.45999908447266,78.89437866210938,1406200.0,0.0067862956997668,0.0067633724459847,0.910003662109375,62.21620767172943,ALL
2018-07-17,93.8000030517578,94.55999755859376,93.5,94.26000213623048,79.56970977783203,2285000.0,0.0085599395948725,0.008523511048427,1.0599975585937642,63.246655382961286,ALL
2018-07-18,94.4000015258789,95.83000183105467,94.16999816894533,95.76000213623048,80.8359375,2097600.0,0.0159134389920916,0.0157881476843183,1.6600036621093466,87.37999008182494,ALL
2018-07-19,95.20999908447266,95.43000030517578,93.37000274658205,93.41999816894533,78.8606185913086,2171500.0,-0.0244361477058567,-0.0247396650958264,2.059997558593736,62.04878603083216,ALL
2018-07-20,93.01000213623048,93.69000244140624,92.58999633789062,93.41999816894533,78.8606185913086,1863000.0,0.0,0.0,1.1000061035156108,62.63231734710025,ALL
2018-07-23,93.29000091552734,93.36000061035156,92.37000274658205,93.19000244140624,78.66645812988281,1641000.0,-0.0024620712453703,-0.0024651071268403,0.989997863769517,59.11258301111439,ALL
2018-07-24,92.41999816894533,93.72000122070312,92.41999816894533,93.2300033569336,78.70024871826172,1601400.0,0.0004295425163685,0.0004294502893911,1.3000030517577983,58.15953219798414,ALL
2018-07-25,92.93000030517578,93.75,92.76000213623048,93.75,79.13920593261719,1488300.0,0.0055775835719005,0.0055620864502727,0.989997863769517,60.48677293006305,ALL
2018-07-26,94.26000213623048,95.58000183105467,94.1500015258789,94.76000213623048,79.9917984008789,1674400.0,0.0107733260425642,0.010715707227004,1.430000305175767,63.80058545234397,ALL
2018-07-27,95.06999969482422,95.9499969482422,94.56999969482422,94.63999938964844,79.89048767089844,1005100.0,-0.0012665139677539,-0.0012673166744001,1.379997253417983,56.41978931535859,ALL
2018-07-30,94.5500030517578,95.5199966430664,94.23999786376952,94.58999633789062,79.84828186035156,1434100.0,-0.0005282958181547,-0.0005284354155584,1.2799987792968892,57.77490859232175,ALL
2018-07-31,94.77999877929688,95.16999816894533,94.43000030517578,95.12000274658205,80.29569244384766,1813700.0,0.0056032587436081,0.0055876188849189,0.7399978637695455,64.4752868480648,ALL
2018-08-01,95.1500015258789,95.55999755859376,94.4499969482422,94.6500015258789,79.89892578125,1567400.0,-0.0049413193973651,-0.0049535680824945,1.1100006103515625,60.52935245898964,ALL
2018-08-02,95.83999633789062,97.76000213623048,94.81999969482422,97.54000091552734,82.3385238647461,2730100.0,0.0305335529813668,0.0300766807226006,2.940002441406264,71.15881515117557,ALL
2018-08-03,97.52999877929688,98.06999969482422,96.8000030517578,98.0500030517578,82.76905822753906,2681300.0,0.0052288326603981,0.0052152097821022,1.2699966430664205,70.8445998637345,ALL
2018-08-06,98.12999725341795,98.9800033569336,98.12000274658205,98.4000015258789,83.06451416015625,1956100.0,0.0035696423149451,0.0035632862632133,0.8600006103515483,69.60217182363519,ALL
2018-08-07,98.6500015258789,99.5999984741211,98.3499984741211,98.7699966430664,83.3768310546875,2189100.0,0.0037599316349345,0.0037528807603292,1.25,65.95954716749665,ALL
2018-08-08,98.66000366210938,99.37999725341795,98.26000213623048,99.20999908447266,83.74826049804688,1734800.0,0.0044548280218967,0.0044449346468521,1.1199951171874716,88.44583832935452,ALL
2018-08-09,98.88999938964844,99.66999816894533,98.62999725341795,99.4800033569336,83.97618103027344,2010500.0,0.0027214957167005,0.0027177991525027,1.0400009155273722,88.84578529078128,ALL
2018-08-10,98.91999816894533,99.06999969482422,98.25,98.62999725341795,83.25863647460938,1227600.0,-0.0085446199965367,-0.0085813345528693,0.8199996948242188,82.30364154317449,ALL
2018-08-13,98.62999725341795,99.08000183105467,97.95999908447266,98.16000366210938,82.86190795898438,1658900.0,-0.0047650133658624,-0.0047764022351965,1.120002746582017,77.85294048563688,ALL
2018-08-14,98.05999755859376,98.7699966430664,97.66000366210938,98.37999725341795,83.04762268066406,2608500.0,0.0022412556777187,0.002238747810694,1.1099929809570312,77.07586341034401,ALL
2018-08-15,98.13999938964844,99.27999877929688,98.13999938964844,98.83999633789062,83.43594360351562,1536700.0,0.0046758824673975,0.0046649844875506,1.1399993896484375,75.499879683177,ALL
2018-08-16,99.26000213623048,100.16999816894533,99.01000213623048,99.88999938964844,84.3222885131836,3000700.0,0.0106230584971849,0.010567030256168,1.1599960327148438,79.39525878515352,ALL
2018-08-17,99.63999938964844,100.1999969482422,99.41000366210938,100.0199966430664,84.43202209472656,1140100.0,0.0013013591480717,0.001300513114172,0.7899932861328267,80.13311131396014,ALL
2018-08-20,100.1999969482422,100.98999786376952,100.08000183105467,100.44000244140624,84.78657531738281,1150600.0,0.0041992743257821,0.0041904819790734,0.9099960327148438,79.88756411597387,ALL
2018-08-21,100.26000213623048,101.75,100.26000213623048,101.44000244140624,85.6307144165039,2725300.0,0.0099560466496166,0.0099068117375287,1.489997863769517,86.00218329520393,ALL
2018-08-22,101.11000061035156,101.55999755859376,99.5,99.51000213623048,84.00149536132812,1325600.0,-0.0190261060681022,-0.0192094314610876,2.059997558593764,61.62924327675453,ALL
2018-08-23,99.4499969482422,99.61000061035156,98.7300033569336,99.1500015258789,83.69760131835938,1607400.0,-0.0036177218234219,-0.0036242816047727,0.8799972534179688,56.61043278004693,ALL
2018-08-24,99.33999633789062,99.8499984741211,99.1999969482422,99.52999877929688,84.01839447021484,1879000.0,0.0038327639837045,0.003825437657912,0.650001525878892,56.76640173355659,ALL
2018-08-27,100.16999816894533,100.45999908447266,99.91000366210938,100.41999816894533,84.76966094970703,1243800.0,0.0089416904980077,0.0089019503041848,0.5499954223632812,59.30090736334782,ALL
2018-08-28,100.43000030517578,101.11000061035156,100.16999816894533,100.37999725341795,84.73590850830078,1953200.0,-0.0003981665259493,-0.0003982458152881,0.9400024414062358,56.906701666213166,ALL
2018-08-29,100.55999755859376,101.04000091552734,100.31999969482422,100.58000183105467,84.90474700927734,1592400.0,0.001992526001654,0.0019905435546683,0.720001220703125,56.547641463249306,ALL
2018-08-30,100.1999969482422,100.23999786376952,99.76000213623048,100.02999877929688,84.82842254638672,1576000.0,-0.0008989422332568,-0.0008993465241337,0.4799957275390341,62.16959538187646,ALL
2018-08-31,99.8000030517578,100.66999816894533,99.58000183105467,100.56999969482422,85.2863540649414,1480400.0,0.0053983264666306,0.0053838077301251,1.0899963378906534,68.61857515992159,ALL
2018-09-04,100.58999633789062,101.12000274658205,100.29000091552734,100.9499969482422,85.60859680175781,2119600.0,0.0037783622051781,0.0037712421238963,0.8300018310547017,69.26310884420887,ALL
2018-09-05,100.9000015258789,101.94000244140624,100.70999908447266,101.4000015258789,85.990234375,1915100.0,0.0044579351548763,0.0044480279946933,1.2300033569335795,69.23217441056242,ALL
2018-09-06,101.30999755859376,102.11000061035156,100.54000091552734,101.0999984741211,85.73582458496094,1653300.0,-0.0029585893315465,-0.002962974608588,1.5699996948242188,61.76234196783298,ALL
2018-09-07,100.91999816894533,101.43000030517578,99.98999786376952,100.02999877929688,84.82842254638672,1575400.0,-0.0105836975729441,-0.0106401032401267,1.4400024414062642,52.91196676713793,ALL
2018-09-10,99.0500030517578,99.43000030517578,97.43000030517578,97.8499984741211,82.97972106933594,2311600.0,-0.0217934204309865,-0.0220344046993236,2.0,39.11606018548306,ALL
2018-09-11,97.0500030517578,98.43000030517578,95.66999816894533,98.16000366210938,83.24260711669922,1699300.0,0.0031680758138921,0.003163068035604,2.7600021362304545,34.53157986289564,ALL
2018-09-12,98.0,98.26000213623048,97.06999969482422,97.58000183105467,82.75076293945312,1559900.0,-0.0059085628656075,-0.0059260874874927,1.1900024414062642,40.49873305622077,ALL
2018-09-13,98.33999633789062,99.11000061035156,98.0,99.0500030517578,83.99734497070312,1544300.0,0.015064296532977,0.0149519568253645,1.1100006103515625,51.99175475987208,ALL
2018-09-14,99.0500030517578,100.02999877929688,99.02999877929688,99.98999786376952,84.79449462890625,1345900.0,0.0094901768440556,0.0094454280092515,1.0,54.85003857145445,ALL
2018-09-17,100.22000122070312,100.47000122070312,99.95999908447266,100.33000183105467,85.08285522460938,2357600.0,0.0034006995025455,0.0033949302000682,0.5100021362304688,52.077418780218,ALL
2018-09-18,100.36000061035156,101.37999725341795,100.23999786376952,101.1500015258789,85.77822875976562,1393300.0,0.0081728984449398,0.0081396811752935,1.1399993896484375,56.35585611151999,ALL
2018-09-19,100.83000183105467,102.02999877929688,100.83000183105467,101.6999969482422,86.24464416503906,2140700.0,0.0054374567068726,0.0054227271093946,1.1999969482422017,57.88428852716896,ALL
2018-09-20,101.98999786376952,102.7300033569336,101.73999786376952,102.02999877929688,86.52447509765625,1159500.0,0.0032446180899268,0.0032393656749724,0.9900054931640768,59.746568609827726,ALL
2018-09-21,102.16999816894533,102.31999969482422,101.22000122070312,101.81999969482422,86.34638977050781,2950300.0,-0.002058207541247,-0.002060328561221,1.0999984741210938,56.29406014240582,ALL
2018-09-24,101.56999969482422,101.8499984741211,100.1999969482422,100.37999725341795,85.12521362304688,1070300.0,-0.0141427586110617,-0.0142437204715459,1.650001525878892,47.40670218374357,ALL
2018-09-25,100.43000030517578,100.79000091552734,99.70999908447266,99.8000030517578,84.63336944580078,1525200.0,-0.0057778906661437,-0.0057946472527429,1.0800018310546875,42.80564102273674,ALL
2018-09-26,99.95999908447266,100.1999969482422,98.70999908447266,98.8499984741211,83.82774353027344,1444700.0,-0.0095190103005796,-0.0095646056582824,1.4899978637695457,40.44169916515449,ALL
2018-09-27,98.76000213623048,99.05999755859376,98.04000091552734,98.1500015258789,83.23413848876953,1617200.0,-0.0070812480034074,-0.0071064390331125,1.0199966430664205,41.754397318046365,ALL
2018-09-28,98.0,98.91999816894533,97.76000213623048,98.6999969482422,83.7005386352539,1445700.0,0.0056034717839641,0.0055878307381837,1.1599960327148438,54.350042128817485,ALL
2018-10-01,99.12999725341795,99.4499969482422,98.27999877929688,98.52999877929688,83.55638885498047,1658400.0,-0.0017222085141125,-0.0017236932200892,1.1699981689453267,51.92116533008467,ALL
2018-10-02,98.63999938964844,98.95999908447266,98.33999633789062,98.8499984741211,83.82774353027344,1565200.0,0.0032475634599757,0.0032423015150181,0.6200027465820312,56.77691235266329,ALL
2018-10-03,99.08999633789062,99.73999786376952,98.63999938964844,98.81999969482422,83.80232238769531,1141000.0,-0.000303254525382,-0.0003033005163338,1.0999984741210795,48.549973225387774,ALL
2018-10-04,98.95999908447266,99.98999786376952,98.93000030517578,99.44000244140624,84.32808685302734,1071400.0,0.0062738650952856,0.0062542663342757,1.0599975585937358,46.386344801332605,ALL
2018-10-05,99.38999938964844,100.16000366210938,99.3000030517578,99.58999633789062,84.45528411865234,1373200.0,0.0015083618088798,0.0015072253738331,0.8600006103515767,45.01313752141592,ALL
2018-10-08,99.66000366210938,100.55999755859376,99.3000030517578,100.08999633789062,84.87931823730469,1333900.0,0.0050208121738908,0.0050082499273554,1.259994506835966,42.53508740806821,ALL
2018-10-09,99.97000122070312,100.5500030517578,99.41000366210938,100.45999908447266,85.19307708740234,1240500.0,0.0036965288672612,0.0036897134947452,1.1399993896484233,41.04019564123599,ALL
2018-10-10,99.4499969482422,100.0,96.77999877929688,96.87000274658205,82.14865112304688,2344600.0,-0.0357356028029377,-0.0363897510256835,3.220001220703125,24.655950735468267,ALL
2018-10-11,96.5999984741211,96.75,93.0999984741211,93.16999816894533,79.01094055175781,2045100.0,-0.038195521513667,-0.0389440937901589,3.650001525878906,18.36114167776718,ALL
2018-10-12,94.6999969482422,94.6999969482422,91.66999816894533,93.16000366210938,79.00245666503906,1860400.0,-0.0001073761008223,-0.0001073818660485,3.029998779296875,20.506314599506936,ALL
2018-10-15,93.13999938964844,93.87999725341795,92.75,92.79000091552734,78.68871307373047,1667000.0,-0.0039713143686003,-0.0039792209775362,1.1299972534179543,20.8643133102096,ALL
2018-10-16,93.5,95.19000244140624,93.4499969482422,95.13999938964844,80.68155670166016,3137500.0,0.0253256604420817,0.0250102796333232,1.740005493164034,36.18747760029208,ALL
2018-10-17,95.1999969482422,96.38999938964844,94.51000213623048,95.75,81.19884490966797,1737900.0,0.006411480258377,0.0063910141509412,1.8799972534179543,41.004287943715845,ALL
2018-10-18,95.80999755859376,97.13999938964844,95.37999725341795,96.61000061035156,81.92816162109375,2424200.0,0.0089818606685492,0.0089417636762261,1.760002136230483,42.34426976126779,ALL
2018-10-19,96.70999908447266,98.1999969482422,96.26000213623048,97.31999969482422,82.53025817871094,2384500.0,0.0073490793117243,0.0073222064087718,1.9399948120117188,45.73633679442725,ALL
2018-10-22,97.6500015258789,97.93000030517578,96.6500015258789,96.73999786376952,82.03839111328125,1346700.0,-0.0059598391703149,-0.0059776698925721,1.279998779296875,42.6988761946269,ALL
2018-10-23,95.25,96.56999969482422,94.91999816894533,96.06999969482422,81.47021484375,1652900.0,-0.0069257363756279,-0.0069498305990705,1.650001525878892,40.88786077541749,ALL
2018-10-24,95.56999969482422,95.75,91.95999908447266,92.08999633789062,78.0950698852539,2453900.0,-0.0414279619241119,-0.0423105622252459,3.790000915527344,30.08122826419812,ALL
2018-10-25,92.54000091552734,93.2699966430664,91.88999938964844,92.8499984741211,78.73954772949219,1855600.0,0.0082524779756931,0.0082186124679912,1.3799972534179688,32.31885733975592,ALL
2018-10-26,92.29000091552734,93.0999984741211,91.0199966430664,92.33000183105467,78.29859161376953,2608300.0,-0.0056001860365968,-0.0056159258699219,2.0800018310546875,29.66437395999496,ALL
2018-10-29,93.27999877929688,94.98999786376952,92.72000122070312,93.54000091552734,79.32471466064453,2056600.0,0.0131052554806687,0.0130201245881425,2.269996643066392,32.63043130694612,ALL
2018-10-30,94.18000030517578,95.6999969482422,93.1999969482422,95.48999786376952,80.97836303710938,2017700.0,0.0208465720115003,0.0206322556197069,2.5,46.22533420084632,ALL
2018-10-31,96.23999786376952,96.95999908447266,95.48999786376952,95.72000122070312,81.17341613769531,2124100.0,0.0024087063910707,0.0024058101077632,1.4700012207031392,58.60911623521864,ALL
2018-11-01,91.0,91.77999877929688,88.58000183105469,89.97000122070312,76.2972412109375,5007200.0,-0.060071081873483,-0.0619510255916929,3.1999969482421875,42.23839627349859,ALL
2018-11-02,90.37000274658205,90.98999786376952,88.93000030517578,89.55000305175781,75.94107818603516,2738200.0,-0.0046680983381517,-0.0046790279360889,2.059997558593736,42.135832015862064,ALL
2018-11-05,89.63999938964844,90.91000366210938,89.63999938964844,90.38999938964844,76.65340423583984,1742700.0,0.009379983361043,0.0093362644926529,1.2700042724609375,37.55883877656817,ALL
2018-11-06,90.18000030517578,91.1500015258789,89.93000030517578,91.02999877929688,77.1961669921875,1705700.0,0.0070807390977409,0.0070557883751245,1.220001220703125,37.65694117226345,ALL
2018-11-07,91.58000183105467,92.55999755859376,90.80999755859376,92.5199966430664,78.45970916748047,1715200.0,0.0163679392970488,0.0162354285750354,1.75,39.64549090062639,ALL
2018-11-08,92.16999816894533,93.70999908447266,92.16999816894533,93.6999969482422,79.46038055419922,2539200.0,0.0127539522811983,0.0126733056170651,1.5400009155273295,41.04839904551852,ALL
2018-11-09,93.72000122070312,94.5999984741211,93.2699966430664,93.72000122070312,79.47735595703125,1640800.0,0.0002136335455937,0.0002136107291973,1.3300018310546875,42.31944237247959,ALL
2018-11-12,93.48999786376952,93.8000030517578,91.36000061035156,91.55999755859376,77.64561462402344,1354300.0,-0.0230473360739142,-0.0233170785470083,2.440002441406236,39.338059514836175,ALL
2018-11-13,91.4800033569336,92.6500015258789,91.0199966430664,91.37999725341795,77.49296569824219,1360100.0,-0.0019659697011918,-0.0019679047562138,1.6300048828125,47.95387288650177,ALL
2018-11-14,91.06999969482422,91.33000183105467,87.83999633789062,88.63999938964844,75.16938781738281,2157500.0,-0.0299843716126105,-0.0304430958749245,3.4900054931640483,39.110296102542144,ALL
2018-11-15,87.86000061035156,89.30999755859375,87.1500015258789,89.29000091552734,75.7205810546875,2029300.0,0.0073326822701251,0.0073059288587267,2.159996032714844,42.18907837111754,ALL
2018-11-16,88.94999694824219,89.83000183105469,88.81999969482422,89.5,75.8986587524414,1778600.0,0.0023517740523582,0.0023490129598912,1.0100021362304688,39.05732028379911,ALL
2018-11-19,89.5,89.7300033569336,87.48999786376953,88.44999694824219,75.00823211669922,2100600.0,-0.0117317835437184,-0.0118011439306735,2.2400054931640625,29.954345572914136,ALL
2018-11-20,88.19999694824219,88.48999786376953,87.08000183105469,88.08999633789062,74.70294189453125,1658000.0,-0.0040700895562102,-0.0040783949140683,1.4099960327148438,28.434012142689312,ALL
2018-11-21,88.52999877929688,89.12000274658203,87.69999694824219,88.06999969482422,74.68598175048828,2262200.0,-0.0002270344863648,-0.0002270602625953,1.4200057983398438,42.05677989497352,ALL
2018-11-23,87.43000030517578,88.69000244140625,87.12000274658203,87.7300033569336,74.39765167236328,567300.0,-0.0038605648793405,-0.0038680360948747,1.5699996948242188,42.33995310824484,ALL
2018-11-26,88.41999816894531,88.88999938964844,87.54000091552734,88.41999816894531,74.9827880859375,1827900.0,0.0078649849883847,0.0078342172140459,1.3499984741210938,41.60269424313382,ALL
2018-11-27,88.02999877929688,88.41000366210938,86.7699966430664,87.5,74.20260620117188,1349900.0,-0.0104048129534936,-0.0104593214499357,1.6400070190429688,35.30371493464855,ALL
2018-11-28,87.7699966430664,89.16999816894531,87.41000366210938,89.16000366210938,75.61033630371094,1513800.0,0.0189714374549399,0.0187937238722155,1.7599945068359375,36.20684943142997,ALL
2018-11-29,88.4000015258789,88.94000244140625,87.95999908447266,88.4800033569336,75.42281341552734,1658400.0,-0.0024801223926627,-0.0024832029907649,0.9800033569335938,28.78491470061431,ALL
2018-11-30,88.4800033569336,89.37999725341797,87.94999694824219,89.19000244140625,76.02803039550781,2667100.0,0.0080243225169305,0.0079922988391475,1.4300003051757812,32.930949080156694,ALL
2018-12-03,89.68000030517578,90.0,87.88999938964844,88.76000213623047,75.6614990234375,2963800.0,-0.0048210031242893,-0.0048326616454554,2.1100006103515625,38.516287087965466,ALL
2018-12-04,88.76000213623047,89.04000091552734,86.18000030517578,86.4000015258789,73.6497802734375,3162900.0,-0.0265884072608293,-0.0269482721209594,2.8600006103515625,31.695446154740623,ALL
2018-12-06,85.62999725341797,86.06999969482422,83.33999633789062,85.08999633789062,72.5330810546875,2677100.0,-0.0151622885309916,-0.0152784113143972,2.7300033569335938,35.81260182362834,ALL
2018-12-07,84.9800033569336,86.04000091552734,83.33000183105469,83.80999755859375,71.44197845458984,2521700.0,-0.0150428271380751,-0.0151571180832966,2.709999084472656,28.23906394662565,ALL
2018-12-10,82.9800033569336,83.7699966430664,81.44999694824219,83.27999877929688,70.99019622802734,2221300.0,-0.0063237642116764,-0.0063438439061759,2.3199996948242188,25.711813499200417,ALL
2018-12-11,84.37000274658203,84.58999633789062,81.91000366210938,82.48999786376953,70.31676483154297,2001400.0,-0.0094862591212067,-0.0095315402706057,2.67999267578125,26.276088124000765,ALL
2018-12-12,83.69999694824219,83.94000244140625,82.33999633789062,82.4000015258789,70.24005126953125,1882200.0,-0.0010909711531169,-0.001091566695331,1.600006103515625,26.897898315366437,ALL
2018-12-13,82.18000030517578,82.62000274658203,80.23999786376953,80.58999633789062,68.6971435546875,2360800.0,-0.021966209975035,-0.0222110594163856,2.3800048828125,23.228272606291355,ALL
2018-12-14,79.73999786376953,80.37999725341797,78.94000244140625,79.30000305175781,67.5975341796875,2274800.0,-0.0160066244111684,-0.0161361140777156,1.4399948120117188,21.65740150103952,ALL
2018-12-17,79.16999816894531,81.29000091552734,78.86000061035156,80.16000366210938,68.33061218261719,3903700.0,0.0108447447355257,0.0107863622078074,2.430000305175781,22.611775082801017,ALL
2018-12-18,81.31999969482422,82.61000061035156,81.01000213623047,81.51000213623047,69.48138427734375,3304400.0,0.0168412378869233,0.0167009966078132,1.5999984741210938,31.137470112939862,ALL
2018-12-19,81.58999633789062,82.94000244140625,80.4000015258789,80.9800033569336,69.02961730957031,3081000.0,-0.0065019857113115,-0.0065232156951431,2.540000915527344,21.533858467290017,ALL
2018-12-20,80.55999755859375,81.12000274658203,79.44999694824219,79.80999755859375,68.03227233886719,3320700.0,-0.0144480732991815,-0.0145534630612657,1.6700057983398438,20.123958556292397,ALL
2018-12-21,79.80999755859375,81.94999694824219,79.33000183105469,79.8499984741211,68.06632995605469,4347600.0,0.0005006097255999,0.0005004844623548,2.6199951171875,16.256877601330643,ALL
2018-12-24,79.3499984741211,79.80000305175781,77.18000030517578,77.2699966430664,65.86709594726562,1429300.0,-0.032310159960276,-0.0328436562309347,2.6200027465820312,14.070997570723293,ALL
2018-12-26,77.55000305175781,80.94000244140625,77.0,80.80000305175781,68.87617492675781,2452000.0,0.045684099719552,0.0446713121128581,3.94000244140625,33.68285882084176,ALL
2018-12-27,79.80000305175781,81.86000061035156,79.16999816894531,81.79000091552734,69.72005462646484,2851800.0,0.012252127830914,0.0121776780083528,2.69000244140625,40.20176379891225,ALL
2018-12-28,82.2300033569336,82.9800033569336,81.62999725341797,82.0199966430664,69.9161148071289,2236000.0,0.0028121059530787,0.0028081593801892,1.350006103515625,44.33173940251401,ALL
2018-12-31,82.23999786376953,82.80999755859375,81.52999877929688,82.62999725341797,70.43609619140625,1775300.0,0.0074372179534256,0.0074096982106341,1.279998779296875,47.95201256985525,ALL
2019-01-02,81.44000244140625,82.06999969482422,81.16000366210938,81.63999938964844,69.59219360351562,2208000.0,-0.0119811095946794,-0.0120534615736092,0.9099960327148438,47.355268104540585,ALL
2019-01-03,81.2300033569336,81.43000030517578,80.20999908447266,80.30000305175781,68.44996643066406,3034900.0,-0.0164131508680286,-0.0165493388677773,1.220001220703125,43.9376291254249,ALL
2019-01-04,81.37999725341797,82.8499984741211,81.2300033569336,82.66999816894531,70.4701919555664,3061600.0,0.0295139008862586,0.0290867499552657,1.6199951171875,55.81662284120165,ALL
2019-01-07,82.12000274658203,83.29000091552734,82.12000274658203,82.54000091552734,70.3593978881836,4135800.0,-0.001572211800596,-0.0015734490225223,1.1699981689453125,59.68911578718596,ALL
2019-01-08,83.23999786376953,83.5199966430664,81.62999725341797,82.52999877929688,70.3508529663086,2627500.0,-0.0001214467737284,-0.000121454148985,1.8899993896484373,57.46695805428269,ALL
2019-01-09,82.98999786376953,83.80000305175781,82.98999786376953,83.16000366210938,70.88789367675781,3309900.0,0.0076337483883301,0.0076047587705949,0.8100051879882812,55.44561825552584,ALL
2019-01-10,83.12999725341797,83.62000274658203,82.77999877929688,83.54000091552734,71.21183013916016,1617900.0,0.0045697007711846,0.0045592913884117,0.8400039672851562,58.533396741027495,ALL
2019-01-11,83.11000061035156,83.8499984741211,82.5999984741211,83.44999694824219,71.13510131835938,1821700.0,-0.0010774729514863,-0.0010780538427674,1.25,63.07479135321426,ALL
2019-01-14,83.02999877929688,83.98999786376953,82.95999908447266,83.80000305175781,71.43344116210938,1868000.0,0.0041939891589499,0.0041852188994483,1.029998779296875,63.879300584942456,ALL
2019-01-15,84.16000366210938,84.48999786376953,83.62999725341797,84.2300033569336,71.79999542236328,2553900.0,0.0051314098031769,0.005118288986277,0.8600006103515625,78.80804957001142,ALL
2019-01-16,84.56999969482422,85.12999725341797,84.20999908447266,84.54000091552734,72.06423950195312,2727500.0,0.0036802798946633,0.0036735242346847,0.9199981689453124,71.10613425785623,ALL
2019-01-17,84.41000366210938,84.9000015258789,84.20999908447266,84.56999969482422,72.08979034423828,3475800.0,0.0003545564688081,0.0003544936285165,0.69000244140625,67.59496338324331,ALL
2019-01-18,84.93000030517578,85.93000030517578,84.5999984741211,85.69999694824219,73.05303192138672,5067500.0,0.0133616920308525,0.0132732119151946,1.3300018310546875,70.9091223459437,ALL
2019-01-22,85.41999816894531,86.41999816894531,85.3499984741211,85.86000061035156,73.18944549560547,3783400.0,0.0018673225550109,0.0018655812755986,1.0699996948242188,69.34144534947161,ALL
2019-01-23,86.01000213623047,86.4800033569336,84.66000366210938,85.88999938964844,73.21503448486328,1804200.0,0.0003496267676921,0.000349565662496,1.8199996948242188,78.75530321105417,ALL
2019-01-24,85.83000183105469,86.58000183105469,85.44000244140625,86.25,73.52188873291016,2086600.0,0.0041911371101015,0.0041823787580719,1.1399993896484375,96.41168133931876,ALL
2019-01-25,86.58000183105469,86.93000030517578,85.94999694824219,86.1500015258789,73.4366683959961,1735700.0,-0.0011591151748515,-0.0011597874684065,0.9800033569335938,92.0293583535109,ALL
2019-01-28,85.9000015258789,86.54000091552734,85.55000305175781,86.48999786376953,73.72647094726562,2195000.0,0.0039462921943409,0.0039385260083537,0.9899978637695312,95.4020694493882,ALL
2019-01-29,86.41000366210938,87.19999694824219,86.41000366210938,86.77999877929688,73.97368621826172,2383900.0,0.0033531412506224,0.0033475320080567,0.7899932861328125,95.89662598152738,ALL
2019-01-30,86.86000061035156,87.7300033569336,86.12999725341797,87.33999633789062,74.4510269165039,2221600.0,0.0064528445538563,0.0064321140849757,1.600006103515625,95.8336032158216,ALL
2019-01-31,86.83999633789062,88.05000305175781,86.80999755859375,87.87000274658203,74.90283966064453,1720000.0,0.0060685898214316,0.0060502500903562,1.2400054931640625,95.96630447588753,ALL
2019-02-01,88.30000305175781,88.87999725341797,88.0,88.81999969482422,75.71263122558594,1967200.0,0.0108112264983577,0.010753203017868,0.8799972534179688,98.20512078878272,ALL
2019-02-04,88.80000305175781,88.97000122070312,88.26000213623047,88.80000305175781,75.69558715820312,2119600.0,-0.0002251152430831,-0.0002251405853227,0.7099990844726562,97.71050258260227,ALL
2019-02-05,89.0,89.16000366210938,88.44999694824219,88.95999908447266,75.83195495605469,2143200.0,0.0018015290318913,0.0017999082247937,0.7100067138671875,97.5861044328588,ALL
2019-02-06,90.88999938964844,92.66999816894533,90.0,92.55999755859376,78.90071105957031,4553500.0,0.0404678490129128,0.0396704668190456,2.6699981689453267,98.54758700499956,ALL
2019-02-07,92.41999816894533,93.22000122070312,91.37999725341795,92.33000183105467,78.70465087890625,4812400.0,-0.0024848975127237,-0.0024879899946107,1.8400039672851705,95.86321592590986,ALL
2019-02-08,91.91000366210938,92.5199966430664,91.12000274658205,92.45999908447266,78.81546783447266,2477200.0,0.0014080102551614,0.0014070199381974,1.3999938964843608,95.30868700344811,ALL
2019-02-11,92.80999755859376,92.80999755859376,91.5199966430664,92.52999877929688,78.87512969970703,2420500.0,0.0007569816797849,0.00075669531366,1.290000915527358,95.25137290239216,ALL
2019-02-12,93.0199966430664,93.54000091552734,92.83000183105467,92.91000366210938,79.19906616210938,2242500.0,0.004106953150323,0.0040985426380894,0.7099990844726705,95.4666607925634,ALL
2019-02-13,93.1999969482422,94.88999938964844,93.0999984741211,94.0,80.12821960449219,2412800.0,0.0117318737127654,0.0116635888364919,1.7900009155273438,95.8583172070174,ALL
2019-02-14,93.55999755859376,93.9499969482422,92.79000091552734,93.2300033569336,79.47184753417969,1831800.0,-0.0081915219575863,-0.0082252568265004,1.159996032714858,88.81577591511436,ALL
2019-02-15,94.08000183105467,94.56999969482422,93.97000122070312,94.37999725341795,80.4521255493164,1571500.0,0.0123349090974023,0.012259453960707,0.5999984741210938,89.72809613212759,ALL
2019-02-19,94.04000091552734,94.98999786376952,93.8499984741211,94.62000274658205,80.65669250488281,2940100.0,0.002542716605306,0.0025394893709092,1.1399993896484233,89.67607980193553,ALL
2019-02-20,94.76000213623048,95.33999633789062,94.3000030517578,95.05999755859376,81.0317611694336,2124400.0,0.0046501865239276,0.0046394078090136,1.0399932861328267,89.5491701804163,ALL
2019-02-21,95.16000366210938,95.33999633789062,94.23999786376952,94.62999725341795,80.66524505615234,1688700.0,-0.0045231167136412,-0.0045333769565846,1.099998474121108,84.98987304711025,ALL
2019-02-22,94.7699966430664,94.94000244140624,94.3499984741211,94.56999969482422,80.61408233642578,1371000.0,-0.0006342597693832,-0.0006344609972024,0.590003967285142,82.78228691153762,ALL
2019-02-25,95.0,95.43000030517578,94.62000274658205,94.9000015258789,80.89539337158203,1703800.0,0.0034896016552325,0.0034835271230729,0.8099975585937358,83.59035624410424,ALL
2019-02-26,94.6999969482422,95.1999969482422,94.0500030517578,94.08999633789062,80.20490264892578,2155700.0,-0.0085356000370079,-0.0085722368983701,1.1499938964844034,76.36163443044123,ALL
2019-02-27,93.36000061035156,94.2699966430664,93.29000091552734,93.9800033569336,80.53915405273438,1751600.0,0.0041674684809691,0.004158808635617,0.9799957275390624,64.73513614394673,ALL
2019-02-28,94.0999984741211,94.62000274658205,93.79000091552734,94.37999725341795,80.8819351196289,1981300.0,0.0042560798027515,0.0042470483118702,0.8300018310547017,69.07767282353649,ALL
2019-03-01,94.7699966430664,95.33000183105467,94.30999755859376,95.01000213623048,81.42183685302734,1605600.0,0.0066751831864544,0.0066530028018764,1.020004272460909,71.24023546791413,ALL
2019-03-04,95.19000244140624,95.5,93.5500030517578,94.1999969482422,80.72767639160156,1970500.0,-0.008525482699178,-0.0085620325115966,1.9499969482422017,63.682128041778284,ALL
2019-03-05,94.4499969482422,94.45999908447266,93.5199966430664,94.0,80.5562973022461,1831600.0,-0.0021229285545656,-0.0021251851616989,0.94000244140625,60.25502821797303,ALL
2019-03-06,93.95999908447266,94.44000244140624,93.33000183105467,93.52999877929688,80.15351104736328,1493300.0,-0.0050000591930332,-0.0050126013140317,1.1100006103515625,50.20761232672356,ALL
2019-03-07,93.27999877929688,93.8000030517578,92.86000061035156,93.23999786376952,79.90498352050781,1949000.0,-0.0031006442962755,-0.0031054612534925,0.9400024414062358,53.81068215318443,ALL
2019-03-08,92.56999969482422,93.38999938964844,92.23999786376952,93.3000030517578,79.9563980102539,1416100.0,0.0006434453457198,0.0006432384235206,1.1500015258789205,44.78655493470355,ALL
2019-03-11,93.5500030517578,94.16000366210938,93.38999938964844,94.11000061035156,80.65054321289062,1980300.0,0.0086815466918319,0.0086440787622415,0.7700042724609375,49.94136714930863,ALL
2019-03-12,94.33000183105467,94.75,93.86000061035156,94.06999969482422,80.61627197265625,2109500.0,-0.0004249350205107,-0.0004250253309815,0.8899993896484375,45.76299406061379,ALL
2019-03-13,94.29000091552734,94.38999938964844,93.45999908447266,93.5500030517578,80.17064666748047,2302400.0,-0.0055277339707165,-0.0055430684281174,0.9300003051757812,45.03635372449573,ALL
2019-03-14,93.41999816894533,94.4000015258789,93.41000366210938,93.8499984741211,80.42774200439453,1851000.0,0.003206851230481,0.0032017202496754,0.9899978637695312,48.20417046557455,ALL
2019-03-15,93.66000366210938,95.1999969482422,93.66000366210938,94.83999633789062,81.27615356445312,4428100.0,0.0105487427461563,0.0104934929635773,1.5399932861328267,53.30794285418856,ALL
2019-03-18,95.23999786376952,95.61000061035156,94.88999938964844,95.0199966430664,81.43042755126953,2247800.0,0.0018981457666309,0.0018963465643609,0.720001220703125,61.74093803539999,ALL
2019-03-19,95.12000274658205,95.5500030517578,93.97000122070312,94.20999908447266,80.73624420166016,1642300.0,-0.0085248643594841,-0.0085614088551231,1.5800018310546733,51.76637105210976,ALL
2019-03-20,94.16999816894533,94.30999755859376,93.04000091552734,93.04000091552734,79.73360443115234,2543000.0,-0.0124187071175053,-0.0124964636887986,1.2699966430664205,40.796885050639936,ALL
2019-03-21,93.0,94.93000030517578,92.51000213623048,94.58999633789062,81.06189727783203,1950100.0,0.0166591345789042,0.0165218933128527,2.4199981689452983,47.43895686538482,ALL
2019-03-22,94.33000183105467,94.91999816894533,93.88999938964844,94.16999816894533,80.70196533203125,1524200.0,-0.0044402112199168,-0.0044500982355691,1.0299987792968892,49.80792511245215,ALL
2019-03-25,94.36000061035156,94.8000030517578,93.81999969482422,93.98999786376952,80.5477066040039,1386400.0,-0.0019114618509311,-0.0019132910254381,0.9800033569335797,49.935658466454406,ALL
2019-03-26,94.08000183105467,94.62999725341795,93.6999969482422,94.0999984741211,80.64200592041016,1769600.0,0.0011707262736833,0.0011700415080759,0.9300003051757528,53.835923046691526,ALL
2019-03-27,94.0500030517578,94.56999969482422,93.66999816894533,94.1500015258789,80.68487548828125,1349300.0,0.0005316034414297,0.0005314621903777,0.900001525878892,56.32853244315452,ALL
2019-03-28,94.41999816894533,94.9000015258789,93.25,93.94000244140624,80.50486755371094,1380000.0,-0.002230999719352,-0.0022334921069265,1.6500015258789062,54.35964113268558,ALL
2019-03-29,94.43000030517578,94.45999908447266,93.66999816894533,94.18000030517578,80.71053314208984,2085200.0,0.0025546975559171,0.0025514398632162,0.7900009155273295,50.51699175627287,ALL
2019-04-01,94.5199966430664,95.5500030517578,94.45999908447266,95.08999633789062,81.49039459228516,1536700.0,0.0096624494949424,0.0096160665722384,1.090003967285142,56.67532449372686,ALL
2019-04-02,95.36000061035156,95.43000030517578,94.75,94.80999755859376,81.25042724609375,1605300.0,-0.0029447316753344,-0.0029490759281897,0.6800003051757812,58.51325811120188,ALL
2019-04-03,95.25,95.87000274658205,94.45999908447266,95.63999938964844,81.96172332763672,2522100.0,0.0087543672772152,0.0087162699876586,1.4100036621093892,61.28598051102429,ALL
2019-04-04,95.43000030517578,96.26000213623048,95.43000030517578,96.06999969482422,82.3302230834961,1549800.0,0.004495998142771,0.0044859213353701,0.8300018310547017,58.34437590066884,ALL
2019-04-05,96.44000244140624,97.12000274658205,95.98999786376952,96.30999755859376,82.53591918945312,1411600.0,0.0024984276521202,0.0024953117705445,1.1300048828125284,58.68077647056005,ALL
2019-04-08,95.66999816894533,96.26000213623048,94.1999969482422,94.87000274658205,81.30187225341797,1572000.0,-0.0149516349748589,-0.0150645374671232,2.060005187988281,54.09440243527975,ALL
2019-04-09,94.41000366210938,94.9000015258789,94.08000183105467,94.36000061035156,80.86479949951172,1079500.0,-0.0053759248316433,-0.0053904271143472,0.819999694824233,58.91861198130957,ALL
2019-04-10,94.58000183105467,95.0500030517578,94.25,95.0,81.41328430175781,1431700.0,0.0067827386655352,0.0067598393818872,0.8000030517577983,53.15884266073356,ALL
2019-04-11,95.25,95.9000015258789,95.12000274658205,95.80999755859376,82.10742950439453,1168700.0,0.0085261908862916,0.008490048215012,0.7799987792968608,61.91844704414853,ALL
2019-04-12,96.30999755859376,97.0999984741211,96.19000244140624,97.01000213623048,83.13578796386719,1416000.0,0.0125245482129923,0.0124467648532826,0.909996032714858,69.11357200248368,ALL
2019-04-15,97.0199966430664,97.18000030517578,96.20999908447266,96.4000015258789,82.61305236816406,930000.0,-0.0062877324977098,-0.006307583543483,0.970001220703125,63.69027999605744,ALL
2019-04-16,96.75,98.23999786376952,96.5999984741211,98.19000244140624,84.14704895019531,1768600.0,0.018568453023561,0.0183981640713826,1.6399993896484233,69.92082486826094,ALL
2019-04-17,98.33000183105467,98.5,97.19000244140624,97.43000030517578,83.49573516845703,1337200.0,-0.0077401856614577,-0.007770296374134,1.3099975585937642,66.32366425182529,ALL
2019-04-18,97.33999633789062,98.27999877929688,96.6999969482422,96.72000122070312,82.88726806640625,2533100.0,-0.0072874033724377,-0.0073140862078147,1.5800018310546733,61.37990451233083,ALL
2019-04-22,96.23999786376952,97.12000274658205,96.02999877929688,97.06999969482422,83.1872329711914,1049400.0,0.0036189503138748,0.003612417669321,1.0900039672851705,59.3396625748322,ALL
2019-04-23,96.75,97.61000061035156,96.52999877929688,97.29000091552734,83.37576293945312,1754300.0,0.0022663329639418,0.002263768704969,1.0800018310546875,61.764795315907634,ALL
2019-04-24,97.08000183105467,97.44000244140624,96.37999725341795,96.41000366210938,82.62161254882812,1765000.0,-0.0090451992765889,-0.0090863554567751,1.0600051879882812,53.63556806460318,ALL
2019-04-25,96.04000091552734,96.87000274658205,95.5199966430664,96.47000122070312,82.67304229736328,1483200.0,0.0006224733087212,0.0006222796525708,1.3500061035156392,51.95708984477082,ALL
2019-04-26,96.55999755859376,97.52999877929688,96.37000274658205,97.41000366210938,83.47859954833984,1218500.0,0.0097438926715565,0.0096967270861307,1.1599960327148295,55.03662548253105,ALL
2019-04-29,97.54000091552734,98.26000213623048,97.54000091552734,97.76000213623048,83.77852630615234,1174200.0,0.0035928580430824,0.0035864191467084,0.7200012207031392,64.6997558342571,ALL
2019-04-30,97.9000015258789,99.13999938964844,97.73999786376952,99.05999755859376,84.89261627197266,1759600.0,0.0132980372768682,0.0132103945087157,1.4000015258789205,72.12806373679066,ALL
2019-05-01,99.0500030517578,99.8499984741211,98.0,98.0,83.98422241210938,2089700.0,-0.0107005049408894,-0.0107581670552833,1.8499984741210935,63.58694600348365,ALL
2019-05-02,98.9800033569336,100.0,97.18000030517578,98.29000091552734,84.23274230957031,1949200.0,0.0029591260158539,0.0029547564204649,2.8199996948242188,61.78707948320641,ALL
2019-05-03,98.68000030517578,99.0,97.13999938964844,98.58000183105467,84.4813003540039,2028500.0,0.0029508482998226,0.0029465030929105,1.8600006103515625,58.16884537746152,ALL
2019-05-06,97.51000213623048,98.18000030517578,96.9000015258789,97.68000030517578,83.70997619628906,1619800.0,-0.0091301170138569,-0.0091720519747547,1.279998779296875,56.46449241217074,ALL
2019-05-07,97.25,97.8000030517578,95.26000213623048,95.66000366210938,81.9788818359375,2222400.0,-0.0206796661402981,-0.0208964848033285,2.5400009155273158,37.5124573987721,ALL
2019-05-08,95.25,96.1999969482422,94.81999969482422,95.31999969482422,81.68750762939453,2123500.0,-0.0035542593411568,-0.0035605907276004,1.379997253417983,39.135050884752914,ALL
2019-05-09,94.68000030517578,95.08999633789062,93.9800033569336,94.38999938964844,80.89053344726562,2007700.0,-0.0097563777529444,-0.0098042830491417,1.1099929809570312,38.268149412591626,ALL
2019-05-10,94.01000213623048,96.51000213623048,93.9499969482422,96.37999725341795,82.59590148925781,1883900.0,0.0210824180446771,0.0208632587891355,2.560005187988281,47.01808301984354,ALL
2019-05-13,95.22000122070312,95.33999633789062,93.54000091552734,94.08000183105467,80.62483978271484,1350200.0,-0.0238639166230217,-0.0241532725989334,1.7999954223632812,38.241729860029984,ALL
2019-05-14,93.9499969482422,95.7300033569336,93.93000030517578,94.73999786376952,81.19046783447266,2301500.0,0.0070155556684787,0.0069910611528419,1.8000030517578125,43.78265973814538,ALL
2019-05-15,94.43000030517578,96.08999633789062,94.43000030517578,95.48999786376952,81.83318328857422,1851100.0,0.0079161442376696,0.0078849759482697,1.6599960327148438,46.52967627713663,ALL
2019-05-16,95.5999984741211,96.73999786376952,95.5,95.87000274658205,82.15886688232422,1950700.0,0.0039798475467038,0.0039719489034512,1.239997863769517,44.32163608311723,ALL
2019-05-17,95.0199966430664,96.27999877929688,95.0199966430664,95.63999938964844,81.96172332763672,1416300.0,-0.0023995408185201,-0.0024024243302496,1.2600021362304688,42.11315260605242,ALL
2019-05-20,95.52999877929688,96.4800033569336,95.44000244140624,95.94000244140624,82.2188491821289,1236800.0,0.0031371455363906,0.0031322349627747,1.040000915527358,37.46001371162926,ALL
2019-05-21,96.4000015258789,97.0,95.80999755859376,96.91000366210938,83.05009460449219,1865300.0,0.010110156376939,0.0100593906256764,1.1900024414062358,45.58699924021908,ALL
2019-05-22,96.69000244140624,97.3499984741211,96.08999633789062,97.08999633789062,83.204345703125,1876200.0,0.0018573259834007,0.00185560328624,1.2600021362304688,45.09799357910401,ALL
2019-05-23,96.48999786376952,96.5,95.45999908447266,95.9800033569336,82.25310516357422,1316200.0,-0.011432582415164,-0.011498436790346,1.0400009155273438,40.04579451229321,ALL
2019-05-24,96.2300033569336,96.5,95.7699966430664,96.37000274658205,82.58732604980469,1049600.0,0.0040633224188413,0.004055089418988,0.7300033569335938,44.78086055433228,ALL
2019-05-28,96.31999969482422,96.88999938964844,95.0199966430664,95.08999633789062,81.49039459228516,1894700.0,-0.0132820798297552,-0.0133710755628022,1.8700027465820312,47.58675536626274,ALL
2019-05-29,95.9000015258789,96.37999725341795,95.26000213623048,96.2300033569336,82.46736145019531,1828700.0,0.0119887363755954,0.0119174407396933,1.1199951171874716,53.60824378352161,ALL
2019-05-30,96.08000183105467,96.4000015258789,95.43000030517578,95.88999938964844,82.60519409179688,1395800.0,0.0016713599074562,0.0016699647398213,0.970001220703125,58.4487557535777,ALL
2019-05-31,94.93000030517578,95.73999786376952,94.81999969482422,95.51000213623048,82.27783966064453,1403100.0,-0.0039628795108036,-0.0039707525245656,0.9199981689452984,48.18652489118453,ALL
2019-06-03,95.33000183105467,96.95999908447266,95.2699966430664,96.7699966430664,83.36328125,2059800.0,0.0131923929193131,0.0131061311417867,1.69000244140625,67.36756333569782,ALL
2019-06-04,97.5999984741211,98.05999755859376,97.13999938964844,97.87999725341795,84.31948852539062,1747300.0,0.0114703651422145,0.0114050792648979,0.9199981689453268,68.90793029652285,ALL
2019-06-05,97.91000366210938,99.5,97.80999755859376,99.33000183105467,85.568603515625,2047100.0,0.0148140721923168,0.0147054156081341,1.6900024414062358,71.03097114394181,ALL
2019-06-06,99.41999816894533,99.66999816894533,98.9499969482422,99.5,85.71507263183594,1771600.0,0.0017117156315891,0.0017102523160028,0.720001220703125,70.43433354171617,ALL
2019-06-07,99.58000183105467,101.12000274658205,99.52999877929688,100.72000122070312,86.76602172851562,2270300.0,0.0122609602303405,0.0121864034638499,1.5900039672851705,75.13930818187552,ALL
2019-06-10,101.0199966430664,101.26000213623048,100.54000091552734,100.79000091552734,86.82633209228516,1583600.0,0.0006950919561372,0.0006948504916104,0.7200012207031392,74.6164732660385,ALL
2019-06-11,101.0500030517578,101.37000274658205,99.7300033569336,100.43000030517578,86.51620483398438,1488100.0,-0.0035718111179815,-0.0035782052656452,1.6399993896484517,69.61042459109518,ALL
2019-06-12,100.5500030517578,101.16000366210938,100.33000183105467,100.61000061035156,86.6712646484375,1127700.0,0.0017922632499964,0.0017906590626824,0.8300018310547017,69.61320529952246,ALL
2019-06-13,100.69000244140624,101.25,100.37000274658205,101.0999984741211,87.0933837890625,1881200.0,0.0048703470791298,0.0048585253073436,0.8799972534179545,79.12635399613072,ALL
2019-06-14,101.18000030517578,102.4800033569336,101.16000366210938,102.13999938964844,87.98931121826172,1019400.0,0.0102869746267881,0.0102344237887979,1.3199996948242188,80.448089170605,ALL
2019-06-17,102.25,102.3000030517578,101.0500030517578,101.27999877929688,87.24845886230469,1295000.0,-0.0084197994699527,-0.0084554462148342,1.25,83.8123620684866,ALL
2019-06-18,101.3000030517578,102.0500030517578,101.06999969482422,101.87000274658205,87.75672149658203,1467300.0,0.0058254626030642,0.0058085602068776,0.9800033569335797,82.86938571546422,ALL
2019-06-19,102.0500030517578,103.02999877929688,102.0500030517578,102.76000213623048,88.52339935302734,2555300.0,0.0087364003961243,0.0086984588716136,0.9799957275390768,84.11119114396855,ALL
2019-06-20,102.98999786376952,103.98999786376952,102.5999984741211,103.5500030517578,89.20396423339844,2870900.0,0.0076879659541431,0.0076585641411619,1.3899993896484233,88.35877427156775,ALL
2019-06-21,103.33000183105467,103.48999786376952,100.93000030517578,101.20999908447266,87.18811798095703,2704700.0,-0.0225981689240517,-0.0228574207327072,2.559997558593736,69.20390200102813,ALL
2019-06-24,101.1500015258789,102.56999969482422,101.11000061035156,102.19000244140624,88.03240203857422,1197500.0,0.0096834761108342,0.0096368917469902,1.4599990844726562,68.85385116638734,ALL
2019-06-25,102.3000030517578,102.44000244140624,101.61000061035156,101.61000061035156,87.53274536132812,1890200.0,-0.0056758269191286,-0.0056919956343145,0.8300018310546733,60.79542023656968,ALL
2019-06-26,101.62000274658205,101.72000122070312,99.37999725341795,99.48999786376952,85.70643615722656,1850200.0,-0.0208642970874808,-0.0210850322552631,2.3400039672851705,49.95993079212435,ALL
2019-06-27,99.9499969482422,100.3499984741211,99.58000183105467,100.13999938964844,86.26638793945312,1074900.0,0.0065333691066018,0.0065121191562892,0.7699966430664205,47.57128022548584,ALL
2019-06-28,100.87000274658205,101.73999786376952,100.73999786376952,101.69000244140624,87.60163116455078,1756000.0,0.015478139945245,0.0153595754109833,1.0,53.353113690418056,ALL
2019-07-01,102.9800033569336,103.1999969482422,101.91000366210938,103.1500015258789,88.859375,1418000.0,0.0143575389947554,0.0142554455782485,1.2899932861328267,59.36631221203356,ALL
2019-07-02,102.95999908447266,103.56999969482422,102.5999984741211,103.2699966430664,88.96275329589844,1437100.0,0.0011633921113944,0.0011627158952109,0.970001220703125,59.197728970932296,ALL
2019-07-03,103.2699966430664,107.43000030517578,103.2699966430664,104.62999725341795,90.13433837890624,1090800.0,0.013169388756562,0.0130834262497381,4.160003662109375,61.5132867391422,ALL
2019-07-05,104.62999725341795,104.69000244140624,103.55999755859376,104.48999786376952,90.01371765136719,1074000.0,-0.001338232794609,-0.0013391290277836,1.1300048828124716,58.14258788611188,ALL
2019-07-08,104.31999969482422,104.66999816894533,104.02999877929688,104.37999725341795,89.9189453125,1251600.0,-0.0010528655113907,-0.0010534201636335,0.6399993896484517,61.33012229149271,ALL
2019-07-09,104.11000061035156,104.8000030517578,104.01000213623048,104.66000366210938,90.1601791381836,1321900.0,0.0026827919838829,0.0026791997208971,0.7900009155273153,60.43360469506584,ALL
2019-07-10,104.61000061035156,105.26000213623048,103.80999755859376,104.26000213623048,89.81558227539062,1125200.0,-0.003822051665013,-0.0038293743689348,1.4500045776367188,55.82285383061952,ALL
2019-07-11,103.3499984741211,103.80999755859376,102.29000091552734,103.1500015258789,88.859375,1767300.0,-0.0106463405476648,-0.010703418305494,1.5199966430664205,48.48484645173756,ALL
2019-07-12,103.3499984741211,103.93000030517578,102.88999938964844,103.91000366210938,89.51408386230469,979400.0,0.007367921080974,0.007340910543642,1.0400009155273438,61.61787223080496,ALL
2019-07-15,104.0199966430664,104.38999938964844,103.61000061035156,104.38999938964844,89.92757415771484,1263800.0,0.0046192764039925,0.0046086402882724,0.779998779296875,59.8918130238515,ALL
2019-07-16,104.5199966430664,104.91999816894533,104.2300033569336,104.8499984741211,90.3238525390625,1161000.0,0.0044066392878858,0.0043969584824383,0.689994812011733,64.72705695565577,ALL
2019-07-17,104.68000030517578,104.68000030517578,102.45999908447266,102.94000244140624,88.6784439086914,1402100.0,-0.0182167675992286,-0.0183847359306155,2.220001220703125,65.98675414066487,ALL
2019-07-18,102.93000030517578,103.37999725341795,102.43000030517578,103.1999969482422,88.90245056152344,1205900.0,0.0025260552954975,0.0025228701805429,0.9499969482421732,64.71136241707902,ALL
2019-07-19,103.33000183105467,103.33000183105467,101.36000061035156,101.41000366210938,87.36042785644531,1294700.0,-0.0173451091093489,-0.0174972979026616,1.9700012207031108,48.6842576199858,ALL
2019-07-22,101.33999633789062,101.97000122070312,101.06999969482422,101.20999908447266,87.18811798095703,1008700.0,-0.0019724019183082,-0.0019743496645523,0.9000015258789062,39.65885626397942,ALL
2019-07-23,101.1999969482422,101.61000061035156,100.43000030517578,101.51000213623048,87.44659423828125,1257500.0,0.0029645812217287,0.0029601955165334,1.1800003051757812,40.79522210858639,ALL
2019-07-24,101.4800033569336,102.16000366210938,100.88999938964844,102.08000183105467,87.93757629394531,1017300.0,0.0056146504039504,0.0055989470063429,1.2700042724609375,35.46175565303804,ALL
2019-07-25,102.23999786376952,102.43000030517578,101.68000030517578,102.04000091552734,87.90316009521484,1034900.0,-0.0003913707902913,-0.0003914473958272,0.75,35.8710474838222,ALL
2019-07-26,102.05999755859376,102.9800033569336,101.5199966430664,102.93000030517578,88.66984558105469,893600.0,0.0087219331479027,0.0086841168175732,1.4600067138671875,42.328173235342085,ALL
2019-07-29,103.0,103.4499969482422,101.72000122070312,101.80999755859376,87.70501708984375,1407600.0,-0.0108811342219939,-0.010940766737112,1.7299957275390767,36.15158919575824,ALL
2019-07-30,101.5,102.5,101.2300033569336,101.83000183105467,87.72225189208984,1265000.0,0.0001965087382451,0.0001964894329321,1.2699966430664062,37.73974077923517,ALL
2019-07-31,105.29000091552734,109.12999725341795,105.29000091552734,107.4000015258789,92.5205535888672,3523900.0,0.0546987975488808,0.0532552262114918,3.839996337890611,64.78768119514845,ALL
2019-08-01,107.69000244140624,107.83999633789062,104.27999877929688,104.87999725341795,90.34968566894533,2090800.0,-0.0234636287366863,-0.0237432828016264,3.55999755859375,53.00677653042965,ALL
2019-08-02,104.68000030517578,105.05999755859376,103.31999969482422,104.51000213623048,90.03096008300781,1727200.0,-0.0035276889297144,-0.0035339258966798,1.7399978637695457,50.37457190005888,ALL
2019-08-05,103.69000244140624,104.05999755859376,101.33000183105467,101.77999877929688,87.67916107177734,1853100.0,-0.0261221140934422,-0.0264693570121243,2.729995727539091,41.60738609098777,ALL
2019-08-06,101.88999938964844,103.9000015258789,101.31999969482422,103.87000274658205,89.47962188720703,1913800.0,0.0205346492076465,0.0203266558590752,2.5800018310546875,52.51766720914197,ALL
2019-08-07,102.48999786376952,104.33999633789062,100.83999633789062,103.33000183105467,89.01443481445312,1771400.0,-0.0051988046321909,-0.0052123654373959,3.5,50.346651148686384,ALL
2019-08-08,103.9800033569336,105.58999633789062,103.56999969482422,105.3000030517578,90.71150207519533,1462400.0,0.0190650793242654,0.0188856180739342,2.0199966430664062,60.27474038988771,ALL
2019-08-09,105.0999984741211,105.30999755859376,103.16000366210938,104.08999633789062,89.66915130615234,1984700.0,-0.0114908335238339,-0.0115573632974488,2.149993896484389,57.2218022504368,ALL
2019-08-12,103.76000213623048,104.73999786376952,102.58000183105467,102.8499984741211,88.60092163085938,1027900.0,-0.011913011997245,-0.0119845405727606,2.159996032714844,53.20875802189504,ALL
2019-08-13,102.52999877929688,104.87999725341795,102.04000091552734,104.44000244140624,89.97065734863281,1444100.0,0.0154596102677149,0.0153413280003685,2.839996337890611,55.38824566582685,ALL
2019-08-14,103.38999938964844,103.72000122070312,100.83000183105467,101.69000244140624,87.60163116455078,2244900.0,-0.0263310978700771,-0.0266839693425914,2.889999389648452,49.28886365010408,ALL
2019-08-15,101.86000061035156,102.36000061035156,101.12999725341795,101.83999633789062,87.73085021972656,1244600.0,0.0014750759027883,0.0014739890469941,1.230003356933608,47.716787905186855,ALL
2019-08-16,102.3499984741211,103.66999816894533,101.12999725341795,103.22000122070312,88.91968536376953,1939900.0,0.0135509360853731,0.013459943254716,2.540000915527372,52.921696000035226,ALL
2019-08-19,104.45999908447266,104.45999908447266,103.73999786376952,103.98999786376952,89.58299255371094,1640200.0,0.007459621423848,0.007431936044339,0.7200012207031392,54.34080819967813,ALL
2019-08-20,103.70999908447266,104.29000091552734,103.1500015258789,103.22000122070312,88.91968536376953,923700.0,-0.0074043874962506,-0.007431936044339,1.1399993896484375,39.5917344823069,ALL
2019-08-21,103.72000122070312,103.95999908447266,103.3000030517578,103.88999938964844,89.49684143066406,920900.0,0.0064907569626837,0.0064697827099719,0.659996032714858,47.28469768869919,ALL
2019-08-22,104.54000091552734,104.83999633789062,103.41999816894533,104.5,90.02234649658203,1098000.0,0.0058717722046659,0.005854600536216,1.4199981689452983,49.97293229333243,ALL
2019-08-23,104.0199966430664,105.36000061035156,101.48999786376952,101.9800033569336,87.85145568847656,1418500.0,-0.0241150213540356,-0.024410549261859,3.8700027465820455,50.54765280223726,ALL
2019-08-26,102.5199966430664,103.27999877929688,101.87000274658205,103.20999908447266,88.91105651855469,1230700.0,0.0120612780035824,0.0119891204190517,1.4099960327148295,48.10344415132543,ALL
2019-08-27,103.70999908447266,104.06999969482422,102.4000015258789,102.62999725341795,88.41140747070312,1274900.0,-0.0056196503271479,-0.0056354999695711,1.6699981689453125,47.993103833517,ALL
2019-08-28,102.2300033569336,102.88999938964844,101.6500015258789,102.41000366210938,88.2219009399414,1433200.0,-0.0021434624352577,-0.0021457629388132,1.2399978637695312,40.79038795762723,ALL
2019-08-29,102.69000244140624,102.91000366210938,101.80999755859376,102.22000122070312,88.49024200439453,1296800.0,0.003041660422119,0.0030370439318854,1.1000061035156108,45.37403602050103,ALL
2019-08-30,102.91000366210938,103.19000244140624,101.9000015258789,102.38999938964844,88.63740539550781,2077800.0,0.0016630465436626,0.0016616652130255,1.2900009155273295,50.15431441416672,ALL
2019-09-03,101.80999755859376,102.73999786376952,101.61000061035156,102.54000091552734,88.76728057861328,1969100.0,0.0014652412548172,0.0014641688362899,1.1299972534179543,44.31370739399376,ALL
2019-09-04,103.51000213623048,104.08000183105467,103.19000244140624,103.9000015258789,89.94461822509766,1236400.0,0.0132631938120679,0.0131760077216113,0.8899993896484375,62.47637573269761,ALL
2019-09-05,105.0,105.58999633789062,104.2300033569336,104.37999725341795,90.36011505126952,1158400.0,0.0046194740093512,0.0046088369850151,1.3599929809570312,63.58656699118227,ALL
2019-09-06,104.2699966430664,105.5500030517578,104.02999877929688,105.30999755859376,91.1652374267578,993700.0,0.0089101521731291,0.0088706909974169,1.5200042724609233,62.08291767758245,ALL
2019-09-09,106.02999877929688,106.0999984741211,104.8000030517578,105.79000091552734,91.58075714111328,1075500.0,0.0045578745373127,0.0045475188817602,1.2999954223632957,61.04411979312969,ALL
2019-09-10,105.98999786376952,106.0199966430664,103.94000244140624,105.68000030517578,91.48553466796876,1396200.0,-0.001039765078572,-0.0010403060092744,2.0799942016601705,65.13527695795844,ALL
2019-09-11,105.4499969482422,106.16000366210938,104.7300033569336,106.1500015258789,91.89239501953124,1398700.0,0.0044472642919899,0.004437404434269,1.4300003051757812,64.42046264521959,ALL
2019-09-12,106.31999969482422,106.8499984741211,105.56999969482422,106.58000183105467,92.26463317871094,1310000.0,0.0040508048473497,0.0040426224268766,1.279998779296875,63.75159436537479,ALL
2019-09-13,106.91000366210938,107.2300033569336,105.51000213623048,105.80999755859376,91.59805297851562,1909400.0,-0.0072246556153774,-0.0072508798233436,1.7200012207031108,78.1762015253021,ALL
2019-09-16,105.47000122070312,106.41000366210938,105.0500030517578,106.37999725341795,92.09149932861328,1299500.0,0.0053870833937201,0.0053726249625802,1.3600006103515767,76.14481195443719,ALL
2019-09-17,106.37999725341795,107.97000122070312,106.12000274658205,107.94000244140624,93.44197845458984,1911900.0,0.0146645362039072,0.0145580516614913,1.8499984741210795,86.27890931139265,ALL
2019-09-18,108.0,108.6999969482422,107.18000030517578,107.98999786376952,93.4852523803711,2078900.0,0.0004631101192091,0.0004630029168143,1.5199966430664205,88.7754895568697,ALL
2019-09-19,108.16000366210938,109.0999984741211,108.12000274658205,108.36000061035156,93.8055419921875,1601200.0,0.0034260977390661,0.0034202420372002,0.9799957275390484,88.86075130328479,ALL
2019-09-20,108.66999816894533,109.0199966430664,107.33000183105467,107.91999816894533,93.42464447021484,2087900.0,-0.0040605012655262,-0.0040687674850412,1.689994812011733,83.84336991990521,ALL
2019-09-23,107.56999969482422,108.6999969482422,107.22000122070312,108.41000366210938,93.84884643554688,1080800.0,0.0045405788562276,0.0045303015263276,1.4799957275390767,84.48886343559427,ALL
2019-09-24,108.87000274658205,109.5500030517578,107.4800033569336,107.76000213623048,93.28614807128906,2146500.0,-0.005995794148032,-0.0060138410951103,2.0699996948242045,74.74354295450729,ALL
2019-09-25,108.0,108.25,107.3000030517578,107.66000366210938,93.19959259033205,2303900.0,-0.0009278492332095,-0.0009282799517578,0.9499969482422016,72.10265510270531,ALL
2019-09-26,107.6500015258789,108.63999938964844,107.29000091552734,108.11000061035156,93.58914184570312,1979800.0,0.0041797313115239,0.0041710204987413,1.3499984741210938,70.17293664661925,ALL
2019-09-27,108.54000091552734,108.54000091552734,107.0999984741211,107.83000183105467,93.34674835205078,1550900.0,-0.0025899745298655,-0.0025933343163262,1.44000244140625,65.13355754193465,ALL
2019-09-30,108.37999725341795,108.86000061035156,107.75,108.68000030517578,94.08259582519533,2163500.0,0.0078829470349555,0.0078520389330078,1.1100006103515625,70.05356225522317,ALL
2019-10-01,109.0,109.4499969482422,106.9800033569336,107.16999816894533,92.775390625,2530100.0,-0.0138942297321823,-0.0139916580558452,2.469993591308608,55.98587834189482,ALL
2019-10-02,106.62999725341795,107.12999725341795,104.95999908447266,105.61000061035156,91.42493438720705,1466700.0,-0.0145561902644153,-0.0146631710259696,2.1699981689452983,44.97419538083169,ALL
2019-10-03,105.58000183105467,106.18000030517578,104.81999969482422,105.6500015258789,91.45955657958984,1276600.0,0.0003786952937385,0.0003786236067735,1.3600006103515625,49.10322518814338,ALL
2019-10-04,105.7300033569336,108.5,105.7300033569336,108.45999908447266,93.89212036132812,1715000.0,0.0265971525853772,0.0262495975043115,2.7699966430664062,59.31898749971376,ALL
2019-10-07,108.16999816894533,108.7300033569336,107.4499969482422,107.45999908447266,93.02645111083984,1336300.0,-0.0092198285346725,-0.0092625942182506,1.280006408691392,47.73584780161397,ALL
2019-10-08,106.72000122070312,106.98999786376952,105.87000274658205,105.9000015258789,91.67596435546876,1422400.0,-0.0145172339613599,-0.0146236400728237,1.1199951171874716,41.37073034055393,ALL
2019-10-09,106.5999984741211,107.05999755859376,106.29000091552734,106.56999969482422,92.25598907470705,836100.0,0.0063269006583805,0.0063069698450859,0.7699966430664205,42.78819625190594,ALL
2019-10-10,106.5199966430664,108.04000091552734,106.51000213623048,107.13999938964844,92.74942016601562,1240800.0,0.0053484992818082,0.0053342468563298,1.5299987792968608,46.89000259333364,ALL
2019-10-11,108.20999908447266,108.97000122070312,107.87000274658205,107.93000030517578,93.43331146240234,1297000.0,0.0073735371624166,0.0073464855333456,1.0999984741210795,48.13081321722513,ALL
2019-10-14,107.73999786376952,108.54000091552734,107.5,108.2300033569336,93.69303131103516,1519200.0,0.0027797350277725,0.00277587870907,1.0400009155273438,51.8815555971084,ALL
2019-10-15,108.62000274658205,109.12999725341795,108.0199966430664,108.06999969482422,93.55451202392578,1489200.0,-0.0014784374586999,-0.0014795314257337,1.1100006103515483,51.63340861338631,ALL
2019-10-16,107.52999877929688,107.75,106.2300033569336,107.48999786376952,93.05241394042967,1336200.0,-0.0053669039860707,-0.0053813575523988,1.5199966430664062,47.55520000444819,ALL
2019-10-17,107.79000091552734,108.41000366210938,107.33000183105467,107.73999786376952,93.2688217163086,1051600.0,0.002325654614586,0.0023229544654919,1.0800018310547017,49.64420125376038,ALL
2019-10-18,108.1999969482422,108.69000244140624,107.58000183105467,108.41000366210938,93.84884643554688,1671800.0,0.0062188490061825,0.0061995917620586,1.1100006103515625,48.91733772080466,ALL
2019-10-21,108.94000244140624,109.29000091552734,108.43000030517578,109.12999725341795,94.47212982177734,1399800.0,0.0066413537289296,0.0066193971001323,0.8600006103515625,58.39039610049086,ALL
2019-10-22,108.66999816894533,108.72000122070312,107.08000183105467,107.5,93.06107330322266,1417900.0,-0.0149362200388268,-0.0150488886767011,1.6399993896484517,58.04252504054034,ALL
2019-10-23,107.5,108.4000015258789,107.5,108.18000030517578,93.64974975585938,1060900.0,0.0063257002282643,0.0063057769615096,0.9000015258789062,60.20987880007882,ALL
2019-10-24,108.4000015258789,108.5500030517578,107.9000015258789,108.26000213623048,93.71897888183594,1104300.0,0.0007392345004342,0.0007389614011922,0.650001525878892,48.96477667932984,ALL
2019-10-25,108.19000244140624,108.1999969482422,106.7300033569336,107.23999786376952,92.83599853515624,1758100.0,-0.0094215745542105,-0.0094662383446089,1.469993591308608,48.863624983042826,ALL
2019-10-28,107.62999725341795,108.2699966430664,106.58999633789062,106.5999984741211,92.28195190429688,1937400.0,-0.0059680149898915,-0.0059858947646863,1.6800003051757812,53.995492821714834,ALL
2019-10-29,106.8000030517578,108.22000122070312,106.31999969482422,108.22000122070312,93.68435668945312,1784900.0,0.0151969562435203,0.0150826392294646,1.9000015258789065,58.49635265724589,ALL
2019-10-30,107.47000122070312,107.61000061035156,103.6500015258789,104.9499969482422,90.8535614013672,2267400.0,-0.0302163070561449,-0.0306822293173266,3.959999084472656,41.17641628152074,ALL
2019-10-31,104.47000122070312,106.45999908447266,104.06999969482422,106.41999816894533,92.12614440917967,1600600.0,0.014006968886894,0.0139097778148954,2.389999389648437,44.23231904987925,ALL
2019-11-01,106.9800033569336,107.38999938964844,105.45999908447266,105.9000015258789,91.67596435546876,2281400.0,-0.0048865613187004,-0.0048985395971208,1.9300003051757808,41.24710560973723,ALL
2019-11-04,106.5500030517578,107.52999877929688,106.36000061035156,106.48999786376952,92.18672943115234,1379000.0,0.0055714175386594,0.0055559545990397,1.1699981689453125,44.2503720238095,ALL
2019-11-05,106.93000030517578,107.06999969482422,105.80999755859376,105.83999633789062,91.62403106689452,1554500.0,-0.0061038976838642,-0.0061226026215254,1.2600021362304543,44.026067927986425,ALL
2019-11-06,105.87000274658205,106.98999786376952,105.66999816894533,106.9499969482422,92.5849380493164,1948200.0,0.0104874995264105,0.0104328872025489,1.3199996948241903,47.307466330563024,ALL
2019-11-07,106.9499969482422,108.41000366210938,106.80999755859376,107.72000122070312,93.25153350830078,1974500.0,0.0071998261599452,0.0071740311506317,1.6000061035156108,47.66422839371732,ALL
2019-11-08,107.54000091552734,108.30999755859376,107.33999633789062,108.19000244140624,93.65837860107422,1374500.0,0.0043628783084539,0.0043533885466586,0.9700012207031392,46.76306065270486,ALL
2019-11-11,107.6999969482422,109.43000030517578,107.41000366210938,109.37999725341795,94.68856048583984,1011100.0,0.0109993563859731,0.0109393034268292,2.0199966430664062,56.67610986829178,ALL
2019-11-12,109.62000274658205,111.0,109.29000091552734,110.12999725341795,95.33781433105467,2053000.0,0.0068567294917523,0.0068333290282915,1.7099990844726562,56.890359886444735,ALL
2019-11-13,109.47000122070312,110.98999786376952,109.05999755859376,110.56999969482422,95.7187271118164,1806200.0,0.0039954008116762,0.0039874403941809,1.9300003051757528,57.96005259913209,ALL
2019-11-14,110.36000061035156,110.86000061035156,110.0999984741211,110.8000030517578,95.9178237915039,988100.0,0.0020800180455275,0.0020778578030363,0.7600021362304688,62.97363077691938,ALL
2019-11-15,110.97000122070312,111.31999969482422,110.45999908447266,111.0999984741211,96.17752838134766,1459500.0,0.0027075738332873,0.0027039149582175,0.8600006103515625,66.81603243847809,ALL
2019-11-18,110.86000061035156,111.51000213623048,110.76000213623048,111.51000213623048,96.53247833251952,1668900.0,0.0036905705225078,0.0036837770764478,0.75,63.51682411172386,ALL
2019-11-19,111.54000091552734,111.7699966430664,110.91000366210938,111.02999877929688,96.11693572998048,1682200.0,-0.0043046921587119,-0.004313984021329,0.8599929809570312,82.40907685846474,ALL
2019-11-20,110.7699966430664,111.18000030517578,109.88999938964844,110.4000015258789,95.57154846191406,1787800.0,-0.0056742057362145,-0.0056903651986515,1.2900009155273438,73.3017343331086,ALL
2019-11-21,110.30999755859376,110.63999938964844,109.3000030517578,110.1999969482422,95.39842224121094,1755900.0,-0.0018114828470328,-0.0018131255662235,1.3399963378906392,76.1556721103372,ALL
2019-11-22,110.3000030517578,111.0,109.91000366210938,110.04000091552734,95.25989532470705,1036100.0,-0.0014520881294413,-0.0014531434311268,1.089996337890625,72.78536147181755,ALL
2019-11-25,110.25,111.11000061035156,110.25,110.63999938964844,95.77931213378906,956200.0,0.0054526283837654,0.0054378166232428,0.8600006103515625,81.00749111007146,ALL
2019-11-26,110.88999938964844,112.63999938964844,110.63999938964844,112.62000274658205,97.4933624267578,2127300.0,0.0178958300574811,0.0177375848546224,2.0,82.92657711649562,ALL
2019-11-27,112.36000061035156,112.5,111.5999984741211,112.0199966430664,97.40641784667967,1599900.0,-0.0008917999945221,-0.0008921978847138,0.9000015258789062,80.22200246176133,ALL
2019-11-29,112.22000122070312,112.5,111.29000091552734,111.3499984741211,96.82381439208984,817900.0,-0.0059811608666983,-0.0059991196547619,1.2099990844726562,72.45086134685715,ALL
2019-12-02,111.70999908447266,111.8499984741211,111.0199966430664,111.13999938964844,96.64120483398438,1180700.0,-0.0018859983904991,-0.0018877791247905,0.8300018310546875,65.74173509241342,ALL
2019-12-03,110.29000091552734,110.38999938964844,108.95999908447266,109.44000244140624,95.1629867553711,1191300.0,-0.0152959400822108,-0.0154141297371958,1.4300003051757812,48.75675335483999,ALL
2019-12-04,109.36000061035156,110.5199966430664,109.12000274658205,110.13999938964844,95.77167510986328,1209100.0,0.0063962720722174,0.0063759027364087,1.3999938964843608,50.36471263377177,ALL
2019-12-05,110.16000366210938,110.33000183105467,109.33999633789062,109.54000091552734,95.24996948242188,2608500.0,-0.0054473896049426,-0.0054622807348412,0.9900054931640484,45.59548524281004,ALL
2019-12-06,110.16999816894533,111.51000213623048,110.16999816894533,111.0999984741211,96.60643768310548,1805100.0,0.0142411405279656,0.0141406880679607,1.3400039672851562,52.471177363175,ALL
2019-12-09,111.0500030517578,111.5500030517578,110.5999984741211,111.31999969482422,96.79773712158205,1789400.0,0.0019801934846628,0.0019782354859292,0.9500045776367044,51.557672594854765,ALL
2019-12-10,111.33999633789062,111.76000213623048,110.62999725341795,110.73999786376952,96.29340362548828,1031000.0,-0.0052101785753555,-0.0052237988858472,1.1300048828125284,51.02557326574799,ALL
2019-12-11,110.54000091552734,110.68000030517578,109.06999969482422,109.58999633789062,95.29342651367188,1489300.0,-0.0103846896481673,-0.010438986770675,1.6100006103515625,48.46476635844635,ALL
2019-12-12,109.38999938964844,110.56999969482422,108.93000030517578,110.3499984741211,95.95426940917967,1757200.0,0.0069348214214228,0.006910886141563,1.6399993896484375,52.91151016806637,ALL
2019-12-13,109.8000030517578,110.29000091552734,109.2300033569336,109.6999969482422,95.38904571533205,1523400.0,-0.0058905528365531,-0.0059079705766743,1.05999755859375,50.64754035651442,ALL
2019-12-16,109.9000015258789,110.12000274658205,109.16999816894533,109.62000274658205,95.31951904296876,2329900.0,-0.0007288748078135,-0.0007291405662005,0.9500045776367188,47.58575214801005,ALL
2019-12-17,109.88999938964844,110.62000274658205,109.4499969482422,109.8499984741211,95.5195083618164,3208100.0,0.0020980940824668,0.0020958961568436,1.1700057983398438,37.676398829739725,ALL
2019-12-18,110.18000030517578,110.18000030517578,109.19000244140624,109.6500015258789,95.34561920166016,1672200.0,-0.0018204570264074,-0.0018221160720865,0.9899978637695456,37.27175313384422,ALL
2019-12-19,109.4499969482422,111.20999908447266,108.9800033569336,111.20999908447266,96.70207977294922,2351900.0,0.0142267739477373,0.0141265231111221,2.2299957275390625,49.31372515285916,ALL
2019-12-20,112.43000030517578,113.31999969482422,111.51000213623048,111.58000183105467,97.02381134033205,3457700.0,0.0033270387579897,0.003321516409862,1.809997558593736,52.12362046609643,ALL
2019-12-23,111.81999969482422,112.0,110.38999938964844,110.87999725341795,96.41514587402344,1834700.0,-0.0062733617438875,-0.006293121963023,1.6100006103515625,57.69252762313116,ALL
2019-12-24,110.9499969482422,111.61000061035156,110.9499969482422,111.16999816894533,96.66728973388672,831700.0,0.0026151893209054,0.0026117756635915,0.6600036621093608,55.75420867498794,ALL
2019-12-26,111.16000366210938,112.12000274658205,111.13999938964844,111.5999984741211,97.0412139892578,822900.0,0.0038681570198197,0.0038606949372693,0.980003356933608,61.73128696288265,ALL
2019-12-27,111.87000274658205,112.12000274658205,111.41000366210938,111.87000274658205,97.27599334716795,1041600.0,0.0024193777907204,0.002416455808244,0.7099990844726705,55.14031610366832,ALL
2019-12-30,112.0,112.0500030517578,111.33999633789062,111.7699966430664,97.18902587890624,920300.0,-0.0008940280666304,-0.0008944279480769,0.7100067138671733,53.05291028597463,ALL
2019-12-31,111.81999969482422,112.4800033569336,111.58999633789062,112.4499969482422,97.7803192138672,1109000.0,0.0060839516562054,0.006065519146213,0.8900070190429688,61.44588643910337,ALL
2020-01-02,112.97000122070312,113.0,111.66000366210938,112.81999969482422,98.10204315185548,1212400.0,0.0032902729360557,0.00328487183222,1.339996337890625,74.14078248632418,ALL
2020-01-03,111.83999633789062,113.0999984741211,111.7699966430664,112.83000183105467,98.11074829101562,1047100.0,8.873555412769463e-05,8.873161736129716e-05,1.3300018310546875,70.87578841637267,ALL
2020-01-06,112.33999633789062,113.20999908447266,112.04000091552734,113.16000366210938,98.3976821899414,1214800.0,0.0029245918915496,0.00292032359268,1.1699981689453125,80.78371432942895,ALL
2020-01-07,112.68000030517578,112.98999786376952,112.16000366210938,112.19000244140624,97.5542449951172,1641000.0,-0.008571718114214,-0.00860866658268,0.829994201660142,69.7391475459329,ALL
2020-01-08,112.5500030517578,113.83000183105467,112.44000244140624,112.5,97.8238296508789,1748900.0,0.0027634333675095,0.0027596221053526,1.3899993896484375,70.10667390962809,ALL
2020-01-09,113.0,113.91000366210938,112.72000122070312,113.77999877929688,98.93682098388672,1462000.0,0.0113775072697515,0.0113132702131203,1.19000244140625,76.92320891731987,ALL
2020-01-10,113.95999908447266,114.16000366210938,113.18000030517578,113.4499969482422,98.64986419677734,1431200.0,-0.0029004043616492,-0.0029046186851806,0.9800033569335938,67.39143466733516,ALL
2020-01-13,113.4800033569336,114.48999786376952,113.4499969482422,114.4800033569336,99.54549407958984,1526100.0,0.0090788759833058,0.0090379107475896,1.040000915527315,70.42266227057695,ALL
2020-01-14,114.3499984741211,114.38999938964844,113.44000244140624,113.8000030517578,98.95419311523438,1899100.0,-0.0059400073285357,-0.0059577193465748,0.9499969482422016,70.62129458886056,ALL
2020-01-15,113.62000274658205,114.62999725341795,113.0500030517578,114.26000213623048,99.3542022705078,1692500.0,0.0040423669041249,0.0040342184909004,1.5799942016601562,71.31036936545533,ALL
2020-01-16,114.54000091552734,116.16000366210938,114.2699966430664,116.1500015258789,100.99764251708984,1902900.0,0.0165412253233891,0.0164059094108502,1.8900070190429688,76.11933833447345,ALL
2020-01-17,116.4000015258789,117.62000274658205,115.8499984741211,117.5500030517578,102.21499633789062,1725700.0,0.0120532894675713,0.0119812270555637,1.7700042724609517,78.86169800132872,ALL
2020-01-21,117.1500015258789,118.2699966430664,117.05999755859376,117.8000030517578,102.43240356445312,1314100.0,0.0021269601756264,0.0021247013981514,1.209999084472642,80.18025772181795,ALL
2020-01-22,118.23999786376952,118.69000244140624,117.58999633789062,117.6500015258789,102.3019561767578,1274100.0,-0.001273497283633,-0.0012743088704076,1.1000061035156108,77.48407513346459,ALL
2020-01-23,117.05999755859376,118.38999938964844,116.0999984741211,118.1500015258789,102.73670959472656,1502400.0,0.0042497077692003,0.0042407032631373,2.290000915527344,77.78926498829368,ALL
2020-01-24,118.23999786376952,118.75,117.4800033569336,118.27999877929688,102.84977722167967,2152200.0,0.0011005572146425,0.0010999520455259,1.2699966430664062,78.06379791123372,ALL
2020-01-27,117.0,117.93000030517578,116.55999755859376,116.58000183105467,101.37155151367188,1135200.0,-0.0143726680595687,-0.0144769553166565,1.370002746582017,65.4332699570092,ALL
2020-01-28,116.87999725341795,118.1500015258789,116.87999725341795,117.54000091552734,102.206298828125,1496500.0,0.0082345322922332,0.0082008135103296,1.2700042724609517,74.16421492476742,ALL
2020-01-29,118.5,118.72000122070312,117.66999816894533,118.36000061035156,102.91931915283205,1878800.0,0.0069762855409341,0.0069520638473453,1.0500030517577983,75.30197528432126,ALL
2020-01-30,117.58999633789062,119.9800033569336,117.56999969482422,119.87999725341795,104.24103546142578,1289400.0,0.0128422566285248,0.0127604941169192,2.410003662109375,75.80353749495237,ALL
2020-01-31,119.20999908447266,120.11000061035156,118.2699966430664,118.54000091552734,103.07585906982422,1754500.0,-0.0111777131380542,-0.0112406532305873,1.840003967285156,69.83631019546215,ALL
2020-02-03,119.0,120.06999969482422,118.8000030517578,119.0500030517578,103.51934051513672,1439300.0,0.0043024763442629,0.0042932471556905,1.2699966430664205,68.56218113290387,ALL
2020-02-04,120.16000366210938,121.16000366210938,119.91000366210938,119.9499969482422,104.3019027709961,1848200.0,0.0075595753601709,0.0075311449616182,1.25,74.54111560742618,ALL
2020-02-05,121.06999969482422,124.94000244140624,121.06999969482422,124.66999816894533,108.40616607666016,2718400.0,0.0393498411498334,0.0385953649232839,3.870002746582017,81.00059207559339,ALL
2020-02-06,124.7699966430664,125.43000030517578,123.79000091552734,123.88999938964844,107.7279281616211,1506700.0,-0.0062564514509205,-0.0062761050607522,1.6399993896484375,74.68115870663915,ALL
2020-02-07,123.87000274658205,124.76000213623048,123.61000061035156,124.43000030517578,108.19745635986328,1331600.0,0.0043584630861717,0.0043489924941139,1.1500015258789205,73.21187844011848,ALL
2020-02-10,124.33999633789062,124.83000183105467,123.2699966430664,123.9499969482422,107.78008270263672,1534300.0,-0.0038575182011523,-0.0038649776138813,1.560005187988267,70.4318869087214,ALL
2020-02-11,123.9000015258789,125.41000366210938,123.72000122070312,125.0999984741211,108.78006744384766,1739600.0,0.0092780105204584,0.0092352341636121,1.69000244140625,73.2088239008255,ALL
2020-02-12,125.25,125.25,122.9499969482422,123.77999877929688,107.63227081298828,1549100.0,-0.0105515344661085,-0.0106075966157639,2.3000030517577983,66.68655170100263,ALL
2020-02-13,123.6500015258789,124.91999816894533,123.1999969482422,124.88999938964844,108.59747314453124,1367500.0,0.0089675923796126,0.0089276223022534,1.720001220703125,68.51549097772822,ALL
2020-02-14,124.93000030517578,125.58999633789062,124.6500015258789,125.56999969482422,109.1887435913086,1110900.0,0.0054446059347113,0.0054298376485669,0.9399948120117188,76.70834734419273,ALL
2020-02-18,125.4000015258789,125.91999816894533,124.11000061035156,124.3000030517578,108.08443450927734,1663700.0,-0.0101137630648509,-0.0101652546431306,1.809997558593764,69.72009539863843,ALL
2020-02-19,124.5999984741211,125.0,123.8499984741211,124.26000213623048,108.0496597290039,1414600.0,-0.000321737171789,-0.0003217889402971,1.1500015258789062,68.03197274679444,ALL
2020-02-20,123.98999786376952,124.4800033569336,123.0500030517578,123.45999908447266,107.35400390625,2146100.0,-0.0064382972098075,-0.0064591124364657,1.4300003051757957,61.44505923886792,ALL
2020-02-21,123.29000091552734,124.02999877929688,122.91999816894533,123.62000274658205,107.49314880371094,1477700.0,0.0012961314193968,0.0012952921661787,1.1100006103515483,67.56575214875807,ALL
2020-02-24,121.4499969482422,122.37000274658205,120.18000030517578,120.54000091552734,104.81494903564452,1745600.0,-0.0249150741035317,-0.0252307082940208,2.190002441406264,54.37460135582806,ALL
2020-02-25,120.75,120.8000030517578,117.13999938964844,117.30999755859376,102.0063247680664,2046400.0,-0.0267960276031139,-0.0271615862922733,3.660003662109361,43.181869682222725,ALL
2020-02-26,117.95999908447266,119.01000213623048,115.72000122070312,115.7300033569336,100.63243103027344,2479000.0,-0.0134687112874306,-0.0135602371318446,3.290000915527358,22.44137443816776,ALL
2020-02-27,114.58999633789062,115.02999877929688,109.87000274658205,109.91999816894533,95.5803680419922,2366900.0,-0.050203129712343,-0.0515071380003009,5.1599960327148295,17.129349587621434,ALL
2020-02-28,106.58000183105467,107.9000015258789,102.91000366210938,105.25,91.97142028808594,4179800.0,-0.0377582533718714,-0.0384895640147137,4.989997863769531,12.469687638415138,ALL
2020-03-02,104.58999633789062,112.76000213623048,104.58999633789062,112.66999816894533,98.45529174804688,2794600.0,0.0704987640687861,0.0681246745105361,8.170005798339858,33.158360485955455,ALL
2020-03-03,112.43000030517578,113.58000183105467,108.0,109.1999969482422,95.42308044433594,2810300.0,-0.0307978499669733,-0.0312820716837594,5.580001831054673,27.52557105632937,ALL
2020-03-04,111.33000183105467,114.88999938964844,110.16999816894533,114.51000213623048,100.06317901611328,1905900.0,0.0486265854148786,0.0474812940819782,4.720001220703111,38.6036032103484,ALL
2020-03-05,111.1500015258789,112.08999633789062,107.04000091552734,108.45999908447266,94.77644348144533,2459900.0,-0.0528339753608729,-0.0542808847533914,5.049995422363281,31.58659317363769,ALL
2020-03-06,104.20999908447266,107.70999908447266,103.91000366210938,107.13999938964844,93.62298583984376,3277500.0,-0.0121702988551937,-0.0122449633535548,3.799995422363281,29.56819960290764,ALL
2020-03-09,99.56999969482422,100.16000366210938,94.0199966430664,95.61000061035156,83.5476303100586,2527100.0,-0.1076162593983125,-0.1138590364444188,6.140007019042969,23.931977941350496,ALL
2020-03-10,99.36000061035156,100.1999969482422,94.58000183105467,99.26000213623048,86.73714447021484,2511100.0,0.0381759979106464,0.0374653251981141,5.619995117187528,28.779908187970364,ALL
2020-03-11,96.25,96.68000030517578,90.5500030517578,92.7699966430664,81.06592559814453,2662000.0,-0.0653839702322433,-0.0676194973887288,6.129997253417983,26.18546007416612,ALL
2020-03-12,86.04000091552734,90.37999725341795,83.72000122070312,83.80000305175781,73.22760772705078,4397700.0,-0.0966906602651948,-0.1016902153084369,6.6599960327148295,22.758646959215,ALL
2020-03-13,89.45999908447266,93.05999755859376,83.0999984741211,92.7699966430664,81.06592559814453,3606000.0,0.1070404744111042,0.101690215308437,9.95999908447267,32.55098716405335,ALL
2020-03-16,78.0,90.54000091552734,78.0,84.9800033569336,74.25875854492188,3607500.0,-0.0839707559371709,-0.0877069889848425,12.540000915527344,30.744541630139523,ALL
2020-03-17,87.16000366210938,90.6500015258789,85.2699966430664,87.94000244140625,76.84529113769531,2917900.0,0.0348313470822265,0.0342384637605828,5.3800048828125,33.76610488112155,ALL
2020-03-18,81.63999938964844,83.75,64.12999725341797,75.55000305175781,66.0184555053711,3617400.0,-0.1408913346807957,-0.1518598628807834,19.62000274658203,31.29906189775906,ALL
2020-03-19,74.12999725341797,78.5199966430664,70.7300033569336,74.69000244140625,65.26695251464844,2475800.0,-0.0113832258717642,-0.0114485106948239,7.7899932861328125,32.47304464381034,ALL
2020-03-20,76.36000061035156,78.66000366210938,70.76000213623047,73.87000274658203,64.55040740966797,3911100.0,-0.0109786818194038,-0.0110393923029642,7.900001525878906,25.924549469140544,ALL
2020-03-23,71.73999786376953,75.91999816894531,68.86000061035156,73.2300033569336,63.99116134643555,3181100.0,-0.0086637108218879,-0.0087014589485337,7.05999755859375,26.86817195794451,ALL
2020-03-24,78.0999984741211,79.18000030517578,75.69999694824219,77.91999816894531,68.08943939208984,3197500.0,0.0640444392541499,0.0620771562635748,3.4800033569335938,26.280265447907965,ALL
2020-03-25,77.86000061035156,86.70999908447266,75.01000213623047,83.0,72.52853393554688,3539600.0,0.0651950520240696,0.0631579298323844,11.699996948242188,33.285163870369246,ALL
2020-03-26,83.11000061035156,90.51000213623048,83.01000213623047,89.5,78.20848846435547,3563500.0,0.0783133784815799,0.0753981338414243,7.500000000000014,39.156614414275154,ALL
2020-03-27,86.11000061035156,92.58999633789062,85.12999725341797,88.45999908447266,77.29969787597656,2662500.0,-0.0116201016823525,-0.0116881426729888,7.459999084472656,44.95412725327918,ALL
2020-03-30,88.27999877929688,95.29000091552734,85.4800033569336,94.63999938964844,82.70001220703125,2745400.0,0.0698620367148035,0.0675297025109251,9.80999755859375,46.85199701021367,ALL
2020-03-31,93.4000015258789,94.19000244140624,91.20999908447266,91.7300033569336,80.15715026855469,2534900.0,-0.0307480237380226,-0.0312306634731799,2.9800033569335795,49.25502597136507,ALL
2020-04-01,86.48999786376953,88.80000305175781,85.3499984741211,86.4000015258789,75.49958038330078,2684000.0,-0.0581054824136013,-0.0598619877601782,3.4500045776367188,51.964931950691415,ALL
2020-04-02,86.2699966430664,89.7300033569336,84.04000091552734,85.79000091552734,74.96653747558594,2580000.0,-0.0070602102026084,-0.0070852514204432,5.69000244140625,43.9619268445579,ALL
2020-04-03,85.08999633789062,86.98999786376953,83.75,85.95999908447266,75.1151123046875,3264300.0,0.0019818819716723,0.0019799206345957,3.2399978637695312,50.97647716922188,ALL
2020-04-06,90.52999877929688,94.62999725341795,88.63999938964844,93.5199966430664,81.7212905883789,2408400.0,0.087947392754935,0.0842927950174409,5.989997863769517,55.09308829824977,ALL
2020-04-07,97.5999984741211,99.56999969482422,92.26000213623048,92.52999877929688,80.85621643066406,2677500.0,-0.0105856644148233,-0.0106420911231131,7.309997558593736,69.57125318251803,ALL
2020-04-08,94.04000091552734,98.37000274658205,91.5,97.25,84.98072052001953,1951900.0,0.0510103523443039,0.0497519418408835,6.8700027465820455,73.87809352507348,ALL
2020-04-09,98.94000244140624,102.19000244140624,97.8000030517578,100.33999633789062,87.6808853149414,2714200.0,0.0317738515088934,0.0312795069107467,4.3899993896484375,76.73200070609153,ALL
2020-04-13,101.81999969482422,102.25,97.37999725341795,98.0,85.6360855102539,2225500.0,-0.0233209301815643,-0.0235971662469703,4.8700027465820455,74.18470368651239,ALL
2020-04-14,100.11000061035156,103.11000061035156,99.11000061035156,102.44000244140624,89.51594543457031,2393700.0,0.0453063670670916,0.0443100166764903,4.0,74.05808277533055,ALL
2020-04-15,98.7300033569336,99.9000015258789,97.47000122070312,97.94000244140624,85.58367919921875,2036600.0,-0.0439281093023339,-0.0449221692835284,2.430000305175781,64.82731944291362,ALL
2020-04-16,97.7699966430664,100.23999786376952,97.61000061035156,99.93000030517578,87.3226089477539,2168600.0,0.0203184738586352,0.0201148078359357,2.6299972534179545,61.36907922912206,ALL
2020-04-17,103.0,105.79000091552734,100.12000274658205,104.91999816894533,91.68306732177734,3991000.0,0.0499350446186548,0.0487282999879352,5.669998168945298,66.519469198851,ALL
2020-04-20,103.18000030517578,105.2699966430664,101.48999786376952,102.72000122070312,89.76060485839844,2378900.0,-0.0209685661653498,-0.0211915288622287,3.779998779296889,58.81323759817977,ALL
2020-04-21,99.27999877929688,102.2699966430664,98.41999816894533,100.08999633789062,87.46243286132812,1731600.0,-0.0256033479352749,-0.0259368179265727,3.84999847412108,59.174711196060905,ALL
2020-04-22,101.87999725341795,102.8499984741211,99.88999938964844,101.98999786376952,89.1227035522461,1828600.0,0.0189826721782406,0.0188047493641515,2.959999084472656,68.50225805863326,ALL
2020-04-23,102.63999938964844,103.29000091552734,99.41999816894533,99.4499969482422,86.90313720703125,1672200.0,-0.0249046119198311,-0.0252199788413382,3.870002746582017,65.50156149681756,ALL
2020-04-24,100.70999908447266,101.75,99.25,101.44000244140624,88.64209747314453,1801100.0,0.0200103278431769,0.0198127525813667,2.5,66.87007066744435,ALL
2020-04-27,101.80999755859376,103.58000183105467,101.6500015258789,103.08999633789062,90.08394622802734,1639800.0,0.0162659593577378,0.0161350859216299,1.930000305175767,61.97150456225824,ALL
2020-04-28,105.19000244140624,106.73999786376952,101.68000030517578,101.83999633789062,88.99164581298828,2058400.0,-0.0121253615186234,-0.0121994734129025,5.059997558593736,61.57094339811003,ALL
2020-04-29,104.5500030517578,106.72000122070312,102.7699966430664,105.81999969482422,92.4695281982422,2661100.0,0.0390809985980316,0.0383366673056775,3.950004577636719,60.850846502064456,ALL
2020-04-30,103.62000274658205,104.9800033569336,101.22000122070312,101.72000122070312,88.88678741455078,2468700.0,-0.0387450963955445,-0.0395156568962774,3.7600021362304688,51.70370788750138,ALL
2020-05-01,99.97000122070312,100.58999633789062,98.9000015258789,99.73999786376952,87.15658569335938,2186100.0,-0.0194652295523076,-0.0196571720186653,1.6899948120117188,52.167441621708974,ALL
2020-05-04,98.9800033569336,100.73999786376952,98.16000366210938,100.33999633789062,87.6808853149414,1548000.0,0.0060156053316116,0.0059975838152968,2.579994201660142,47.107441196964345,ALL
2020-05-05,101.1500015258789,103.31999969482422,101.1500015258789,102.1500015258789,89.26252746582031,2006900.0,0.0180386197652748,0.0178778543098008,2.1699981689453125,56.26299177825979,ALL
2020-05-06,102.33000183105467,104.29000091552734,101.02999877929688,101.4800033569336,88.67705535888672,2471500.0,-0.0065589909176364,-0.0065805956204152,3.2600021362304688,52.40011529422198,ALL
2020-05-07,102.58000183105467,104.0500030517578,100.16000366210938,100.8499984741211,88.12654876708984,2408500.0,-0.006207993596189,-0.0062273433119419,3.8899993896484233,42.71394123012731,ALL
2020-05-08,102.5999984741211,102.8000030517578,100.63999938964844,100.79000091552734,88.07411193847656,2217700.0,-0.0005950173851907,-0.0005951944782875,2.160003662109361,46.258274715475736,ALL
2020-05-11,99.87000274658205,102.41999816894533,98.77999877929688,101.83999633789062,88.99164581298828,2079100.0,0.0104177476708779,0.0103638568948123,3.639999389648452,53.61419300627678,ALL
2020-05-12,102.06999969482422,102.55999755859376,97.52999877929688,97.5500030517578,85.24287414550781,1634100.0,-0.0421249841289409,-0.0430379731225393,5.029998779296889,41.65418578186795,ALL
2020-05-13,96.93000030517578,97.38999938964844,91.4499969482422,92.08000183105467,80.46297454833984,2798200.0,-0.056073890575402,-0.0577073898148198,5.940002441406236,37.52123957830403,ALL
2020-05-14,91.18000030517578,94.1500015258789,89.51000213623047,93.91999816894533,82.07083129882812,1690400.0,0.0199825666340773,0.0197855356148995,4.6399993896484375,37.20218611063153,ALL
2020-05-15,93.08000183105467,95.61000061035156,92.0500030517578,95.37999725341795,83.34664154052734,2439700.0,0.0155452335684753,0.0154256441959413,3.559997558593764,36.79340771094429,ALL
2020-05-18,98.29000091552734,100.02999877929688,98.05999755859376,99.04000091552734,86.54489135742188,1611800.0,0.038372869713525,0.037654939617055,1.9700012207031108,45.56960941124203,ALL
2020-05-19,98.37000274658205,99.38999938964844,97.22000122070312,97.2699966430664,84.99819946289062,1180200.0,-0.0178715562556265,-0.0180331810706382,2.1699981689453125,35.45421759690284,ALL
2020-05-20,98.56999969482422,98.94000244140624,96.75,96.98999786376952,84.75353240966797,2386800.0,-0.0028784968948604,-0.0028826477344134,2.190002441406236,40.7508780412186,ALL
2020-05-21,96.48999786376952,96.83999633789062,92.08000183105467,94.12999725341795,82.25434112548828,2972300.0,-0.0294877536442905,-0.0299312578481425,4.759994506835952,39.39506270236618,ALL
2020-05-22,94.43000030517578,95.05999755859376,92.69000244140624,94.81999969482422,82.85730743408203,1510200.0,0.0073305104672087,0.007303772862703,2.3699951171875284,39.60063583506975,ALL
2020-05-26,97.9000015258789,98.12000274658205,93.87000274658205,94.0500030517578,82.1844482421875,2756600.0,-0.008120698255007,-0.0081538507278885,4.25,34.11769781275915,ALL
2020-05-27,96.41000366210938,97.75,94.52999877929688,97.7300033569336,85.40016174316406,2711600.0,0.0391280049906797,0.0383819047120933,3.220001220703125,43.42336675530261,ALL
2020-05-28,98.58999633789062,99.30999755859376,96.91999816894533,98.26000213623048,86.34037017822266,1932700.0,0.0110094456013587,0.0109492828249166,2.389999389648437,46.4704012910011,ALL
2020-05-29,97.69000244140624,98.02999877929688,96.0999984741211,97.80999755859376,85.9449462890625,2112400.0,-0.004579826196528,-0.0045903457312384,1.9300003051757808,45.84890696044448,ALL
2020-06-01,98.36000061035156,99.58999633789062,97.97000122070312,99.06999969482422,87.05210876464844,1601100.0,0.0128822289545933,0.0127999588381665,1.6199951171875,46.24636809361939,ALL
2020-06-02,99.4000015258789,99.72000122070312,98.33999633789062,99.0,86.99060821533203,1586000.0,-0.0007064797187472,-0.0007067293931439,1.3800048828125,53.94554408890912,ALL
2020-06-03,100.25,100.91000366210938,99.70999908447266,100.41000366210938,88.22954559326172,1673200.0,0.0142421969836432,0.0141417296892135,1.2000045776367188,70.8697570368135,ALL
2020-06-04,99.9000015258789,102.08999633789062,99.25,101.86000061035156,89.50366973876953,1980800.0,0.0144410144803592,0.0143377361393374,2.839996337890625,70.33774573146928,ALL
2020-06-05,106.4499969482422,106.5999984741211,102.86000061035156,105.47000122070312,92.6757354736328,2313500.0,0.0354406220898142,0.0348270579494142,3.7399978637695312,73.12643572944037,ALL
2020-06-08,105.6500015258789,107.08000183105467,104.7699966430664,106.98999786376952,94.0113754272461,2240200.0,0.0144119703694534,0.0143091050742729,2.310005187988267,70.39226023158461,ALL
2020-06-09,105.41000366210938,105.87999725341795,102.80999755859376,103.20999908447266,90.68988800048828,1654900.0,-0.0353306970742945,-0.0359699276439213,3.0699996948241903,64.17115692271922,ALL
2020-06-10,102.9800033569336,104.0,101.69000244140624,101.9800033569336,89.60910034179688,2013100.0,-0.0119173998614441,-0.0119889813497318,2.309997558593764,61.60615776725498,ALL
2020-06-11,99.7300033569336,100.2300033569336,94.77999877929688,94.79000091552734,83.29130554199219,2295400.0,-0.0705039418508461,-0.0731127126589434,5.450004577636719,52.09600636588085,ALL
2020-06-12,97.33999633789062,97.5,93.26000213623048,95.6999969482422,84.0909194946289,2198800.0,0.0096002091386788,0.0095544199548287,4.239997863769517,52.4738223900418,ALL
2020-06-15,93.08999633789062,98.41000366210938,92.6999969482422,97.83000183105467,85.96253967285156,2049000.0,0.0222571020684605,0.0220130277253584,5.710006713867173,57.22883792520344,ALL
2020-06-16,100.62999725341795,101.08000183105467,97.20999908447266,99.12000274658205,87.0960464477539,1850200.0,0.0131860549864644,0.0130998757131866,3.870002746582017,53.52576639337112,ALL
2020-06-17,99.12999725341795,99.6500015258789,97.6999969482422,97.9499969482422,86.0679702758789,1566900.0,-0.0118039361579025,-0.011874155737601,1.9500045776367043,49.43573861915897,ALL
2020-06-18,97.45999908447266,99.0199966430664,96.5999984741211,98.75,86.77093505859375,1337000.0,0.0081675538584398,0.0081343799014001,2.4199981689453125,51.6894645971464,ALL
2020-06-19,101.0,101.0,97.51000213623048,98.7300033569336,86.75334930419922,3654700.0,-0.0002026687206108,-0.0002026892606912,3.489997863769517,49.36041438888778,ALL
2020-06-22,97.88999938964844,98.58000183105467,96.94000244140624,97.16000366210938,85.37381744384766,1465300.0,-0.0159017706107721,-0.0160295602971596,1.6399993896484375,46.72366046636463,ALL
2020-06-23,98.91999816894533,99.27999877929688,96.54000091552734,96.66000366210938,84.93446350097656,1672300.0,-0.0051462375237005,-0.0051595250106724,2.7399978637695312,43.09905973764178,ALL
2020-06-24,95.8000030517578,95.9000015258789,92.87999725341795,92.9499969482422,81.67449951171875,2743600.0,-0.0383821108050012,-0.039138111802068,3.020004272460952,34.86238911043773,ALL
2020-06-25,93.37000274658205,95.87999725341795,93.25,95.83000183105467,84.20513153076172,1652400.0,0.0309843590615437,0.0305140342713902,2.6299972534179545,33.20561485330127,ALL
2020-06-26,94.5,95.6999969482422,93.70999908447266,94.58000183105467,83.10677337646484,2418300.0,-0.0130438387106565,-0.0131296566552999,1.9899978637695452,28.17445071473816,ALL
2020-06-29,95.55999755859376,95.87999725341795,94.58000183105467,95.44000244140624,83.86245727539062,1262200.0,0.0090929279073634,0.0090518361468354,1.2999954223632812,34.770719673415044,ALL
2020-06-30,95.5500030517578,97.68000030517578,95.41000366210938,96.98999786376952,85.22443389892578,1839800.0,0.0162405999989083,0.0161101321435335,2.2699966430664062,40.34072440155072,ALL
2020-07-01,96.7300033569336,97.43000030517578,95.37000274658205,95.52999877929688,83.9415512084961,1611000.0,-0.0150529916332581,-0.0151674378696902,2.059997558593736,51.84083014789451,ALL
2020-07-02,97.06999969482422,97.26000213623048,93.87000274658205,94.08999633789062,82.67620086669922,1941300.0,-0.0150741834476464,-0.0151889537910441,3.389999389648437,46.097863389233865,ALL
2020-07-06,95.83000183105467,96.81999969482422,95.08999633789062,95.63999938964844,84.03817749023438,1451400.0,0.0164736237182825,0.0163394056121559,1.7300033569335938,44.5385989816413,ALL
2020-07-07,95.05999755859376,95.20999908447266,92.41999816894533,92.6500015258789,81.410888671875,1312500.0,-0.031263038976121,-0.0317621579934153,2.790000915527329,35.12644116823998,ALL
2020-07-08,89.19000244140625,90.9499969482422,87.69000244140625,88.22000122070312,77.51830291748047,5064400.0,-0.0478140678464219,-0.0489949563766677,3.259994506835952,30.547836870273315,ALL
2020-07-09,88.56999969482422,88.79000091552734,84.97000122070312,85.81999969482422,75.40940856933594,3216100.0,-0.0272051150344387,-0.0275820258375519,3.8199996948242183,25.704612537336036,ALL
2020-07-10,86.23999786376953,87.52999877929688,85.69000244140625,86.97000122070312,76.41991424560547,2793200.0,0.0134002599336184,0.0133112705562039,1.839996337890625,28.803196866985218,ALL
2020-07-13,88.2699966430664,89.52999877929688,86.37000274658203,88.5,77.76433563232422,2846200.0,0.0175925529358476,0.0174395953142136,3.159996032714844,34.36828036194987,ALL
2020-07-14,88.38999938964844,90.41999816894533,88.30000305175781,89.7300033569336,78.84510803222656,2472100.0,0.0138980471075109,0.0138023548551131,2.119995117187514,37.81216901807627,ALL
2020-07-15,91.93000030517578,91.93000030517578,89.3499984741211,90.12999725341795,79.19658660888672,2480500.0,0.004457836198493,0.0044479294774884,2.5800018310546875,44.3869557057122,ALL
2020-07-16,89.7699966430664,93.0199966430664,89.6500015258789,91.61000061035156,80.4970474243164,2083400.0,0.0164206674948255,0.0162873062740862,3.3699951171875,41.10457024927101,ALL
2020-07-17,92.0199966430664,92.08000183105467,90.16000366210938,91.66999816894533,80.5497817993164,3274500.0,0.0006551094318034,0.000654894941291,1.9199981689452983,43.54197609558069,ALL
2020-07-20,91.26000213623048,92.22000122070312,90.81999969482422,90.93000030517578,79.89955139160156,1773400.0,-0.0080724043341897,-0.0081051626011461,1.4000015258789062,39.93755162703623,ALL
2020-07-21,91.43000030517578,92.93000030517578,91.27999877929688,91.86000061035156,80.71672821044922,1723700.0,0.0102275520277019,0.01017560451448,1.6500015258789062,38.22854123598783,ALL
2020-07-22,91.36000061035156,93.76000213623048,91.33000183105467,93.5199966430664,82.17536163330078,1726400.0,0.0180710176835776,0.017909677663229,2.4300003051758097,45.4297097100259,ALL
2020-07-23,93.33999633789062,95.41000366210938,93.33999633789062,94.66999816894533,83.18587493896484,3225200.0,0.0122970350915323,0.0122220407350755,2.07000732421875,51.33648736134774,ALL
2020-07-24,94.7699966430664,95.47000122070312,92.88999938964844,94.36000061035156,82.91343688964844,1857300.0,-0.0032750517983527,-0.0032804265186937,2.5800018310546875,46.87192065964192,ALL
2020-07-27,93.98999786376952,94.16000366210938,91.66999816894533,92.6999969482422,81.45484161376953,1635100.0,-0.0175917840412307,-0.0177483584740169,2.4900054931640483,50.13073885951054,ALL
2020-07-28,92.6999969482422,93.05999755859376,91.95999908447266,92.2699966430664,81.07699584960938,1114300.0,-0.0046387146138195,-0.004649506838086,1.099998474121108,63.38387765607327,ALL
2020-07-29,92.30999755859376,94.38999938964844,92.25,94.0,82.59713745117188,1649800.0,0.0187493577633566,0.0185757551563996,2.139999389648437,78.28489834837882,ALL
2020-07-30,92.5,93.16999816894533,91.91999816894533,92.08000183105467,80.91004180908203,1712500.0,-0.0204255945684217,-0.0206370818163227,1.25,66.77606899587019,ALL
2020-07-31,92.0500030517578,94.5199966430664,91.8499984741211,94.38999938964844,82.9398193359375,2077200.0,0.0250868431343169,0.0247773340105003,2.6699981689453125,68.3946641560556,ALL
2020-08-03,94.52999877929688,97.23999786376952,94.0,96.19000244140624,84.52146911621094,1982700.0,0.0190698483905198,0.0188902979076287,3.239997863769517,69.48126215595443,ALL
2020-08-04,96.58000183105467,97.62000274658205,95.83999633789062,96.23999786376952,84.56539916992188,2443300.0,0.0005197502382565,0.000519615214885,1.7800064086914205,68.82311433427472,ALL
2020-08-05,98.19000244140624,100.55999755859376,93.88999938964844,94.76000213623048,83.26493835449219,3498800.0,-0.0153781668175727,-0.0154976372315093,6.669998168945327,59.70425524288657,ALL
2020-08-06,94.4499969482422,95.8499984741211,94.20999908447266,94.4800033569336,83.01890563964844,1306000.0,-0.0029548177144657,-0.002959191806884,1.6399993896484375,58.54100876023906,ALL
2020-08-07,94.05999755859376,96.9800033569336,94.05999755859376,96.91000366210938,85.15414428710938,1169400.0,0.025719908387243,0.0253947157043773,2.920005798339829,66.48289845138822,ALL
2020-08-10,97.0999984741211,97.5999984741211,96.62000274658205,97.25,85.45288848876953,1262500.0,0.0035082755415039,0.0035021358983825,0.9799957275390484,65.35610708889541,ALL
2020-08-11,98.72000122070312,99.16000366210938,96.55999755859376,96.83000183105467,85.08384704589844,1376700.0,-0.0043186538149566,-0.0043280061363485,2.600006103515611,60.14717382705718,ALL
2020-08-12,98.1999969482422,98.58000183105467,95.86000061035156,96.2300033569336,84.5566177368164,1404600.0,-0.0061965852201959,-0.0062158637362982,2.720001220703111,54.94916572733172,ALL
2020-08-13,95.5199966430664,96.91000366210938,95.05999755859376,96.26000213623048,84.58297729492188,1068500.0,0.00031173855827,0.0003116899779016,1.8500061035156108,56.13704945985663,ALL
2020-08-14,95.6500015258789,96.70999908447266,95.16999816894533,96.12000274658205,84.4599609375,1581300.0,-0.0014543867023377,-0.0014554453492569,1.5400009155273295,62.249230782626974,ALL
2020-08-17,96.31999969482422,96.66000366210938,95.11000061035156,95.2300033569336,83.67794036865234,1437100.0,-0.0092590685594367,-0.0093022001802681,1.5500030517578125,60.26358714795887,ALL
2020-08-18,95.20999908447266,95.66999816894533,94.5,94.68000030517578,83.19464111328125,1367100.0,-0.0057757068737813,-0.0057924507717518,1.1699981689453267,52.56794314036927,ALL
2020-08-19,94.98999786376952,95.87000274658205,93.87999725341795,94.27999877929688,82.84315490722656,1177400.0,-0.0042248659451044,-0.00423381590839,1.990005493164091,59.38560560431525,ALL
2020-08-20,93.63999938964844,96.06999969482422,93.5,95.36000061035156,83.79216003417969,1618800.0,0.011455444061925,0.0113903272851447,2.5699996948242188,54.62348467667309,ALL
2020-08-21,95.48999786376952,95.87000274658205,94.02999877929688,94.48999786376952,83.02769470214844,1326200.0,-0.0091233515369387,-0.0091652241823899,1.8400039672851705,41.10883449222922,ALL
2020-08-24,94.79000091552734,95.12999725341795,93.08000183105467,95.0,83.47584533691406,2399700.0,0.0053976042135495,0.005383089354809,2.049995422363281,43.81255253329636,ALL
2020-08-25,95.3499984741211,95.5500030517578,93.61000061035156,93.7699966430664,82.39502716064453,1662100.0,-0.0129476757247234,-0.0130322275036905,1.940002441406236,44.9334853600251,ALL
2020-08-26,93.38999938964844,94.08000183105467,92.66000366210938,93.01000213623048,81.72723388671875,1688900.0,-0.0081047764281185,-0.0081377986749101,1.4199981689452983,42.82935853800268,ALL
2020-08-27,93.01000213623048,95.12000274658205,92.8499984741211,94.12999725341795,83.19437408447266,2327000.0,0.0179516683482459,0.017792439936668,2.270004272460952,38.24876275558052,ALL
2020-08-28,94.88999938964844,94.88999938964844,93.6500015258789,94.3000030517578,83.34463500976562,2976200.0,0.0018061428665885,0.0018045137518755,1.2399978637695312,37.12923536387357,ALL
2020-08-31,94.2699966430664,94.3000030517578,92.3499984741211,93.0,82.1956558227539,1571400.0,-0.0137858806013979,-0.0138817883217711,1.9500045776367043,33.90087257244291,ALL
2020-09-01,92.9000015258789,93.62999725341795,92.27999877929688,92.95999908447266,82.16032409667969,1890400.0,-0.0004298490683061,-0.0004299414798998,1.3499984741210795,35.86778793155425,ALL
2020-09-02,92.7300033569336,95.08000183105467,92.13999938964844,94.58999633789062,83.60093688964844,3079100.0,0.0175341663851464,0.0173822165277598,2.940002441406236,45.03637936965049,ALL
2020-09-03,95.1999969482422,97.38999938964844,92.52999877929688,93.33999633789062,82.49614715576172,2022100.0,-0.0132150401058904,-0.0133031357340158,4.8600006103515625,40.97026795117088,ALL
2020-09-04,94.62999725341795,95.16999816894533,92.63999938964844,93.80999755859376,82.91154479980469,1892500.0,0.0050353581150723,0.0050227230962119,2.529998779296889,46.35311270414879,ALL
2020-09-08,93.72000122070312,93.79000091552734,91.06999969482422,91.25,80.64897155761719,1927600.0,-0.0272890011596169,-0.027668261634553,2.720001220703125,39.64063594410527,ALL
2020-09-09,91.93000030517578,93.69000244140624,91.61000061035156,92.54000091552734,81.78910827636719,1784500.0,0.014137027375922,0.0140380315182281,2.0800018310546733,45.96936911915211,ALL
2020-09-10,93.11000061035156,94.08999633789062,92.58000183105467,92.62000274658205,81.85978698730469,1850800.0,0.0008641579841985,0.0008637848146572,1.5099945068359517,42.07857374294897,ALL
2020-09-11,92.80999755859376,94.13999938964844,92.4800033569336,93.81999969482422,82.92037963867188,1288300.0,0.012956210740344,0.0128729970275245,1.6599960327148438,49.570508013356815,ALL
2020-09-14,94.4000015258789,95.56999969482422,94.2699966430664,94.9499969482422,83.91911315917969,1471400.0,0.0120444880361114,0.0119725304090304,1.3000030517578125,51.69914639096627,ALL
2020-09-15,95.5999984741211,96.58000183105467,93.9800033569336,94.83999633789062,83.82188415527344,2411400.0,-0.0011586038060462,-0.001159275506309,2.5999984741210795,55.91553688381735,ALL
2020-09-16,95.1500015258789,97.55999755859376,94.94000244140624,95.91000366210938,84.76758575439453,1797400.0,0.0112822756091863,0.0112191054292633,2.6199951171875284,62.32093134560196,ALL
2020-09-17,95.0,95.22000122070312,92.26000213623048,92.8000030517578,82.01889038085938,1539500.0,-0.0324262552610524,-0.032963635030545,2.959999084472642,45.68462375704628,ALL
2020-09-18,92.54000091552734,92.9800033569336,90.91000366210938,91.27999877929688,80.67547607421875,2549400.0,-0.0163793279865456,-0.0165149521738238,2.0699996948242188,40.9904035534459,ALL
2020-09-21,90.04000091552734,92.56999969482422,89.72000122070312,92.02999877929688,81.33834075927734,2608900.0,0.0082164335100889,0.0081828623848604,2.8499984741210938,47.00799217823069,ALL
2020-09-22,92.72000122070312,94.0,91.61000061035156,92.33999633789062,81.61233520507812,2095300.0,0.003368576777484,0.003362915832055,2.389999389648437,48.11886955127971,ALL
2020-09-23,92.25,93.05999755859376,89.56999969482422,89.62000274658203,79.20834350585938,1817800.0,-0.0294562297865625,-0.0298987767064736,3.489997863769545,35.856617159365044,ALL
2020-09-24,89.68000030517578,91.1999969482422,88.77999877929688,89.9800033569336,79.52651977539062,1941300.0,0.0040169539653067,0.0040089075465917,2.4199981689453267,39.92812661887184,ALL
2020-09-25,89.06999969482422,91.5999984741211,88.91999816894531,91.27999877929688,80.67547607421875,2077800.0,0.0144474610742826,0.0143440909429662,2.680000305175781,42.775566988556704,ALL
2020-09-28,92.30999755859376,94.12999725341795,91.88999938964844,93.22000122070312,82.39009094238281,1385100.0,0.0212532352035539,0.0210305350730347,2.239997863769517,55.8318094422303,ALL
2020-09-29,92.83999633789062,93.79000091552734,92.29000091552734,93.44000244140624,82.58451843261719,2403200.0,0.0023598407042704,0.0023570606529887,1.5,52.84439322557728,ALL
2020-09-30,93.5500030517578,94.68000030517578,93.31999969482422,94.13999938964844,83.2032241821289,2090500.0,0.007491788548922,0.0074638644818363,1.3600006103515625,54.622946102602846,ALL
2020-10-01,95.0999984741211,95.1500015258789,91.66000366210938,92.26000213623048,81.54163360595703,2662500.0,-0.0199702666874388,-0.0201723676629131,3.4899978637695312,45.44399809808381,ALL
2020-10-02,91.33999633789062,94.36000061035156,91.18000030517578,93.0199966430664,82.21331787109375,1369000.0,0.008237316759958,0.0082035752327173,3.180000305175781,44.23875332664054,ALL
2020-10-05,93.80999755859376,94.9499969482422,93.13999938964844,93.68000030517578,82.79664611816406,1501800.0,0.0070953011285219,0.0070702479163865,1.809997558593764,46.64738961434253,ALL
2020-10-06,93.98999786376952,94.83000183105467,92.2699966430664,92.6500015258789,81.88631439208984,2163800.0,-0.010994789870776,-0.0110556792952183,2.560005187988267,40.55616627172947,ALL
2020-10-07,93.4000015258789,94.83999633789062,93.02999877929688,93.29000091552734,82.45198059082031,1558100.0,0.0069079455209319,0.0068841949808293,1.80999755859375,51.65658888486816,ALL
2020-10-08,93.5999984741211,94.91000366210938,93.26000213623048,93.58000183105467,82.70828247070312,1422900.0,0.0031084987655389,0.0031036773721975,1.650001525878892,58.480886144444085,ALL
2020-10-09,93.88999938964844,93.97000122070312,92.7699966430664,92.86000061035156,82.07190704345703,1501300.0,-0.0076942164464787,-0.0077239696464753,1.2000045776367188,53.06722437089202,ALL
2020-10-12,93.11000061035156,94.8499984741211,92.9000015258789,94.26000213623048,83.30927276611328,1526500.0,0.0150766049825192,0.014964082534997,1.9499969482421875,56.56632513584574,ALL
2020-10-13,94.0199966430664,94.66000366210938,91.37000274658205,91.79000091552734,81.12623596191406,2513700.0,-0.0262040074497827,-0.0265534505118572,3.290000915527329,57.55042386321041,ALL
2020-10-14,91.87999725341795,93.0999984741211,91.23999786376952,91.27999877929688,80.67547607421875,2514300.0,-0.0055562776005894,-0.0055717711285239,1.8600006103515767,54.47651875729014,ALL
2020-10-15,90.04000091552734,92.2699966430664,89.9000015258789,91.70999908447266,81.05552673339844,1812000.0,0.0047108573469099,0.0046997959838373,2.3699951171875,51.57511237703032,ALL
2020-10-16,91.81999969482422,93.2699966430664,91.81999969482422,92.58000183105467,81.82445526123047,3521000.0,0.0094864416878213,0.0094417279602267,1.4499969482421875,47.456343136871446,ALL
2020-10-19,92.12000274658205,93.0999984741211,91.0500030517578,91.41999816894533,80.79920196533203,1326800.0,-0.0125299128802659,-0.0126090741899775,2.0499954223632955,42.52966839459619,ALL
2020-10-20,92.25,92.52999877929688,90.93000030517578,91.08000183105467,80.49872589111328,1621500.0,-0.0037188000241348,-0.0037257319519164,1.5999984741210938,38.37389916025917,ALL
2020-10-21,90.91999816894533,91.87000274658205,90.3000030517578,90.76000213623048,80.21589660644531,2483900.0,-0.0035134628720774,-0.0035196495781797,1.5699996948242472,43.53449655120066,ALL
2020-10-22,90.8499984741211,91.9499969482422,90.11000061035156,91.69000244140624,81.037841796875,1479900.0,0.0102466621355903,0.0101945209725619,1.8399963378906392,44.350111771505006,ALL
2020-10-23,92.5199966430664,92.66000366210938,90.91000366210938,91.25,80.64897155761719,1166200.0,-0.0047986253167073,-0.0048101756845781,1.75,39.48063090803643,ALL
2020-10-26,90.56999969482422,90.88999938964844,89.52999877929688,90.81999969482422,80.26893615722656,1662700.0,-0.0047122163252772,-0.0047233538185845,1.3600006103515625,41.64395613405114,ALL
2020-10-27,90.58000183105467,90.87999725341795,89.0,89.04000091552734,78.69571685791016,1800000.0,-0.0195993540544111,-0.0197939684691668,1.8799972534179543,32.42346113670001,ALL
2020-10-28,87.75,88.94999694824219,87.33000183105469,88.0,77.77654266357422,2620500.0,-0.0116801044711946,-0.0117488527403924,1.6199951171875,28.27105772508197,ALL
2020-10-29,87.44000244140625,89.43000030517578,86.51000213623047,88.58999633789062,78.29798889160156,1653800.0,0.0067044151124444,0.0066820404716897,2.9199981689453125,33.20223066960159,ALL
2020-10-30,88.27999877929688,89.4000015258789,87.69999694824219,88.75,78.43940734863281,1796400.0,0.0018061569528564,0.0018045278127474,1.7000045776367188,25.98080128844352,ALL
2020-11-02,90.04000091552734,91.23999786376952,89.12000274658203,90.9000015258789,80.33963012695312,1922400.0,0.0242253586883256,0.0239365792480278,2.119995117187486,46.00895277881434,ALL
2020-11-03,92.4000015258789,94.31999969482422,92.29000091552734,92.91999816894533,82.12495422363281,1724600.0,0.0222222095603192,0.0219788943321309,2.029998779296875,56.47713403200622,ALL
2020-11-04,91.56999969482422,94.0999984741211,90.5999984741211,92.04000091552734,81.34717559814453,2148700.0,-0.0094706734736231,-0.0095158054813523,3.5,51.25852608872861,ALL
2020-11-05,93.26000213623048,94.13999938964844,90.06999969482422,90.41000366210938,79.90654754638672,2740200.0,-0.0177096259478574,-0.0178683177465151,4.069999694824219,42.17731064090388,ALL
2020-11-06,91.33999633789062,92.4800033569336,90.41999816894533,91.1500015258789,80.5605697631836,1507500.0,0.0081848388759031,0.0081515247393024,2.060005187988267,48.99628009426842,ALL
2020-11-09,96.62999725341795,96.98999786376952,91.16000366210938,93.88999938964844,82.98226165771484,3943200.0,0.0300605110123981,0.0296175490716419,5.829994201660142,58.86432159709303,ALL
2020-11-10,94.79000091552734,94.91000366210938,93.06999969482422,94.44000244140624,83.46836853027344,2607700.0,0.00585796124193,0.0058408701006545,1.840003967285156,61.442789808780425,ALL
2020-11-11,95.11000061035156,95.3499984741211,93.9800033569336,94.37000274658205,83.406494140625,1675000.0,-0.0007412914705047,-0.0007415663628854,1.3699951171875,58.804212446317855,ALL
2020-11-12,94.16000366210938,95.5,93.9499969482422,94.80999755859376,83.79537963867188,1794900.0,0.0046625326007734,0.0046516966645296,1.5500030517577983,61.69509482417345,ALL
2020-11-13,95.19000244140624,97.12000274658205,95.19000244140624,96.70999908447266,85.47465515136719,1669900.0,0.0200401921912209,0.0198420306288983,1.9300003051758097,67.64522729294546,ALL
2020-11-16,98.48999786376952,98.83000183105467,97.08000183105467,98.05999755859376,86.66779327392578,2023100.0,0.0139589697138369,0.0138624405572498,1.75,77.73670468891515,ALL
2020-11-17,98.05999755859376,99.73999786376952,97.0500030517578,99.37000274658205,87.82563018798828,1756400.0,0.0133594830365992,0.0132710320452841,2.6899948120117188,84.39195244073369,ALL
2020-11-18,99.55999755859376,102.01000213623048,98.5500030517578,100.06999969482422,88.44430541992188,2517800.0,0.0070443585842689,0.0070196629988827,3.4599990844726847,84.49513918429598,ALL
2020-11-19,99.1999969482422,100.80999755859376,98.1500015258789,100.37000274658205,88.70943450927734,2155700.0,0.0029976954208263,0.0029932112910435,2.659996032714858,84.62447431033374,ALL
2020-11-20,100.3499984741211,101.7300033569336,99.91999816894533,100.18000030517578,88.54151153564453,1817900.0,-0.0018929550679894,-0.0018947489716443,1.810005187988267,81.30897898963141,ALL
2020-11-23,101.1999969482422,101.41000366210938,100.01000213623048,101.30999755859376,89.54024505615234,1878100.0,0.0112798336417121,0.0112166907024541,1.400001525878892,80.11481552860195,ALL
2020-11-24,102.5500030517578,105.22000122070312,101.36000061035156,104.87999725341795,92.69548797607422,2627000.0,0.0352382654072831,0.0346316083464873,3.8600006103515625,88.62817853280826,ALL
2020-11-25,104.16000366210938,104.27999877929688,102.75,103.9499969482422,91.87355041503906,1950600.0,-0.0088670719468816,-0.0089066183769267,1.529998779296875,92.5252339033046,ALL
2020-11-27,103.23999786376952,104.3000030517578,102.81999969482422,104.13999938964844,92.5220947265625,1069400.0,0.0070590970806465,0.0070342982911626,1.4800033569335795,92.52232269991164,ALL
2020-11-30,103.27999877929688,103.87999725341795,102.1500015258789,102.3499984741211,90.93179321289062,2931800.0,-0.0171883431559976,-0.017337777554819,1.7299957275390483,80.03539812805013,ALL
2020-12-01,103.51000213623048,104.83999633789062,103.2699966430664,104.29000091552734,92.65535736083984,2299000.0,0.0189544722153889,0.0187770743566753,1.5699996948242188,81.74262198886412,ALL
2020-12-02,104.05999755859376,105.23999786376952,102.95999908447266,103.68000030517578,92.11341857910156,1710400.0,-0.0058489740601586,-0.005866146301673,2.279998779296861,79.11795533338709,ALL
2020-12-03,103.08999633789062,104.3000030517578,102.6999969482422,103.83000183105467,92.24668884277344,1435600.0,0.0014468061844585,0.0014457605688048,1.6000061035155966,78.75473089083518,ALL
2020-12-04,104.1999969482422,104.87999725341795,103.72000122070312,104.36000061035156,92.71754455566406,1243800.0,0.0051043101795573,0.0050913273485428,1.1599960327148295,76.85119189039361,ALL
2020-12-07,103.6999969482422,104.4000015258789,102.70999908447266,103.41000366210938,91.87352752685548,1488800.0,-0.0091030994495531,-0.0091447858357418,1.69000244140625,69.8117908038235,ALL
2020-12-08,102.63999938964844,105.72000122070312,102.44000244140624,105.4499969482422,93.68594360351562,1578100.0,0.0197272938728771,0.0195352326012448,3.279998779296889,71.2444899013562,ALL
2020-12-09,105.01000213623048,105.86000061035156,104.83999633789062,105.19000244140624,93.4549560546875,1413800.0,-0.0024655518207264,-0.0024685962988587,1.0200042724609375,68.68967707492654,ALL
2020-12-10,104.91000366210938,105.72000122070312,104.31999969482422,105.41999816894533,93.65929412841795,2220700.0,0.0021864872913843,0.0021841004066755,1.4000015258789062,68.54703796495666,ALL
2020-12-11,104.51000213623048,105.6500015258789,103.81999969482422,104.43000030517578,92.77974700927734,1662100.0,-0.0093909219295913,-0.0094352946559704,1.8300018310546875,65.07657785777411,ALL
2020-12-14,105.4000015258789,106.0,104.5999984741211,104.87000274658205,93.170654296875,1975300.0,0.0042132825341565,0.0042044315118293,1.4000015258789062,63.49808440639298,ALL
2020-12-15,105.23999786376952,106.55999755859376,104.77999877929688,105.91999816894533,94.1034927368164,1404800.0,0.0100121486425226,0.0099623591397612,1.7799987792968892,56.27147696255943,ALL
2020-12-16,106.38999938964844,107.48999786376952,106.04000091552734,106.41999816894533,94.5477294921875,1823600.0,0.0047207254741703,0.0047096177934923,1.4499969482421733,62.32594711915148,ALL
2020-12-17,106.52999877929688,107.0500030517578,105.8499984741211,106.55999755859376,94.672119140625,1821000.0,0.0013156280865294,0.0013147634062137,1.2000045776367043,60.41314398552701,ALL
2020-12-18,107.0,108.0999984741211,106.3000030517578,107.4000015258789,95.41840362548828,5276700.0,0.0078828327879167,0.0078519255795221,1.7999954223632957,73.66457707751024,ALL
2020-12-21,107.5999984741211,107.61000061035156,104.47000122070312,106.16999816894533,94.32561492919922,2140200.0,-0.0114525988149853,-0.0115186848807775,3.139999389648437,59.43774615633995,ALL
2020-12-22,106.55999755859376,107.26000213623048,106.01000213623048,106.19000244140624,94.34339141845705,1513600.0,0.0001884587688207,0.0001884410126978,1.25,63.39378753566275,ALL
2020-12-23,106.43000030517578,107.5500030517578,105.9499969482422,105.98999786376952,94.16569519042967,1083300.0,-0.0018835047728907,-0.0018852807984576,1.6000061035155966,61.46485899109526,ALL
2020-12-24,106.19000244140624,107.41000366210938,105.91999816894533,107.19000244140624,95.2318344116211,509000.0,0.0113219492410201,0.0112583356764381,1.4900054931640483,64.02380642344488,ALL
2020-12-28,108.0199966430664,108.97000122070312,107.4000015258789,107.47000122070312,95.48060607910156,1130000.0,0.0026122742359997,0.0026088681780731,1.5699996948242188,71.54993313320382,ALL
2020-12-29,107.7300033569336,108.31999969482422,107.33999633789062,107.5199966430664,95.5250244140625,1406000.0,0.000465207928447,0.0004650997527868,0.9800033569335938,63.93006650316329,ALL
2020-12-30,108.11000061035156,108.61000061035156,107.7699966430664,108.1500015258789,96.08474731445312,1017200.0,0.0058594373968903,0.0058423376576397,0.8400039672851562,68.97435897435889,ALL
2020-12-31,108.16999816894533,110.0999984741211,108.0,109.93000030517578,97.66614532470705,1033800.0,0.0164583667486633,0.0163243957941285,2.0999984741210938,74.11756385906004,ALL
2021-01-04,109.9000015258789,110.25,107.18000030517578,108.08000183105467,96.02255249023438,2124600.0,-0.0168286854058618,-0.0169718967111157,3.0699996948242188,67.87465231898071,ALL
2021-01-05,108.3499984741211,108.3499984741211,106.56999969482422,107.2300033569336,95.2673797607422,2054000.0,-0.0078645350483572,-0.0078956236094485,1.779998779296875,61.11115603374803,ALL
2021-01-06,107.87999725341795,111.06999969482422,107.61000061035156,109.98999786376952,97.7194366455078,2174800.0,0.025738682967074,0.0254130193444416,3.459999084472656,66.50445981776267,ALL
2021-01-07,110.2699966430664,110.91000366210938,109.63999938964844,110.06999969482422,97.7905502319336,1545300.0,0.0007277322594865,0.0007274675907633,1.2700042724609375,65.32332551021503,ALL
2021-01-08,110.5199966430664,110.63999938964844,108.6999969482422,109.9499969482422,97.68392944335938,1260900.0,-0.0010902974604534,-0.0010908922671129,1.940002441406236,64.25566920364636,ALL
2021-01-11,109.12999725341795,110.19000244140624,108.91999816894533,109.1500015258789,96.97319793701172,1290500.0,-0.0072758283823928,-0.0073024263149084,1.270004272460909,57.38409161070952,ALL
2021-01-12,109.58000183105467,110.51000213623048,109.16000366210938,109.77999877929688,97.53288269042967,1219200.0,0.0057715406455038,0.0057549491133174,1.349998474121108,66.04452803745795,ALL
2021-01-13,109.36000061035156,110.19000244140624,108.16000366210938,108.87999725341795,96.73328399658205,2023500.0,-0.0081982473171182,-0.0082320377549588,2.029998779296861,61.08822067699993,ALL
2021-01-14,108.98999786376952,109.54000091552734,108.1999969482422,109.05999755859376,96.89320373535156,1432900.0,0.0016532028290816,0.0016518377935312,1.340003967285142,62.675542974168245,ALL
2021-01-15,108.6999969482422,109.37000274658205,108.0199966430664,108.4000015258789,96.30684661865234,2126800.0,-0.0060515814741842,-0.0060699665032138,1.3500061035156392,55.22908610490536,ALL
2021-01-19,108.5999984741211,110.5,108.3499984741211,110.2699966430664,97.9682159423828,1255100.0,0.0172507914240926,0.0171036859028914,2.1500015258789062,60.63830620269867,ALL
2021-01-20,110.11000061035156,111.70999908447266,109.77999877929688,111.0,98.61678314208984,1993400.0,0.0066201797538956,0.0065983625999617,1.9300003051757808,62.57230947929735,ALL
2021-01-21,111.5199966430664,111.9000015258789,110.70999908447266,110.72000122070312,98.36800384521484,1605200.0,-0.00252268720342,-0.0025258745403476,1.19000244140625,59.52550555639376,ALL
2021-01-22,110.19000244140624,110.95999908447266,109.5,110.43000030517578,98.11038208007812,1238700.0,-0.0026189589609045,-0.002622394433476,1.4599990844726562,52.08343024067126,ALL
2021-01-25,110.0500030517578,111.87999725341795,109.87000274658205,110.9499969482422,98.57235717773438,1124100.0,0.0047087279435849,0.0046976765625471,2.009994506835909,63.44894913988355,ALL
2021-01-26,111.0199966430664,111.41000366210938,109.16000366210938,109.5199966430664,97.30188751220705,1078800.0,-0.0128887012738933,-0.0129724812393378,2.25,60.17776461455209,ALL
2021-01-27,108.8000030517578,112.9000015258789,108.54000091552734,110.51000213623048,98.18144989013672,2797100.0,0.0090395202027229,0.0089989082979194,4.3600006103515625,52.742774270633305,ALL
2021-01-28,110.23999786376952,111.37999725341795,108.9000015258789,109.3000030517578,97.10643768310548,2741200.0,-0.0109492394768477,-0.0110096235772688,2.4799957275390483,46.371244496244536,ALL
2021-01-29,108.55999755859376,109.22000122070312,107.0199966430664,107.18000030517578,95.22295379638672,2144500.0,-0.0193960764255947,-0.0195866485753694,2.2000045776367188,39.01657362997015,ALL
2021-02-01,107.04000091552734,109.05999755859376,106.9499969482422,108.70999908447266,96.5822525024414,1548300.0,0.0142749059114595,0.0141739787915478,2.1100006103515625,48.350677792183205,ALL
2021-02-02,110.33000183105467,111.76000213623048,109.5500030517578,110.79000091552734,98.4302215576172,2057100.0,0.0191336297020934,0.0189528837213416,2.2099990844726847,53.41453558182055,ALL
2021-02-03,109.88999938964844,110.83999633789062,108.41000366210938,109.0,96.83990478515624,1702700.0,-0.0161567935873238,-0.0162887377028889,2.42999267578125,50.38268274983903,ALL
2021-02-04,108.86000061035156,109.6500015258789,106.06999969482422,107.12999725341795,95.17852020263672,2767000.0,-0.017155991491373,-0.0173048606353425,3.5800018310546875,44.4444499375842,ALL
2021-02-05,107.06999969482422,107.87999725341795,106.51000213623048,106.91999816894533,94.99193572998048,1742700.0,-0.0019603632443433,-0.0019622872713072,1.3699951171874716,45.62640903078987,ALL
2021-02-08,107.0,107.45999908447266,105.9499969482422,107.37999725341795,95.40061950683594,1909200.0,0.0043022997027575,0.0042930712709096,1.5100021362304543,40.68341551623527,ALL
2021-02-09,107.4800033569336,108.48999786376952,107.2699966430664,107.87999725341795,95.8448486328125,1054700.0,0.0046564595520759,0.0046456517819388,1.2200012207031108,39.79057532774589,ALL
2021-02-10,107.5999984741211,107.8499984741211,105.37000274658205,105.5999984741211,93.81920623779295,1879200.0,-0.0211345985090957,-0.0213611316126374,2.4799957275390483,35.18522567794818,ALL
2021-02-11,105.0,105.62000274658205,103.3499984741211,104.4800033569336,92.8241729736328,2020300.0,-0.0106058589073771,-0.010662501883217,2.270004272460952,33.572636376654714,ALL
2021-02-12,104.12000274658205,105.12000274658205,103.52999877929688,104.43000030517578,92.77974700927734,1202600.0,-0.0004786033953469,-0.0004787179625082,1.5900039672851705,31.519351096523977,ALL
2021-02-16,105.0,105.0,103.08999633789062,103.20999908447266,91.6958465576172,2086200.0,-0.0116825113949896,-0.0117512881125192,1.910003662109375,31.899095392022204,ALL
2021-02-17,102.93000030517578,105.08999633789062,102.5500030517578,104.86000061035156,93.1617660522461,1961600.0,0.0159867600296135,0.015860317604464,2.5399932861328267,34.38364852124822,ALL
2021-02-18,104.69000244140624,105.5,104.1500015258789,105.08000183105467,93.35724639892578,1690900.0,0.0020982894052272,0.0020960910706375,1.3499984741210938,37.66092567036872,ALL
2021-02-19,105.1999969482422,105.1999969482422,103.3000030517578,103.4499969482422,91.90904998779295,2574500.0,-0.0155124156612816,-0.0156339921163343,1.8999938964844036,38.771805744691136,ALL
2021-02-22,103.26000213623048,106.25,102.56999969482422,105.30999755859376,93.56156158447266,2217800.0,0.0179798572273262,0.0178201313189448,3.680000305175781,39.96466717697334,ALL
2021-02-23,106.37999725341795,108.54000091552734,105.33999633789062,108.01000213623048,95.96037292480467,2525100.0,0.0256388553131003,0.0253156919123238,3.2000045776367188,42.08438678253374,ALL
2021-02-24,107.66000366210938,109.33999633789062,107.5500030517578,108.36000061035156,96.27131652832033,1578800.0,0.0032403334213728,0.0032350948544505,1.7899932861328267,48.01494795384576,ALL
2021-02-25,109.0,110.38999938964844,108.79000091552734,108.83000183105467,96.68887329101562,1886700.0,0.0043372914981636,0.0043279125590759,1.5999984741210938,55.77443967823101,ALL
2021-02-26,108.54000091552734,109.12000274658205,106.58000183105467,106.5999984741211,94.70764923095705,2795400.0,-0.0204907141082869,-0.0207035614059161,2.540000915527372,49.04425826520897,ALL
2021-03-01,107.6500015258789,110.62000274658205,107.48999786376952,109.72000122070312,97.47959899902344,1827700.0,0.0292684887712355,0.028848344849978,3.1300048828125284,56.03098355387508,ALL
2021-03-02,109.81999969482422,111.3000030517578,109.01000213623048,110.48999786376952,98.1636962890625,1337300.0,0.0070178508843261,0.0069933403760563,2.2900009155273158,56.63449423594262,ALL
2021-03-03,109.93000030517578,112.68000030517578,109.5199966430664,111.26000213623048,99.5777816772461,2045800.0,0.0144053804170081,0.0143026087256067,3.160003662109375,67.07343776013212,ALL
2021-03-04,111.5199966430664,112.41999816894533,107.94000244140624,109.3499984741211,97.86833190917967,2241000.0,-0.0171669798149062,-0.0173160408275845,4.479995727539091,64.34748113761125,ALL
2021-03-05,110.4000015258789,112.33000183105467,109.48999786376952,111.62000274658205,99.89997100830078,2158300.0,0.0207589018785609,0.0205463720990028,2.840003967285156,68.19561836816501,ALL
2021-03-08,112.72000122070312,116.68000030517578,112.13999938964844,113.27999877929688,101.38568878173828,2971400.0,0.0148720541001363,0.0147625494743848,4.540000915527344,74.2639341186791,ALL
2021-03-09,112.31999969482422,112.81999969482422,111.04000091552734,111.58999633789062,99.87313842773438,2272700.0,-0.0149187757382612,-0.0150311800303541,1.779998779296875,66.76651534344296,ALL
2021-03-10,111.69000244140624,113.75,110.9000015258789,113.70999908447266,101.7705307006836,3212200.0,0.018998023921338,0.0188198150054769,2.8499984741210938,69.3710528756566,ALL
2021-03-11,112.9800033569336,114.91999816894533,112.77999877929688,113.76000213623048,101.81527709960938,2330100.0,0.0004396793317054,0.0004395827010713,2.139999389648452,74.38434839242301,ALL
2021-03-12,115.0,115.81999969482422,114.6500015258789,115.73999786376952,103.5873794555664,1698400.0,0.0174050732506805,0.0172553398799222,1.1699981689453125,74.53427768513326,ALL
2021-03-15,115.68000030517578,117.3000030517578,115.5999984741211,117.2699966430664,104.95673370361328,2110100.0,0.0132193154730229,0.0131327027941314,1.7000045776367043,73.18313990637652,ALL
2021-03-16,116.5999984741211,117.01000213623048,115.04000091552734,115.83999633789062,103.67687225341795,3758600.0,-0.0121941814024959,-0.0122691404318314,1.9700012207031392,68.17606265984504,ALL
2021-03-17,116.5199966430664,116.5199966430664,114.61000061035156,115.83999633789062,103.67687225341795,2179800.0,0.0,0.0,1.909996032714844,67.5101216509847,ALL
2021-03-18,116.5,117.8000030517578,115.52999877929688,116.04000091552734,103.85587310791016,3051400.0,0.0017265263756671,0.0017250376423161,2.2700042724609237,75.19901547234957,ALL
2021-03-19,115.31999969482422,115.86000061035156,113.0199966430664,113.23999786376952,101.34988403320312,8756500.0,-0.0241294882967592,-0.0244253738060147,2.840003967285156,60.81932235432219,ALL
2021-03-22,112.1500015258789,112.8499984741211,111.12999725341795,112.23999786376952,100.45489501953124,2714100.0,-0.0088306861148325,-0.0088699076965033,1.7200012207031392,56.33037014427518,ALL
2021-03-23,111.7699966430664,112.83999633789062,111.47000122070312,111.86000061035156,100.11478424072266,1801800.0,-0.0033857063783945,-0.0033914508519669,1.3699951171875,51.57729427677877,ALL
2021-03-24,112.47000122070312,113.56999969482422,112.16999816894533,112.8499984741211,101.0008316040039,2653400.0,0.0088503148660918,0.0088113803824729,1.400001525878892,59.6685067260836,ALL
2021-03-25,113.69000244140624,114.77999877929688,112.8499984741211,114.70999908447266,102.66554260253906,1560700.0,0.0164821514050699,0.0163477950585884,1.9300003051757808,58.73380342298381,ALL
2021-03-26,114.9499969482422,116.1500015258789,114.58000183105467,116.02999877929688,103.846923828125,1459300.0,0.011507085976836,0.0114413830156937,1.569999694824233,57.92503084286132,ALL
2021-03-29,116.0500030517578,117.26000213623048,115.72000122070312,116.8000030517578,104.5360870361328,2648100.0,0.0066363372414228,0.0066144136966711,1.540000915527358,65.85513911530278,ALL
2021-03-30,117.5,118.0500030517578,116.79000091552734,117.11000061035156,104.81352996826172,1531700.0,0.0026540397674634,0.0026505240231627,1.2600021362304543,61.627904264797095,ALL
2021-03-31,116.61000061035156,117.0999984741211,114.8000030517578,114.9000015258789,102.8355712890625,2111500.0,-0.0188712151932881,-0.0190515489233242,2.2999954223632955,53.39687897202575,ALL
2021-04-01,114.58999633789062,116.30999755859376,114.37999725341795,116.02999877929688,103.846923828125,2293000.0,0.0098346566891691,0.0097866112034902,1.9300003051758097,50.910211741487984,ALL
2021-04-05,116.79000091552734,117.61000061035156,116.5500030517578,117.48999786376952,105.15363311767578,1266700.0,0.0125830331932941,0.0125045247282197,1.0599975585937642,50.69356581189231,ALL
2021-04-06,117.77999877929688,118.3000030517578,117.12999725341795,117.83000183105467,105.45795440673828,1439000.0,0.0028940634768361,0.0028898837374776,1.1700057983398438,56.73673603191391,ALL
2021-04-07,117.80999755859376,117.8499984741211,115.6999969482422,116.37999725341795,104.16019439697266,1891600.0,-0.0123059471148124,-0.012382292261451,2.150001525878892,51.66468358661404,ALL
2021-04-08,116.0,117.37000274658205,115.87000274658205,117.0500030517578,104.75983428955078,1516000.0,0.0057569006668016,0.005740393039039,1.5,53.02579603227543,ALL
2021-04-09,117.69000244140624,118.19000244140624,116.6500015258789,117.0999984741211,104.80459594726562,1630700.0,0.0004272788136636,0.0004271875560653,1.5400009155273295,63.845043722864304,ALL
2021-04-12,117.52999877929688,119.62000274658205,117.41999816894533,119.36000061035156,106.8272933959961,1894000.0,0.0192997017969347,0.0191158246354667,2.2000045776367188,73.42094799482484,ALL
2021-04-13,118.52999877929688,119.91999816894533,118.29000091552734,119.19000244140624,106.6751480102539,1720900.0,-0.0014242182957702,-0.0014252334586373,1.629997253417983,74.44960801240165,ALL
2021-04-14,119.36000061035156,120.47000122070312,119.12000274658205,120.41999816894533,107.77599334716795,1683000.0,0.0103196044950246,0.010266720890645,1.3499984741210795,74.85223560808403,ALL
2021-04-15,120.38999938964844,121.62999725341795,119.77999877929688,121.58999633789062,108.8231430053711,1792800.0,0.0097159824343262,0.0096690857969166,1.8499984741210795,73.65882171540667,ALL
2021-04-16,122.0,122.70999908447266,121.75,122.1999969482422,109.3690948486328,1856200.0,0.0050168725896362,0.0050043300165155,0.9599990844726562,72.30657619964543,ALL
2021-04-19,122.52999877929688,122.95999908447266,121.33999633789062,122.83999633789062,109.9418716430664,1169600.0,0.0052370991569998,0.0052234332455998,1.6200027465820312,72.04370991717593,ALL
2021-04-20,122.6999969482422,123.56999969482422,122.25,122.87000274658205,109.96873474121094,1759200.0,0.0002443391015913,0.0002443092556546,1.3199996948242188,71.46046775163771,ALL
2021-04-21,123.2300033569336,124.23999786376952,123.19000244140624,123.9000015258789,110.8905792236328,1032800.0,0.008382787022068,0.0083478465925927,1.0499954223632812,86.76467925369286,ALL
2021-04-22,123.25,124.11000061035156,122.93000030517578,123.66000366210938,110.6758041381836,1159700.0,-0.0019368199440645,-0.0019386980051817,1.1800003051757812,83.61251287119947,ALL
2021-04-23,124.08999633789062,125.2699966430664,123.69000244140624,125.0500030517578,111.91986083984376,1181800.0,0.0112405481157102,0.0111778426133459,1.5799942016601705,83.51081315761445,ALL
2021-04-26,125.25,126.2699966430664,125.08999633789062,125.3000030517578,112.14360809326172,1537200.0,0.0019991737993503,0.0019971781107865,1.1800003051757812,83.37815231037392,ALL
2021-04-27,125.29000091552734,125.91999816894533,125.06999969482422,125.83999633789062,112.62688446044922,1360200.0,0.0043094419325762,0.0043001828790623,0.849998474121108,96.0119641903525,ALL
2021-04-28,126.43000030517578,126.87999725341795,125.12000274658205,125.3499984741211,112.1883316040039,1600100.0,-0.0038938558812688,-0.003901456675428,1.759994506835909,91.08934874385784,ALL
2021-04-29,125.5199966430664,127.97000122070312,125.5199966430664,127.87000274658205,114.44374084472656,1066300.0,0.0201037773579133,0.0199043646285199,2.4500045776367188,92.8402953534993,ALL
2021-04-30,128.0,128.0,126.38999938964844,126.8000030517578,113.48611450195312,1404800.0,-0.0083676602643801,-0.0084028656622954,1.6100006103515625,82.68928688338558,ALL
2021-05-03,127.54000091552734,129.08999633789062,127.2300033569336,128.1300048828125,114.67644500732422,1575500.0,0.0104887766278278,0.0104341510485745,1.8599929809570312,85.646219565915,ALL
2021-05-04,128.25,128.57000732421875,127.41999816894533,127.83999633789062,114.41688537597656,2195600.0,-0.0022634084212418,-0.0022659738018162,1.1500091552734233,81.9829671092809,ALL
2021-05-05,127.5199966430664,127.76000213623048,125.77999877929688,127.4499969482422,114.06783294677734,2032800.0,-0.0030507073152028,-0.0030553702085945,1.980003356933608,77.0796468543535,ALL
2021-05-06,128.11000061035156,132.8800048828125,128.0399932861328,132.6199951171875,118.69499206542967,2624100.0,0.0405649778655066,0.0397638135951365,4.840011596679688,83.87532493445892,ALL
2021-05-07,129.74000549316406,132.82000732421875,128.57000732421875,132.25999450683594,118.372802734375,2104800.0,-0.0027144307055269,-0.0027181214529194,4.25,81.19230085273234,ALL
2021-05-10,133.0,136.17999267578125,133.0,134.49000549316406,120.36865997314452,2377400.0,0.0168607753864555,0.0167202103366734,3.17999267578125,83.58403405857277,ALL
2021-05-11,134.77000427246094,135.0,132.60000610351562,134.1300048828125,120.04645538330078,2307800.0,-0.002676814628622,-0.0026804037031889,2.399993896484375,80.75786490907312,ALL
2021-05-12,134.9600067138672,135.7100067138672,132.63999938964844,132.75,118.81134796142578,2117000.0,-0.0102885788500075,-0.0103418721339597,3.07000732421875,75.57682916416027,ALL
2021-05-13,132.16000366210938,138.0800018310547,131.6199951171875,137.52000427246094,123.0805206298828,2217600.0,0.0359323645569873,0.0353018565294682,6.460006713867188,79.47993909138475,ALL
2021-05-14,137.74000549316406,139.8800048828125,137.05999755859375,139.25999450683594,124.63777160644533,2518800.0,0.0126522943565161,0.0125729228667539,2.82000732421875,80.83037668508251,ALL
2021-05-17,138.75,139.72000122070312,138.05999755859375,139.02000427246094,124.42303466796876,4020000.0,-0.0017228881398378,-0.0017243740185228,1.660003662109375,79.49891650300066,ALL
2021-05-18,138.27999877929688,138.86000061035156,136.94000244140625,137.1300048828125,122.7314453125,1764800.0,-0.0135954677522766,-0.0136887324064234,1.9199981689453125,74.81054206603498,ALL
2021-05-19,136.5500030517578,136.5500030517578,133.25,135.69000244140625,121.44265747070312,2108100.0,-0.0105008772488204,-0.0105564004975856,3.3000030517578125,67.25518034234915,ALL
2021-05-20,135.10000610351562,136.72999572753906,134.3000030517578,136.08999633789062,121.80062866210938,1597000.0,0.0029476561108077,0.0029433202907818,2.42999267578125,71.12323346348153,ALL
2021-05-21,136.38999938964844,137.8300018310547,136.24000549316406,137.42999267578125,122.99994659423828,2741400.0,0.0098465660259929,0.0097984044871926,1.589996337890625,71.13641418442796,ALL
2021-05-24,137.4199981689453,138.32000732421875,136.9499969482422,137.24000549316406,122.82990264892578,1499200.0,-0.0013824717003614,-0.0013834281960163,1.3700103759765625,71.46129590135573,ALL
2021-05-25,137.1300048828125,137.35000610351562,134.91000366210938,135.14999389648438,120.95933532714844,1492600.0,-0.0152289245650859,-0.0153460755475817,2.44000244140625,66.31359903947885,ALL
2021-05-26,135.61000061035156,140.0,135.0,135.57000732421875,121.33524322509766,3187200.0,0.0031077212596493,0.0031029022753939,5.0,57.8249581576619,ALL
2021-05-27,136.33999633789062,136.60000610351562,134.3300018310547,136.3000030517578,121.98857879638672,3993900.0,0.0053845490718389,0.0053701042169716,2.270004272460937,60.509845960470685,ALL
2021-05-28,137.1699981689453,137.61000061035156,135.6999969482422,136.61000061035156,122.26608276367188,2095500.0,0.0022748356446413,0.002272252123352,1.910003662109375,56.127242168209904,ALL
2021-06-01,137.5800018310547,139.44000244140625,137.3800048828125,138.02000427246094,123.52799987792967,1501400.0,0.0103210725798499,0.0102681739791054,2.05999755859375,60.5994640027538,ALL
2021-06-02,138.6699981689453,138.9199981689453,137.30999755859375,138.13999938964844,123.63539123535156,1520100.0,0.0008693685442007,0.0008689908622485,1.6100006103515625,65.76949148822504,ALL
2021-06-03,135.5,137.0500030517578,135.49000549316406,136.25999450683594,122.6720962524414,1993300.0,-0.0077914177589848,-0.0078219294438536,1.55999755859375,48.2967579444647,ALL
2021-06-04,136.00999450683594,136.57000732421875,134.7899932861328,136.22999572753906,122.64509582519533,1361700.0,-0.0002201024362583,-0.0002201266623544,1.7800140380859375,40.47420364278264,ALL
2021-06-07,136.3300018310547,136.47999572753906,134.4499969482422,134.49000549316406,121.07862091064452,2389600.0,-0.0127724219546738,-0.0128546905999273,2.029998779296875,35.84207789523312,ALL
2021-06-08,134.00999450683594,134.99000549316406,133.44000244140625,134.5800018310547,121.1596450805664,1624700.0,0.0006691864287229,0.0006689626233241,1.5500030517578125,42.29550375653047,ALL
2021-06-09,134.1699981689453,134.4199981689453,132.97999572753906,133.02999877929688,119.7641830444336,1256300.0,-0.0115175480681285,-0.0115843887476808,1.44000244140625,41.85776769132496,ALL
2021-06-10,133.5,134.25999450683594,131.32000732421875,131.41000366210938,118.30574035644533,1359700.0,-0.0121776198101495,-0.0122523745318944,2.9399871826171875,34.681867915796204,ALL
2021-06-11,131.92999267578125,132.8300018310547,131.4199981689453,131.72999572753906,118.59382629394533,1538300.0,0.0024350968653932,0.0024321368213767,1.410003662109375,29.011383269697305,ALL
2021-06-14,131.0,131.61000061035156,129.5500030517578,130.97999572753906,117.91861724853516,1491300.0,-0.0056934586437628,-0.0057097281620349,2.05999755859375,27.679257477787917,ALL
2021-06-15,131.47000122070312,132.72999572753906,130.30999755859375,132.11000061035156,118.9359359741211,1623000.0,0.0086272952424615,0.0085902927992241,2.4199981689453125,40.03091341162429,ALL
2021-06-16,130.5,131.6300048828125,129.66000366210938,130.44000244140625,117.43248748779295,1880900.0,-0.0126408261221845,-0.0127214011077782,1.970001220703125,32.694275066375454,ALL
2021-06-17,131.0,131.0,126.16999816894533,126.5500030517578,113.9303970336914,1953500.0,-0.0298221601962198,-0.030275884285536,4.830001831054673,21.47478485946462,ALL
2021-06-18,125.22000122070312,125.75,123.81999969482422,124.04000091552734,111.6706771850586,3910600.0,-0.0198342137609207,-0.0200335519933745,1.9300003051757808,17.109069369887067,ALL
2021-06-21,125.05999755859376,128.47000122070312,125.05999755859376,128.16000366210938,115.37985229492188,1581600.0,0.033215300590651,0.032675591063938,3.410003662109361,28.042236447789666,ALL
2021-06-22,128.22999572753906,129.25999450683594,127.25,128.5,115.6859130859375,1329000.0,0.002652636356591,0.0026491243261596,2.009994506835937,28.804565397108547,ALL
2021-06-23,128.47999572753906,128.69000244140625,127.8000030517578,127.81999969482422,115.0737533569336,994600.0,-0.005291566731631,-0.0053056166568644,0.8899993896484517,29.35420557027861,ALL
2021-06-24,127.93000030517578,129.33999633789062,127.6999969482422,128.92999267578125,116.07303619384766,1136000.0,0.0086838467310135,0.008646359002786,1.6399993896484233,33.03893111043115,ALL
2021-06-25,129.1300048828125,131.02999877929688,128.82000732421875,130.77999877929688,117.7385711669922,1409700.0,0.0143490256459133,0.0142470526948315,2.209991455078125,41.4239018134932,ALL
2021-06-28,130.72999572753906,130.77999877929688,129.10000610351562,129.75,116.81127166748048,1574200.0,-0.0078759194231812,-0.0079070982926368,1.67999267578125,39.29988848379264,ALL
2021-06-29,129.63999938964844,130.6999969482422,129.24000549316406,129.57000732421875,116.64923095703124,1357300.0,-0.00138720097929,-0.0013881640333045,1.459991455078125,41.83963770720046,ALL
2021-06-30,129.8300018310547,130.6199951171875,129.2899932861328,130.44000244140625,117.43248748779295,1206300.0,0.0067146309009977,0.0066921881740009,1.3300018310546875,47.62840714840708,ALL
2021-07-01,131.00999450683594,133.69000244140625,130.57000732421875,132.7899932861328,119.54811096191406,1648500.0,0.0180156575014305,0.0178552986597853,3.1199951171875,52.35762991468194,ALL
2021-07-02,132.52000427246094,133.5,131.9600067138672,133.22999572753906,119.94425201416016,954100.0,0.0033136538006217,0.0033081757481104,1.5399932861328125,55.07445091636895,ALL
2021-07-06,132.75999450683594,132.75999450683594,130.44000244140625,131.6999969482422,118.56681823730467,1991300.0,-0.0114839498660833,-0.0115503996455006,2.3199920654296875,49.09170509975076,ALL
2021-07-07,130.9600067138672,133.39999389648438,129.92999267578125,133.08999633789062,119.81820678710938,1168600.0,0.010554289711141,0.0104989820107913,3.470001220703125,55.94432314202953,ALL
2021-07-08,132.02999877929688,132.88999938964844,129.75999450683594,130.39999389648438,117.3964614868164,1650800.0,-0.020211830615992,-0.020418884371883,3.1300048828125,59.12753360662781,ALL
2021-07-09,132.3699951171875,133.77000427246094,131.82000732421875,133.47000122070312,120.1603546142578,1189700.0,0.0235432405068851,0.0232703729130569,1.9499969482421875,71.7784156362572,ALL
2021-07-12,133.1199951171875,134.8300018310547,132.25,134.57000732421875,121.15062713623048,1478500.0,0.0082412583181172,0.008207484580635,2.5800018310546875,67.20346149419765,ALL
2021-07-13,134.57000732421875,134.57000732421875,132.08999633789062,132.27999877929688,119.0889892578125,1126000.0,-0.0170171457395736,-0.0171636012450474,2.480010986328125,59.18374742223886,ALL
2021-07-14,132.8300018310547,133.22000122070312,130.61000061035156,131.69000244140625,118.55782318115234,1317300.0,-0.004460245065228,-0.0044702216345976,2.6100006103515625,59.44360439531346,ALL
2021-07-15,128.82000732421875,130.7899932861328,125.04000091552734,130.49000549316406,117.47750854492188,2880800.0,-0.0091121328584093,-0.009153902273615,5.749992370605469,53.79018632727037,ALL
2021-07-16,130.41000366210938,131.3699951171875,129.97000122070312,130.4499969482422,117.44147491455078,1631500.0,-0.0003067279074727,-0.0003067749580987,1.399993896484375,49.12092580795314,ALL
2021-07-19,128.88999938964844,129.50999450683594,125.93000030517578,127.48999786376952,114.77664947509766,1983900.0,-0.0226906673421125,-0.0229520622529952,3.579994201660156,44.5410844385637,ALL
2021-07-20,127.5199966430664,129.88999938964844,127.08999633789062,127.83000183105467,115.08274841308594,1918100.0,0.0026669095098013,0.0026633596167296,2.8000030517578125,45.82934865184384,ALL
2021-07-21,128.5,130.27999877929688,128.5,128.7899932861328,115.94700622558594,1168800.0,0.0075098815801459,0.0074818228105986,1.779998779296875,46.06199438782883,ALL
2021-07-22,128.4600067138672,128.6999969482422,127.4000015258789,128.25,115.46085357666016,1304300.0,-0.0041928866018319,-0.0042017013991186,1.2999954223632812,38.1400624914492,ALL
2021-07-23,129.19000244140625,130.0,128.55999755859375,129.74000549316406,116.80228424072266,1011800.0,0.0116180560121346,0.0115510846185326,1.44000244140625,41.35713236374323,ALL
2021-07-26,129.9499969482422,131.0399932861328,129.8000030517578,130.5,117.48648834228516,830400.0,0.0058577972683513,0.0058407070820193,1.239990234375,46.91041623119703,ALL
2021-07-27,130.0,131.9600067138672,129.3699951171875,131.4499969482422,118.34175872802734,717100.0,0.0072797340171615,0.007253364650795,2.5900115966796875,45.67969256143882,ALL
2021-07-28,131.55999755859375,132.11000061035156,128.99000549316406,130.41000366210938,117.4054718017578,1083300.0,-0.0079117205653611,-0.0079431842911975,3.1199951171875,50.028875799830274,ALL
2021-07-29,131.5800018310547,133.05999755859375,130.5,132.52000427246094,119.3050537109375,1003800.0,0.0161796710155655,0.0160501750724197,2.55999755859375,47.0982223745366,ALL
2021-07-30,131.9499969482422,131.99000549316406,129.63999938964844,130.0500030517578,117.08137512207033,1423800.0,-0.0186385950946796,-0.0188144826685043,2.350006103515625,37.26044895652554,ALL
2021-08-02,130.75999450683594,132.07000732421875,129.64999389648438,129.75999450683594,116.8202896118164,1022200.0,-0.0022299491271067,-0.0022324391661237,2.420013427734375,41.99492715661799,ALL
2021-08-03,130.1999969482422,130.88999938964844,128.66000366210938,130.7100067138672,117.6755599975586,1674100.0,0.0073212486339844,0.0072945783870993,2.2299957275390625,46.956556982706815,ALL
2021-08-04,130.02000427246094,130.66000366210938,128.92999267578125,128.92999267578125,116.07303619384766,1109100.0,-0.0136181531980318,-0.0137117307867824,1.730010986328125,45.32363208484208,ALL
2021-08-05,127.75,128.0,124.8000030517578,127.93000030517578,115.17278289794922,1941600.0,-0.0077559209737132,-0.0077861545564318,3.1999969482422017,42.85717717232978,ALL
2021-08-06,128.57000732421875,131.5399932861328,128.57000732421875,130.82000732421875,117.77457427978516,2029200.0,0.0225903318159925,0.0223389491070322,2.9699859619140625,59.47637610320253,ALL
2021-08-09,131.1699981689453,133.5500030517578,130.6199951171875,132.67999267578125,119.44908905029295,1458700.0,0.0142179649618585,0.014117837653037,2.9300079345703125,62.70296713682545,ALL
2021-08-10,132.6999969482422,134.97999572753906,132.14999389648438,134.3300018310547,120.9345703125,1455200.0,0.0124361037327089,0.0123594105827149,2.8300018310546875,64.00409071201008,ALL
2021-08-11,134.61000061035156,135.74000549316406,133.74000549316406,135.61000061035156,122.08690643310548,1105500.0,0.0095285915154599,0.0094834808218464,2.0,67.93373712410991,ALL
2021-08-12,135.9600067138672,136.75999450683594,134.9600067138672,135.25,121.76282501220705,979500.0,-0.0026545141519824,-0.0026580436220765,1.79998779296875,64.20840544745721,ALL
2021-08-13,135.64999389648438,136.27000427246094,134.25999450683594,135.05999755859375,121.59175872802734,846300.0,-0.0014049138902826,-0.0014059017071089,2.010009765625,62.114786593191006,ALL
2021-08-16,134.86000061035156,136.6300048828125,134.0,136.5399932861328,122.92416381835938,984600.0,0.0109580213681448,0.0108984172852232,2.6300048828125,63.15244330516818,ALL
2021-08-17,134.11000061035156,135.39999389648438,133.69000244140625,134.72999572753906,121.2946548461914,1929700.0,-0.0132562135999219,-0.0133448614946511,1.709991455078125,60.73554565928576,ALL
2021-08-18,134.1999969482422,136.4600067138672,134.08999633789062,134.30999755859375,120.91654205322266,1374900.0,-0.0031173079592684,-0.0031221768849851,2.3700103759765625,54.856188794998616,ALL
2021-08-19,133.22000122070312,134.97999572753906,132.9199981689453,134.02999877929688,120.66447448730467,1038900.0,-0.0020846408740917,-0.0020868167623684,2.05999755859375,62.2536838490912,ALL
2021-08-20,134.0399932861328,135.17999267578125,133.6199951171875,134.55999755859375,121.14163970947266,1353800.0,0.0039544797604715,0.0039466813577067,1.55999755859375,64.56316271224784,ALL
2021-08-23,135.3800048828125,138.77999877929688,135.00999450683594,137.3300018310547,123.63539123535156,2385700.0,0.0205854199419748,0.0203764037745517,3.7700042724609375,68.0874346294072,ALL
2021-08-24,137.5399932861328,138.0,136.86000061035156,136.9499969482422,123.29330444335938,1227200.0,-0.0027669002263356,-0.0027707351703386,1.1399993896484375,73.72805585767998,ALL
2021-08-25,137.41000366210938,139.4499969482422,137.33999633789062,137.8699951171875,124.12152862548828,1457500.0,0.0067175114323372,0.0066950494885483,2.1100006103515625,79.54825999989913,ALL
2021-08-26,137.94000244140625,138.22999572753906,136.17999267578125,136.22000122070312,122.63607788085938,1425000.0,-0.0119677122984116,-0.0120399019083369,2.0500030517578125,67.33001568169684,ALL
2021-08-27,136.49000549316406,137.5800018310547,136.35000610351562,137.50999450683594,123.79741668701172,1067500.0,0.009469797356701,0.0094252399048654,1.2299957275390625,66.08933223275248,ALL
2021-08-30,136.57000732421875,136.94000244140625,134.47999572753906,134.52000427246094,121.82318878173828,1155300.0,-0.0159472463812774,-0.0160757719657826,2.4600067138671875,53.17322409463139,ALL
2021-08-31,134.19000244140625,135.8699951171875,133.4199981689453,135.27999877929688,122.51148986816406,1825500.0,0.0056500005730351,0.0056340991869086,2.4499969482421875,51.56814179241157,ALL
2021-09-01,135.36000061035156,135.52000427246094,133.75,134.27000427246094,121.5968017578125,1992100.0,-0.0074661414315985,-0.0074941525760744,1.7700042724609375,49.412448287835225,ALL
2021-09-02,134.55999755859375,135.4600067138672,133.63999938964844,133.97000122070312,121.32510375976562,1438000.0,-0.002234417304725,-0.0022369173398463,1.82000732421875,49.06298943661405,ALL
2021-09-03,133.97000122070312,134.3300018310547,133.02999877929688,133.97000122070312,121.32510375976562,1405300.0,0.0,0.0,1.3000030517578125,43.80046924193647,ALL
2021-09-07,133.75999450683594,133.91000366210938,131.39999389648438,131.47000122070312,119.06110382080078,1370700.0,-0.0186606058334618,-0.018836911699759,2.510009765625,41.74660990668435,ALL
2021-09-08,131.4600067138672,133.22000122070312,131.2100067138672,132.82000732421875,120.28366088867188,1195700.0,0.0102683162564254,0.0102159552317162,2.009994506835937,47.7987594952429,ALL
2021-09-09,132.67999267578125,134.30999755859375,132.00999450683594,132.08999633789062,119.62257385253906,1441900.0,-0.0054960668078158,-0.0055112257515527,2.3000030517578125,46.47639335261254,ALL
2021-09-10,132.7100067138672,132.97000122070312,130.94000244140625,131.5500030517578,119.13355255126952,1311400.0,-0.0040880352722754,-0.0040964141316471,2.029998779296875,43.21428608258847,ALL
2021-09-13,132.64999389648438,133.49000549316406,131.9199981689453,133.27000427246094,120.69121551513672,1603600.0,0.0130749308696795,0.012990191800135,1.57000732421875,39.37913902272416,ALL
2021-09-14,133.6699981689453,134.14999389648438,131.64999389648438,132.1300048828125,119.65879821777344,2118900.0,-0.0085542041560912,-0.0085910013579237,2.5,37.51086679537289,ALL
2021-09-15,132.16000366210938,133.6199951171875,131.00999450683594,131.69000244140625,119.26032257080078,1914200.0,-0.0033300990224508,-0.0033356561428043,2.6100006103515625,32.787226248583124,ALL
2021-09-16,131.49000549316406,132.30999755859375,130.77000427246094,131.47999572753906,119.07014465332033,1515600.0,-0.001594645338709,-0.001595918138877,1.5399932861328125,36.09843410561288,ALL
2021-09-17,130.72000122070312,132.07000732421875,130.16000366210938,131.02999877929688,118.6626205444336,3401200.0,-0.0034225549156193,-0.0034284252548941,1.910003662109375,28.73233561695785,ALL
2021-09-20,129.1199951171875,129.72999572753906,127.72000122070312,129.58999633789062,117.35853576660156,2009400.0,-0.0109898531807977,-0.0110506877364207,2.009994506835937,30.421100035264036,ALL
2021-09-21,130.1300048828125,131.02999877929688,129.1699981689453,129.60000610351562,117.36759185791016,1631400.0,7.716602162277653e-05,7.716304447848525e-05,1.8600006103515625,26.01342096593677,ALL
2021-09-22,130.7100067138672,131.4499969482422,130.3000030517578,130.36000061035156,118.05585479736328,1476100.0,0.0058641651290447,0.0058470378382694,1.149993896484375,33.131962187485286,ALL
2021-09-23,131.0800018310547,132.3000030517578,130.66000366210938,130.80999755859375,118.46338653564452,1237000.0,0.0034520247977598,0.0034460802367441,1.6399993896484375,36.54178318654873,ALL
2021-09-24,130.7899932861328,131.66000366210938,130.42999267578125,130.5,118.1826400756836,1162900.0,-0.0023699006770876,-0.0023727133363914,1.230010986328125,35.60167988383158,ALL
2021-09-27,131.02999877929688,131.99000549316406,130.3699951171875,130.39999389648438,118.09207916259766,1156100.0,-0.0007662793201094,-0.0007665730621762,1.6200103759765625,44.45585179753112,ALL
2021-09-28,130.3800048828125,131.22999572753906,127.7699966430664,127.98999786376952,115.9095458984375,1453600.0,-0.0184816228119337,-0.0186545418667165,3.459999084472656,27.451022035954157,ALL
2021-09-29,128.02999877929688,130.11000061035156,128.02999877929688,129.3300018310547,117.12307739257812,908600.0,0.0104696423813439,0.0104152152344534,2.0800018310546875,37.80922172872435,ALL
2021-09-30,129.97000122070312,130.3699951171875,127.25,127.30999755859376,115.29373931884766,1463500.0,-0.0156189379109192,-0.0157421986743845,3.1199951171875,33.43752097903483,ALL
2021-10-01,127.5,128.9499969482422,126.5199966430664,127.72000122070312,115.66504669189452,1553200.0,0.0032205337014874,0.0032153588902854,2.430000305175781,25.848610870782807,ALL
2021-10-04,127.76000213623048,129.3300018310547,126.4000015258789,126.61000061035156,114.65979766845705,1539600.0,-0.0086910354699913,-0.0087290227782748,2.930000305175781,25.91627674472447,ALL
2021-10-05,126.83000183105467,128.88999938964844,125.88999938964844,128.1300048828125,116.03634643554688,1864200.0,0.0120055049379221,0.0119340105124573,3.0,35.80553209814079,ALL
2021-10-06,127.33999633789062,128.0,125.79000091552734,127.48999786376952,115.45674896240234,1247200.0,-0.0049949648618631,-0.0050074813960097,2.209999084472656,34.61844494025856,ALL
2021-10-07,128.1300048828125,129.3000030517578,127.18000030517578,127.33999633789062,115.3208999633789,1309500.0,-0.0011766224170028,-0.0011773151806264,2.1200027465820312,35.43810748524206,ALL
2021-10-08,127.54000091552734,127.93000030517578,126.33999633789062,126.87999725341795,114.90430450439452,970000.0,-0.003612488795324,-0.0036190295900886,1.5900039672851562,38.40890271911408,ALL
2021-10-11,127.4499969482422,130.05999755859375,127.4499969482422,127.95999908447266,115.88237762451172,1265000.0,0.0085120668397571,0.008476043476648,2.6100006103515483,43.57368654564274,ALL
2021-10-12,128.13999938964844,128.85000610351562,126.51000213623048,126.80999755859376,114.84092712402344,1443900.0,-0.0089871343843396,-0.00902776227864,2.340003967285142,36.50201002610625,ALL
2021-10-13,126.72000122070312,126.80999755859376,124.1999969482422,125.6999969482422,113.835693359375,1277100.0,-0.0087532710665321,-0.0087918059795401,2.6100006103515625,31.49901754869705,ALL
2021-10-14,126.26000213623048,126.91000366210938,125.1999969482422,126.80999755859376,114.84092712402344,1358200.0,0.0088305674168027,0.0087918059795402,1.7100067138671733,37.37175121826609,ALL
2021-10-15,127.41999816894533,128.0500030517578,126.38999938964844,126.76000213623048,114.795654296875,1378100.0,-0.0003942220624842,-0.0003942997884297,1.660003662109375,37.50010848867462,ALL
2021-10-18,126.26000213623048,126.6500015258789,125.22000122070312,126.0500030517578,114.15267181396484,1057300.0,-0.0056011047356141,-0.005616849743226,1.4300003051757812,42.45734848172188,ALL
2021-10-19,126.58000183105467,126.7699966430664,125.27999877929688,126.5,114.56018829345705,1419100.0,0.0035699250224849,0.0035635679651382,1.4899978637695312,38.17882638105425,ALL
2021-10-20,126.41999816894533,128.4600067138672,126.29000091552734,128.33999633789062,116.22650909423828,1347400.0,0.0145453741443999,0.0144406049064398,2.170005798339844,54.36803226327381,ALL
2021-10-21,128.30999755859375,128.30999755859375,125.45999908447266,126.7699966430664,114.8046875,1379800.0,-0.0122331953813173,-0.0123086368070778,2.8499984741210938,46.33194962980895,ALL
2021-10-22,127.26000213623048,128.4600067138672,126.45999908447266,128.0,115.91862487792967,1837600.0,0.0097028910768968,0.0096561203268981,2.0000076293945312,55.31759511416911,ALL
2021-10-25,128.35000610351562,129.17999267578125,127.79000091552734,129.0,116.82422637939452,1355600.0,0.0078123899625146,0.0077820312575674,1.3899917602539062,53.466107537304495,ALL
2021-10-26,129.1199951171875,129.99000549316406,128.30999755859375,128.32000732421875,116.20842742919922,1179300.0,-0.0052711579548188,-0.0052850995216261,1.6800079345703125,53.29634739922995,ALL
2021-10-27,128.3699951171875,128.5399932861328,124.80999755859376,124.9000015258789,113.1112060546875,1260000.0,-0.0266522957330157,-0.0270139078390552,3.729995727539048,42.30771886677697,ALL
2021-10-28,125.3000030517578,126.41000366210938,124.81999969482422,126.22000122070312,114.3066177368164,1418400.0,0.0105684637607961,0.0105130079274566,1.5900039672851562,48.02637810907175,ALL
2021-10-29,126.12999725341795,126.18000030517578,122.94000244140624,123.66999816894533,111.9972915649414,2162900.0,-0.0202029087868916,-0.0204097785378273,3.239997863769545,38.207808014761234,ALL
2021-11-01,124.18000030517578,125.08000183105467,122.66999816894533,123.51000213623048,111.85240936279295,2072200.0,-0.0012936223735771,-0.0012944598253085,2.4100036621093466,40.40700393945875,ALL
2021-11-02,123.51000213623048,125.41000366210938,122.0,125.18000030517578,113.36478424072266,2097300.0,0.0135211649578714,0.0134305697287437,3.410003662109375,48.536067392652136,ALL
2021-11-03,125.18000030517578,127.83999633789062,125.0,126.12000274658205,114.21604919433594,1693000.0,0.0075090775262771,0.0074810247497514,2.839996337890625,48.038642835864216,ALL
2021-11-04,121.0,121.94000244140624,115.18000030517578,117.0999984741211,106.04742431640624,4434500.0,-0.0715190635252229,-0.0742054299297398,6.760002136230455,31.814744633623505,ALL
2021-11-05,117.75,118.8000030517578,114.6500015258789,117.16000366210938,106.10173797607422,2580200.0,0.0005121638740224,0.0005120327628705,4.150001525878892,32.844376640368765,ALL
2021-11-08,118.0,118.48999786376952,116.37999725341795,117.05999755859376,106.01116943359376,1610500.0,-0.0008536009325396,-0.0008539654572694,2.1100006103515625,31.5335771271117,ALL
2021-11-09,116.30999755859376,117.81999969482422,115.06999969482422,115.19000244140624,104.31768798828124,1558000.0,-0.0159745567788811,-0.0161035253321369,2.75,24.306339494558955,ALL
2021-11-10,114.08000183105467,115.62000274658205,113.91000366210938,114.11000061035156,103.33961486816406,2113700.0,-0.0093759087167177,-0.0094201392334728,1.7099990844726705,24.780843812575924,ALL
2021-11-11,114.12000274658205,115.08999633789062,112.7699966430664,114.66000366210938,103.83770751953124,1534500.0,0.0048199584641632,0.0048083796557096,2.3199996948242188,22.68619107712459,ALL
2021-11-12,114.63999938964844,115.9499969482422,114.37999725341795,114.70999908447266,103.88298797607422,2372900.0,0.0004360694936804,0.0004359744430102,1.5699996948242472,19.55678205016848,ALL
2021-11-15,115.1500015258789,115.44000244140624,114.43000030517578,114.8000030517578,103.96449279785156,1774100.0,0.0007845829559323,0.0007842753316189,1.0100021362304543,20.454425787418984,ALL
2021-11-16,115.2300033569336,116.66000366210938,114.6999969482422,115.3499984741211,104.46257019042967,3627700.0,0.0047908413649127,0.0047794018066105,1.9600067138671733,26.13679230984276,ALL
2021-11-17,115.06999969482422,115.2699966430664,113.16000366210938,113.2300033569336,102.5427017211914,2592700.0,-0.0183785298958129,-0.0185495132653584,2.1099929809570312,18.78891467231928,ALL
2021-11-18,113.37999725341795,113.76000213623048,111.48999786376952,113.05999755859376,102.38873291015624,2445300.0,-0.0015015092098294,-0.0015026376044544,2.270004272460966,21.21527252414819,ALL
2021-11-19,112.77999877929688,113.61000061035156,111.86000061035156,111.94000244140624,101.37445831298828,2084100.0,-0.0099061153345647,-0.0099555073544765,1.75,20.16489441665219,ALL
2021-11-22,112.25,114.18000030517578,111.51000213623048,113.5500030517578,102.83248138427734,2216400.0,0.0143825485783362,0.0142801008642905,2.6699981689452983,19.917017873408668,ALL
2021-11-23,112.31999969482422,115.81999969482422,112.12999725341795,114.9000015258789,104.0550537109375,3013000.0,0.0118889703934255,0.0118188517963821,3.690002441406264,21.58037640121921,ALL
2021-11-24,115.1500015258789,115.88999938964844,114.4000015258789,114.6999969482422,103.87393188476562,2676600.0,-0.00174063459402,-0.0017421512586431,1.4899978637695312,39.01080080234537,ALL
2021-11-26,111.91999816894533,115.4800033569336,111.3000030517578,115.12000274658205,104.25431060791016,1929900.0,0.0036619266859612,0.0036552381560654,4.180000305175796,40.95753500162066,ALL
2021-11-29,114.4800033569336,114.66999816894533,112.41999816894533,113.13999938964844,103.1872100830078,2656200.0,-0.0102355530306618,-0.0102882965180986,2.25,37.38382231238747,ALL
2021-11-30,112.0999984741211,112.3000030517578,108.1999969482422,108.72000122070312,99.1560516357422,8377100.0,-0.0390664544958893,-0.039850023803422,4.100006103515597,30.924505085888896,ALL
2021-12-01,109.61000061035156,111.12000274658205,107.12000274658205,107.12999725341795,97.70592498779295,2690200.0,-0.014624691322688,-0.014732686343393,4.0,29.881904587537814,ALL
2021-12-02,108.23999786376952,110.6500015258789,107.55999755859376,109.68000030517578,100.0315933227539,2201400.0,0.0238027359676653,0.0235238674031446,3.090003967285142,37.97749613809828,ALL
2021-12-03,109.7699966430664,110.80999755859376,107.7300033569336,108.31999969482422,98.79124450683594,2814700.0,-0.0123995707227811,-0.0124770868441163,3.0799942016601705,35.04556566632084,ALL
2021-12-06,109.52999877929688,111.51000213623048,109.25,109.77999877929688,100.12279510498048,2334700.0,0.0134784272107475,0.0133884012475113,2.260002136230483,39.48876125617426,ALL
2021-12-07,109.76000213623048,110.98999786376952,108.97000122070312,110.23999786376952,100.5423355102539,2660100.0,0.0041902586202624,0.0041815039343547,2.019996643066392,39.22758031939499,ALL
2021-12-08,110.1500015258789,110.4800033569336,108.20999908447266,109.0199966430664,99.42964935302734,2176700.0,-0.0110668421573824,-0.0111285352424055,2.270004272460937,41.04854094600264,ALL
2021-12-09,106.4800033569336,108.44000244140624,106.11000061035156,107.66999816894533,98.19840240478516,2155600.0,-0.0123830965537313,-0.0124604059768747,2.3300018310546733,38.65380571149041,ALL
2021-12-10,108.66000366210938,108.66000366210938,107.41000366210938,108.0199966430664,98.51760864257812,1392100.0,0.0032506255700288,0.0032453537082071,1.25,41.96192328415432,ALL
2021-12-13,107.88999938964844,108.62000274658205,106.41999816894533,108.1999969482422,98.6817855834961,1705200.0,0.0016664730618218,0.0016650860363355,2.2000045776367188,37.40448719195357,ALL
2021-12-14,108.4800033569336,111.52999877929688,108.0500030517578,110.70999908447266,100.97097778320312,2208900.0,0.0231977176555051,0.0229327406853102,3.4799957275390767,41.21020482182355,ALL
2021-12-15,111.1999969482422,114.01000213623048,110.55999755859376,113.5199966430664,103.5337905883789,2988000.0,0.0253816776012454,0.0250649116699268,3.4500045776367188,49.14645423269331,ALL
2021-12-16,114.18000030517578,116.23999786376952,114.06999969482422,115.81999969482422,105.63146209716795,2556100.0,0.0202607428634462,0.020058224886613,2.1699981689452983,53.181592569456846,ALL
2021-12-17,115.37000274658205,115.69000244140624,113.83999633789062,114.13999938964844,104.09925842285156,4978400.0,-0.0145051828678367,-0.0146114115283428,1.8500061035156108,52.062749380022574,ALL
2021-12-20,113.04000091552734,113.6500015258789,111.45999908447266,112.30999755859376,102.43022918701172,1979500.0,-0.0160330559614578,-0.0161629759509225,2.19000244140625,58.29096274956266,ALL
2021-12-21,112.9800033569336,114.81999969482422,112.9800033569336,113.31999969482422,103.35138702392578,1365000.0,0.0089930271973937,0.0089528307404515,1.839996337890625,64.68910695171884,ALL
2021-12-22,113.18000030517578,113.9499969482422,112.87999725341795,113.41999816894533,103.4425811767578,1092000.0,0.0008823698980537,0.0008819808385813,1.0699996948242472,60.04294057102242,ALL
2021-12-23,114.05999755859376,115.1999969482422,113.75,114.12999725341795,104.0901336669922,1063100.0,0.0062600186776844,0.0062405061509436,1.4499969482422017,66.16577474387483,ALL
2021-12-27,114.16000366210938,116.12999725341795,113.76000213623048,116.08000183105467,105.86859893798828,1116300.0,0.0170858198403873,0.0169414987966342,2.369995117187472,67.06390314064237,ALL
2021-12-28,115.91999816894533,117.4499969482422,115.91000366210938,117.08999633789062,106.7897491455078,1311100.0,0.008700882195098,0.0086632476644682,1.5399932861328267,68.01679917165862,ALL
2021-12-29,117.19000244140624,118.41999816894533,116.9499969482422,117.9499969482422,107.57408142089844,1511300.0,0.007344640114492,0.0073177995878348,1.470001220703125,73.94098557719268,ALL
2021-12-30,118.48999786376952,118.9800033569336,117.58000183105467,117.68000030517578,107.32785034179688,1251900.0,-0.0022889442870365,-0.0022915679243487,1.4000015258789205,78.48612634007624,ALL
2021-12-31,117.58000183105467,118.66000366210938,117.58000183105467,117.6500015258789,107.30048370361328,1144000.0,-0.0002549817041563,-0.0002550142175181,1.0800018310547017,77.91309323770248,ALL
2022-01-03,117.75,119.70999908447266,117.37000274658205,118.2699966430664,107.86593627929688,1924600.0,0.0052698045355088,0.0052559677058912,2.339996337890611,78.46243257289132,ALL
2022-01-04,119.41000366210938,121.48999786376952,119.0,121.12999725341795,110.47433471679688,1878400.0,0.0241818550644763,0.0238941036859777,2.489997863769517,78.88028453116817,ALL
2022-01-05,121.79000091552734,123.0,120.9800033569336,121.0199966430664,110.37403106689452,1840100.0,-0.0009079362202948,-0.00090834864404,2.0199966430664062,74.44600286623576,ALL
2022-01-06,122.93000030517578,123.7699966430664,121.22000122070312,122.4000015258789,111.63262939453124,1510900.0,0.0114030294578433,0.0113385049705542,2.549995422363281,72.8156353605583,ALL
2022-01-07,122.80999755859376,126.1999969482422,122.1500015258789,125.9499969482422,114.87033081054688,2314100.0,0.0290031815390907,0.0285905487218564,4.049995422363296,86.24931187760863,ALL
2022-01-10,126.51000213623048,127.2300033569336,123.0199966430664,123.54000091552734,112.67235565185548,2672400.0,-0.0191344026188665,-0.0193198345306087,4.210006713867188,83.28417609728572,ALL
2022-01-11,124.36000061035156,124.6999969482422,121.8499984741211,123.81999969482422,112.9277114868164,2019000.0,0.0022663574705932,0.0022637931562054,2.849998474121108,82.52810473776685,ALL
2022-01-12,123.4000015258789,124.26000213623048,122.5,123.79000091552734,112.90035247802734,1593100.0,-0.0002422701073886,-0.0002422994595319,1.760002136230483,82.26533466803886,ALL
2022-01-13,124.30999755859376,125.44000244140624,123.87000274658205,124.16000366210938,113.23779296875,1723900.0,0.0029888346964048,0.0029843770099668,1.5699996948241903,81.88197466889599,ALL
2022-01-14,123.9000015258789,124.47000122070312,122.5,124.08000183105467,113.16486358642578,1991100.0,-0.0006440374755832,-0.0006442449568068,1.970001220703125,78.86044900255186,ALL
2022-01-18,123.63999938964844,124.29000091552734,121.11000061035156,123.22000122070312,112.38050079345705,2362000.0,-0.0069311513142036,-0.0069552833164926,3.180000305175781,72.3561976668484,ALL
2022-01-19,123.6999969482422,123.6999969482422,120.4000015258789,120.93000030517578,110.2919464111328,1845800.0,-0.0185846687599549,-0.0187595336427233,3.2999954223632955,59.841610833186856,ALL
2022-01-20,121.31999969482422,122.95999908447266,119.30999755859376,119.48999786376952,108.97862243652344,2436000.0,-0.0119077051166883,-0.011979169723463,3.650001525878892,55.54876822833321,ALL
2022-01-21,119.8000030517578,121.30999755859376,119.04000091552734,119.41000366210938,108.9056625366211,3810400.0,-0.0006694881828299,-0.0006697123901184,2.2699966430664205,55.37902773857589,ALL
2022-01-24,119.68000030517578,122.2699966430664,117.9499969482422,121.91999816894533,111.19485473632812,2780400.0,0.0210199556789552,0.0208020842206662,4.3199996948242045,60.0000825074188,ALL
2022-01-25,120.20999908447266,122.83999633789062,118.58000183105467,121.93000030517578,111.20398712158205,2202000.0,8.212956683628647e-05,8.212619438806266e-05,4.259994506835952,52.5975172344863,ALL
2022-01-26,121.37999725341795,122.33999633789062,119.2300033569336,120.3000030517578,109.71736145019533,2634200.0,-0.0133684565622755,-0.013458618832931,3.1099929809570312,47.87230939381679,ALL
2022-01-27,121.04000091552734,123.55999755859376,119.45999908447266,120.25,109.6717529296875,2184200.0,-0.0004156910073755,-0.0004157774308335,4.099998474121108,43.10449923537151,ALL
2022-01-28,120.0,120.97000122070312,118.2699966430664,120.86000061035156,110.22811126708984,1981000.0,0.0050729410494516,0.0050601170360303,2.7000045776367188,29.881477396192707,ALL
2022-01-31,119.37000274658205,121.08000183105467,118.18000030517578,120.66999816894533,110.0548095703125,3607800.0,-0.0015722096186282,-0.0015734468371186,2.900001525878892,36.241551527361885,ALL
2022-02-01,119.2300033569336,119.5,116.4000015258789,118.72000122070312,108.27635955810548,3367300.0,-0.0161596755212301,-0.016291666968557,3.0999984741210938,28.925692968617227,ALL
2022-02-02,118.69000244140624,119.75,117.19000244140624,117.69000244140624,107.33697509765624,5549600.0,-0.0086758038807643,-0.0087136577682169,2.559997558593764,26.717641582146623,ALL
2022-02-03,117.9499969482422,122.0999984741211,115.61000061035156,121.66999816894533,110.9668426513672,5012100.0,0.0338174943947178,0.0332582560536418,6.489997863769531,42.54940066401549,ALL
2022-02-04,120.44000244140624,123.26000213623048,120.44000244140624,122.12000274658205,111.37727355957033,2637300.0,0.0036986806004077,0.0036918573009438,2.819999694824247,44.26228865877396,ALL
2022-02-07,122.9800033569336,125.83999633789062,122.36000061035156,124.76000213623048,113.7850341796875,3108700.0,0.0216180603382194,0.0213877040629168,3.4799957275390625,54.08272024334644,ALL
2022-02-08,125.58000183105467,127.54000091552734,125.4000015258789,127.18000030517578,115.99213409423828,2871000.0,0.0193971020043406,0.0192113760752868,2.139999389648437,66.45598587904239,ALL
2022-02-09,126.97000122070312,127.23999786376952,124.5500030517578,124.68000030517578,113.71206665039062,1983400.0,-0.0196570867641352,-0.0198528570570909,2.6899948120117188,62.94263968751847,ALL
2022-02-10,124.05999755859376,125.93000030517578,122.9499969482422,123.27999877929688,112.43522644042967,2199600.0,-0.0112287134300936,-0.0112922313634615,2.9800033569335795,59.05475162735269,ALL
2022-02-11,122.76000213623048,124.48999786376952,122.02999877929688,123.37999725341795,112.52642059326172,2841600.0,0.0008110816842652,0.0008107529352654,2.459999084472642,53.850209550971016,ALL
2022-02-14,125.30999755859376,126.31999969482422,123.08000183105467,124.8000030517578,113.8215103149414,3268800.0,0.0115092057034402,0.0114434786257123,3.239997863769545,57.04465505247079,ALL
2022-02-15,125.31999969482422,126.12000274658205,123.48999786376952,124.20999908447266,113.28340911865234,2209800.0,-0.0047275879119873,-0.0047387983017436,2.6300048828125284,60.11383361441192,ALL
2022-02-16,123.6999969482422,124.9000015258789,123.31999969482422,123.4800033569336,112.61763763427734,1796800.0,-0.0058770431571111,-0.0058943809385464,1.5800018310546875,58.07104184024676,ALL
2022-02-17,122.66999816894533,123.1999969482422,121.22000122070312,122.63999938964844,111.8515167236328,1801900.0,-0.0068028501284364,-0.0068260949942449,1.9799957275390767,54.397213332721584,ALL
2022-02-18,122.51000213623048,126.2699966430664,122.3000030517578,125.88999938964844,114.8156280517578,5359400.0,0.0265004124660093,0.0261553592946071,3.969993591308608,61.201773011196494,ALL
2022-02-22,125.4800033569336,126.1999969482422,124.13999938964844,125.08999633789062,114.08599853515624,2961300.0,-0.0063547927140428,-0.0063750703617421,2.059997558593764,64.37924849887462,ALL
2022-02-23,125.66999816894533,126.16000366210938,123.05999755859376,123.27999877929688,112.43522644042967,2100100.0,-0.014469541538157,-0.0145752462593075,3.100006103515611,62.18927506940666,ALL
2022-02-24,120.52999877929688,121.26000213623048,117.5,120.81999969482422,110.1916275024414,3220300.0,-0.0199545908254737,-0.02015637249862,3.760002136230483,48.0149754492185,ALL
2022-02-25,120.9000015258789,124.3000030517578,120.70999908447266,124.16999816894533,114.04930877685548,1787900.0,0.0350088419769334,0.0344099696537239,3.590003967285142,55.81538688381845,ALL
2022-02-28,121.11000061035156,123.12000274658205,120.77999877929688,122.36000061035156,112.38682556152344,2648700.0,-0.0145768811153849,-0.0146841677261221,2.3400039672851705,46.854927782060464,ALL
2022-03-01,122.2300033569336,122.9499969482422,118.68000030517578,119.86000061035156,110.09058380126952,1757500.0,-0.0204315919484432,-0.0206432042694489,4.2699966430664205,36.77832071778386,ALL
2022-03-02,121.36000061035156,124.26000213623048,121.3499984741211,123.87999725341795,113.78292846679688,1843300.0,0.0335391505616193,0.0329889809525514,2.910003662109389,50.149308627749534,ALL
2022-03-03,123.8499984741211,126.08999633789062,122.69000244140624,125.68000030517578,115.43621063232422,2447200.0,0.0145301425073602,0.0144255915302348,3.399993896484389,56.22444952442925,ALL
2022-03-04,123.5500030517578,127.5999984741211,123.36000061035156,127.5500030517578,117.15379333496094,2862400.0,0.0148790634518261,0.0147694560863621,4.239997863769531,58.991191724745605,ALL
2022-03-07,126.41000366210938,128.57000732421875,125.08999633789062,125.16999816894533,114.9677734375,2605800.0,-0.0186594034664397,-0.0188356864699429,3.480010986328125,52.15270858461377,ALL
2022-03-08,125.68000030517578,126.2699966430664,122.0,122.02999877929688,112.0837173461914,2356200.0,-0.0250857784323051,-0.0254057897338578,4.269996643066406,47.929402209466346,ALL
2022-03-09,123.62999725341795,124.12999725341795,121.4499969482422,122.41999816894533,112.44192504882812,1918700.0,0.0031958942040646,0.0031907981888464,2.680000305175753,49.69347607526933,ALL
2022-03-10,122.3499984741211,123.44000244140624,121.5199966430664,122.91000366210938,112.89198303222656,1563500.0,0.0040025816278315,0.0039945926086932,1.920005798339829,51.83529204042877,ALL
2022-03-11,123.43000030517578,125.12999725341795,122.77999877929688,123.37999725341795,113.3236846923828,1475900.0,0.0038240240676168,0.0038167310740578,2.3499984741210795,47.11016690665853,ALL
2022-03-14,125.58999633789062,127.16999816894533,124.4499969482422,125.87999725341795,115.6199188232422,1974600.0,0.0202626144489788,0.0200600593037745,2.720001220703125,52.80114222469664,ALL
2022-03-15,126.73999786376952,127.3499984741211,125.08999633789062,127.12999725341795,116.7680435180664,1699600.0,0.0099301634745085,0.0098811833877932,2.2600021362304688,58.06027018058688,ALL
2022-03-16,127.5,127.66999816894533,124.02999877929688,126.48999786376952,116.18019104003906,1940600.0,-0.0050343609459928,-0.0050470760339064,3.639999389648452,61.87176731406845,ALL
2022-03-17,126.5999984741211,130.9499969482422,126.5,130.9199981689453,120.24910736083984,2343800.0,0.0350224619565182,0.0344231288552868,4.449996948242188,62.18844193368782,ALL
2022-03-18,132.44000244140625,133.7899932861328,130.0800018310547,133.5,122.61884307861328,6081800.0,0.0197068882238136,0.0195152215126367,3.709991455078125,69.57130336234543,ALL
2022-03-21,133.86000061035156,134.89999389648438,131.97000122070312,134.52999877929688,123.56487274169922,2523600.0,0.0077152062385665,0.0076855962355845,2.92999267578125,77.17670361623172,ALL
2022-03-22,135.0,137.47999572753906,134.60000610351562,137.0399932861328,125.87026977539062,2475700.0,0.0186573820094535,0.0184854680751113,2.879989624023437,75.82412280472984,ALL
2022-03-23,136.9199981689453,138.05999755859375,135.86000061035156,137.0500030517578,125.87947082519533,2855500.0,7.309946837419368e-05,7.309679673825136e-05,2.1999969482421875,73.99743549376214,ALL
2022-03-24,136.75,138.82000732421875,136.6999969482422,138.75,127.44091796875,1653300.0,0.0124043033651055,0.0123280003367571,2.1200103759765625,73.80950194699292,ALL
2022-03-25,138.86000061035156,141.82000732421875,138.75,141.8000030517578,130.24232482910156,1897900.0,0.0219820047203245,0.0217438837207427,3.07000732421875,84.3737015856708,ALL
2022-03-28,141.32000732421875,141.5,139.83999633789062,140.60000610351562,129.14013671875,2542900.0,-0.0084625954872796,-0.0084986065571405,1.660003662109375,91.7302838404228,ALL
2022-03-29,140.86000061035156,140.91000366210938,138.3699951171875,139.58999633789062,128.21241760253906,1627000.0,-0.0071838170516373,-0.0072097449139893,2.540008544921875,87.53804525478516,ALL
2022-03-30,140.0,141.19000244140625,139.6300048828125,140.38999938964844,128.94723510742188,1310500.0,0.005731250674648,0.0057148895409071,1.55999755859375,87.70472123797401,ALL
2022-03-31,140.47000122070312,141.57000732421875,138.47999572753906,138.50999450683594,127.22048950195312,2346400.0,-0.013391102213477,-0.0134815715869181,3.0900115966796875,80.76445225728695,ALL
2022-04-01,139.52000427246094,140.02000427246094,138.3300018310547,139.5399932861328,128.16650390625,1276300.0,0.0074360223577221,0.0074085114404893,1.69000244140625,79.54140128303881,ALL
2022-04-04,139.22999572753906,139.52999877929688,136.8300018310547,137.08999633789062,125.91622161865234,1815800.0,-0.0175574913804598,-0.0177134523507726,2.6999969482421875,70.47694318090998,ALL
2022-04-05,137.0399932861328,139.05999755859375,137.00999450683594,137.24000549316406,126.05399322509766,1394800.0,0.0010941529588026,0.0010935548097253,2.0500030517578125,72.55562399154229,ALL
2022-04-06,137.1199951171875,140.08999633789062,136.32000732421875,139.02000427246094,127.68892669677734,1610500.0,0.0129701045548009,0.0128867130391605,3.769989013671875,69.12187224736984,ALL
2022-04-07,139.3699951171875,140.97000122070312,138.24000549316406,140.41000366210938,128.9656524658203,1703200.0,0.0099987195606616,0.0099490630906433,2.7299957275390625,67.28369950439858,ALL
2022-04-08,142.0,142.47000122070312,140.39999389648438,141.92999267578125,130.36172485351562,1682300.0,0.0108251488749324,0.0107669763915019,2.07000732421875,68.06643037136811,ALL
2022-04-11,142.66000366210938,144.41000366210938,142.66000366210938,142.89999389648438,131.252685546875,1896800.0,0.006834526732141,0.0068112772271094,1.75,65.47001402529466,ALL
2022-04-12,142.86000061035156,143.89999389648438,141.47000122070312,142.1199951171875,130.53623962402344,1872600.0,-0.0054585239141312,-0.0054734760918275,2.42999267578125,62.86149323223474,ALL
2022-04-13,141.3699951171875,143.7100067138672,140.17999267578125,141.8800048828125,130.31582641601562,1367700.0,-0.0016885212002633,-0.0016899483589365,3.530014038085937,58.57541825702496,ALL
2022-04-14,141.64999389648438,141.64999389648438,139.89999389648438,141.16000366210938,129.65451049804688,3787400.0,-0.0050747168333766,-0.0050876369379627,1.75,47.99002185133163,ALL
2022-04-18,139.88999938964844,141.0399932861328,139.24000549316406,139.72999572753906,128.3410186767578,1440200.0,-0.0101307067239195,-0.0101823715636903,1.79998779296875,47.30641202622662,ALL
2022-04-19,139.86000061035156,142.0500030517578,138.77000427246094,141.74000549316406,130.1872100830078,1807000.0,0.0143850456018261,0.014282562480394,3.279998779296875,56.268314064717366,ALL
2022-04-20,142.13999938964844,144.10000610351562,141.74000549316406,143.86000061035156,132.13441467285156,1437100.0,0.0149569576658274,0.0148462053540165,2.3600006103515625,59.39363548871639,ALL
2022-04-21,144.22999572753906,144.4600067138672,141.02000427246094,141.1300048828125,129.62693786621094,1276000.0,-0.0189767125608329,-0.0191590812284281,3.44000244140625,56.780523080838826,ALL
2022-04-22,139.0,140.02999877929688,131.94000244140625,132.07000732421875,121.3053970336914,2305700.0,-0.0641960765987411,-0.0663493079949513,8.089996337890625,36.34378766927541,ALL
2022-04-25,131.6300048828125,132.47000122070312,129.1300048828125,131.82000732421875,121.07576751708984,1903100.0,-0.0018929868102882,-0.0018947807741443,3.339996337890625,39.52290551577951,ALL
2022-04-26,130.52999877929688,132.5,128.89999389648438,128.97999572753906,118.4672393798828,1600600.0,-0.021544593032118,-0.0217800660328377,3.600006103515625,35.165276150461565,ALL
2022-04-27,129.19000244140625,129.69000244140625,127.75,128.3699951171875,117.90695190429688,1403600.0,-0.0047294718651228,-0.0047406912055313,1.94000244140625,30.033758183766736,ALL
2022-04-28,129.6699981689453,131.11000061035156,128.75999450683594,130.33999633789062,119.71639251708984,1355200.0,0.0153463437360474,0.0152297796453308,2.350006103515625,31.52291302721666,ALL
2022-04-29,129.27000427246094,129.88999938964844,126.16999816894533,126.54000091552734,116.22612762451172,1614100.0,-0.0291544442594181,-0.0295878802515063,3.720001220703111,23.94186252897605,ALL
2022-05-02,127.38999938964844,129.41000366210938,125.43000030517578,127.7300033569336,117.31912994384766,1587800.0,0.0094041016566177,0.009360158375862,3.9800033569335938,24.504233195861147,ALL
2022-05-03,128.66000366210938,132.05999755859375,128.3300018310547,129.77999877929688,119.20203399658205,1662300.0,0.016049420530442,0.0159219902276661,3.7299957275390634,30.10963021992724,ALL
2022-05-04,129.75,133.89999389648438,128.69000244140625,133.67999267578125,122.78414154052734,1688600.0,0.0300507250073267,0.029608048608851,5.209991455078125,38.17757570081773,ALL
2022-05-05,131.30999755859375,133.08999633789062,129.61000061035156,131.5800018310547,120.8553237915039,2465100.0,-0.0157090135975482,-0.0158337077571298,3.4799957275390625,36.71655969599336,ALL
2022-05-06,131.25999450683594,132.0,129.4600067138672,130.55999755859375,119.9184799194336,1851900.0,-0.0077517799189924,-0.0077819811416772,2.5399932861328125,37.13890014406365,ALL
2022-05-09,129.8699951171875,130.02999877929688,127.91000366210938,128.9600067138672,118.44888305664062,1405400.0,-0.0122549657382273,-0.0123306770262072,2.1199951171875,31.86719032116029,ALL
2022-05-10,129.86000061035156,132.0800018310547,128.38999938964844,129.58999633789062,119.02751922607422,1739500.0,0.0048851129238332,0.004873219477851,3.69000244140625,28.859216496915792,ALL
2022-05-11,129.63999938964844,131.64999389648438,128.41000366210938,128.5500030517578,118.0722885131836,1585500.0,-0.0080252929667156,-0.0080576689645704,3.239990234375,30.38048737516695,ALL
2022-05-12,128.5500030517578,129.35000610351562,125.4800033569336,127.5500030517578,117.15379333496094,1867200.0,-0.0077790918579518,-0.0078095068296032,3.8700027465820312,40.58327850503388,ALL
2022-05-13,128.1199951171875,128.89999389648438,127.0999984741211,128.19000244140625,117.7416534423828,1384700.0,0.0050178495351069,0.0050053020847688,1.7999954223632812,42.558450718375646,ALL
2022-05-16,128.58999633789062,128.8300018310547,126.98999786376952,127.25,116.87825012207033,1465900.0,-0.0073330320669819,-0.0073600509143794,1.8400039672851705,46.15385183598401,ALL
2022-05-17,128.22999572753906,129.3699951171875,127.18000030517578,129.2100067138672,118.67852020263672,1208300.0,0.015402952035012,0.0152855307900902,2.1899948120117188,51.76182298183284,ALL
2022-05-18,128.49000549316406,130.02999877929688,127.58000183105467,128.00999450683594,117.57630157470705,1604600.0,-0.0092874315086478,-0.0093308286080501,2.4499969482422017,44.95015068212015,ALL
2022-05-19,126.51000213623048,127.44000244140624,123.95999908447266,125.79000091552734,115.53724670410156,1470300.0,-0.0173423967525452,-0.0174945376731186,3.4800033569335795,48.254976408466895,ALL
2022-05-20,125.1999969482422,125.91999816894533,120.56999969482422,123.02999877929688,113.00221252441406,2070000.0,-0.0219412722044509,-0.0221855618794764,5.349998474121108,39.80920456154112,ALL
2022-05-23,124.54000091552734,126.23999786376952,122.83000183105467,125.66000366210938,115.41785430908205,1498100.0,0.0213769423686822,0.0211516604403556,3.409996032714844,41.2859970892419,ALL
2022-05-24,126.72000122070312,128.99000549316406,124.95999908447266,128.8300018310547,118.3294677734375,1540200.0,0.0252267162804666,0.024913774747308,4.030006408691406,39.41516494441301,ALL
2022-05-25,128.3300018310547,131.57000732421875,127.87000274658205,130.9499969482422,120.27667999267578,2035600.0,0.0164558520872126,0.0163219218467014,3.700004577636705,48.62627430609138,ALL
2022-05-26,132.05999755859375,134.1300048828125,131.58999633789062,133.69000244140625,122.79338073730467,1676300.0,0.0209242618334837,0.0207083560524617,2.540008544921875,56.348891038776486,ALL
2022-05-27,133.63999938964844,136.91000366210938,132.72000122070312,136.88999938964844,125.73255920410156,1539500.0,0.0239359682838666,0.0236539936893868,4.19000244140625,65.10474910275181,ALL
2022-05-31,135.1999969482422,137.5,133.82000732421875,136.69000244140625,125.548828125,6403500.0,-0.0014612848117034,-0.0014623535296149,3.67999267578125,63.74895969286372,ALL
2022-06-01,137.32000732421875,137.5399932861328,133.1999969482422,134.6999969482422,123.72100830078124,1476900.0,-0.0145586370778302,-0.014665653984844,4.339996337890625,61.48663177599556,ALL
2022-06-02,134.19000244140625,134.25,132.6300048828125,134.14999389648438,123.99835968017578,1205600.0,0.0022417484564971,0.0022392394873781,1.6199951171875,64.29101887254114,ALL
2022-06-03,133.4499969482422,134.02000427246094,131.8800048828125,131.97000122070312,121.98328399658205,1031600.0,-0.0162508253237473,-0.0163843182076712,2.139999389648437,58.35812140074412,ALL
2022-06-06,133.1699981689453,133.75999450683594,131.64999389648438,132.35000610351562,122.33454132080078,1445800.0,0.0028795529412748,0.0028754149704714,2.1100006103515625,60.97308371075505,ALL
2022-06-07,131.50999450683594,132.5399932861328,130.1199951171875,132.5399932861328,122.51016998291016,1604500.0,0.0014356424621631,0.0014346129127822,2.4199981689453125,58.24453310604678,ALL
2022-06-08,132.19000244140625,132.47999572753906,130.4199981689453,131.05999755859375,121.14215850830078,957000.0,-0.0111665135621003,-0.0112293271180198,2.05999755859375,57.585860795825226,ALL
2022-06-09,131.22999572753906,131.94000244140625,127.83999633789062,127.86000061035156,118.18431854248048,1137300.0,-0.0244162726027176,-0.024719292364059,4.100006103515625,55.41941979717302,ALL
2022-06-10,125.54000091552734,125.88999938964844,124.3499984741211,124.58999633789062,115.1617660522461,1582900.0,-0.0255749030625239,-0.0259076260594688,1.5400009155273438,54.33477909176641,ALL
2022-06-13,121.63999938964844,125.62000274658205,121.63999938964844,123.0999984741211,113.78451538085938,1970400.0,-0.0119592701518826,-0.0120313575413484,3.980003356933608,46.57885375740405,ALL
2022-06-14,123.62000274658205,124.56999969482422,121.3499984741211,121.98999786376952,112.75853729248048,1634000.0,-0.0090168515895571,-0.0090577494279677,3.220001220703125,37.33049472619415,ALL
2022-06-15,122.8499984741211,123.87999725341795,119.87999725341795,121.66999816894533,112.46273040771484,1661400.0,-0.0026233657501103,-0.0026268128039482,4.0,30.78617251266489,ALL
2022-06-16,119.91999816894533,120.36000061035156,117.63999938964844,119.52999877929688,110.48467254638672,2362100.0,-0.0175885633770139,-0.017745080143395,2.720001220703125,18.910400321277635,ALL
2022-06-17,119.86000061035156,121.36000061035156,118.2699966430664,120.55999755859376,111.43673706054688,4120600.0,0.0086171637406122,0.0085802479067429,3.090003967285156,9.862196071778342,ALL
2022-06-21,122.33000183105467,122.52999877929688,120.77999877929688,121.8000030517578,112.58290100097656,1161200.0,0.0102853329221848,0.0102327987990886,1.75,15.4626160513166,ALL
2022-06-22,120.30999755859376,123.05999755859376,119.86000061035156,122.06999969482422,112.8324737548828,1245600.0,0.0022167909308365,0.0022143374750177,3.1999969482422017,18.33368094538639,ALL
2022-06-23,122.33999633789062,123.2699966430664,120.62000274658205,121.80999755859376,112.59214782714844,1368800.0,-0.0021299358219908,-0.0021322073613556,2.649993896484361,16.756566369461652,ALL
2022-06-24,122.70999908447266,127.7699966430664,122.2300033569336,127.16000366210938,117.53728485107422,5383200.0,0.0439207983803413,0.0429836229622942,5.5399932861328125,38.93239780511461,ALL
2022-06-27,126.5199966430664,127.56999969482422,125.52999877929688,126.19000244140624,116.64069366455078,953600.0,-0.0076281427434661,-0.0076573858328842,2.040000915527344,36.20073487210738,ALL
2022-06-28,127.22000122070312,128.13999938964844,125.61000061035156,125.6999969482422,116.18777465820312,1341300.0,-0.0038830273733643,-0.0038905858971365,2.529998779296875,34.88063626600943,ALL
2022-06-29,126.16000366210938,126.52999877929688,124.93000030517578,125.41999816894533,115.92897033691406,1101300.0,-0.0022274660311758,-0.0022299505237367,1.5999984741210938,36.83476147189531,ALL
2022-06-30,124.4800033569336,127.11000061035156,123.7300033569336,126.7300033569336,117.13983917236328,1472700.0,0.01044492012592,0.0103907488310894,3.3799972534179688,47.10704088205009,ALL
2022-07-01,127.13999938964844,131.32000732421875,126.5,130.6999969482422,120.80939483642578,2525800.0,0.0313262822451292,0.0308456265930026,4.82000732421875,65.10134120626964,ALL
2022-07-05,128.9499969482422,129.35000610351562,125.16000366210938,128.89999389648438,119.14561462402344,2336900.0,-0.0137719439341209,-0.0138676569394162,4.19000244140625,64.1188370108066,ALL
2022-07-06,128.3800048828125,132.08999633789062,128.07000732421875,131.13999938964844,121.2161102294922,1853600.0,0.0173778582787325,0.0172285901254123,4.019989013671875,71.11211244344176,ALL
2022-07-07,131.89999389648438,133.32000732421875,131.00999450683594,131.1999969482422,121.27156829833984,1295800.0,0.0004575140114844,0.0004574093838602,2.3100128173828125,72.25601105367699,ALL
2022-07-08,132.1999969482422,132.22999572753906,130.8000030517578,130.8699951171875,120.96653747558594,1116900.0,-0.0025152707022267,-0.0025184393099655,1.42999267578125,78.92862843062903,ALL
2022-07-11,130.27000427246094,131.39999389648438,129.77999877929688,130.3300018310547,120.4674072265625,1442500.0,-0.0041261844758032,-0.0041347206643182,1.6199951171875,75.56259971994196,ALL
2022-07-12,129.13999938964844,130.1699981689453,127.94000244140624,128.02999877929688,118.3414535522461,1704700.0,-0.0176475423789783,-0.0178051168757015,2.2299957275390767,65.44375908730237,ALL
2022-07-13,127.2699966430664,128.5,126.7300033569336,126.86000061035156,117.25999450683594,1855000.0,-0.0091384634289007,-0.0091804753311808,1.7699966430664062,61.36689317246803,ALL
2022-07-14,123.72000122070312,124.04000091552734,120.33000183105467,120.91999816894533,111.76949310302734,2481300.0,-0.0468233128178128,-0.0479549914819553,3.7099990844726713,48.33643694777134,ALL
2022-07-15,122.48999786376952,123.37000274658205,121.7699966430664,122.4000015258789,113.13751220703124,4448600.0,0.0122396466694438,0.0121653478407251,1.6000061035156392,39.59794154730271,ALL
2022-07-18,122.88999938964844,123.33999633789062,119.41000366210938,119.7699966430664,110.70652770996094,1531600.0,-0.0214869891484075,-0.0217211955030911,3.92999267578125,36.919331028444695,ALL
2022-07-19,121.0,122.93000030517578,120.6500015258789,122.62999725341795,113.35009002685548,1345200.0,0.0238790103129273,0.0235983656453014,2.279998779296875,44.29579112903896,ALL
2022-07-20,122.76000213623048,123.5500030517578,121.6500015258789,122.33999633789062,113.08204650878906,1581900.0,-0.0023647402309333,-0.0023675406448186,1.900001525878892,44.279343750804856,ALL
2022-07-21,118.58999633789062,119.3499984741211,111.8499984741211,115.9000015258789,107.1293716430664,4386800.0,-0.0526403178002266,-0.0540764456575039,7.5,33.10449600073346,ALL
2022-07-22,116.12000274658205,118.20999908447266,115.76000213623048,116.1999969482422,107.40667724609376,2157900.0,0.0025885114303785,0.0025851670048119,2.4499969482421733,24.45388506581536,ALL
2022-07-25,117.16000366210938,117.6500015258789,116.16999816894533,116.72000122070312,107.88733673095705,1239300.0,0.0044751359709414,0.0044651523243315,1.4800033569335795,27.52773996812317,ALL
2022-07-26,116.41000366210938,117.33999633789062,115.05999755859376,115.12000274658205,106.4084014892578,1457800.0,-0.0137081448714164,-0.0138029690623867,2.279998779296861,19.72794272241944,ALL
2022-07-27,114.93000030517578,117.06999969482422,114.12999725341795,116.9800033569336,108.1276626586914,2099900.0,0.0161571938434501,0.0160280555384931,2.940002441406264,24.84084934867697,ALL
2022-07-28,116.94000244140624,117.4000015258789,113.88999938964844,115.73999786376952,106.9814682006836,1849100.0,-0.0106003813439102,-0.0106569656180656,3.5100021362304688,24.065881298328065,ALL
2022-07-29,116.13999938964844,117.54000091552734,116.11000061035156,116.97000122070312,108.11842346191406,1332100.0,0.0106275907440127,0.0105715148527019,1.4300003051757812,27.629065687321173,ALL
2022-08-01,115.8499984741211,116.44000244140624,114.3499984741211,116.16000366210938,107.36971282958984,1871600.0,-0.0069249125944568,-0.0069490010731633,2.090003967285142,29.080141140763743,ALL
2022-08-02,116.5500030517578,117.25,115.62999725341795,115.6999969482422,106.94450378417967,1501600.0,-0.0039602326783255,-0.0039680951648078,1.6200027465820457,29.82656544677603,ALL
2022-08-03,116.0,116.0999984741211,113.44000244140624,115.05999755859376,106.35294342041016,2062800.0,-0.0055314704621316,-0.0055468256957278,2.659996032714858,36.89633762346784,ALL
2022-08-04,113.95999908447266,116.69000244140624,112.0500030517578,113.91999816894533,105.29922485351562,2168400.0,-0.0099077518026859,-0.0099571601972008,4.6399993896484375,30.744880632428945,ALL
2022-08-05,113.9000015258789,117.0500030517578,113.45999908447266,117.0,108.14614868164062,1454300.0,0.0270365126816976,0.0266774830716886,3.590003967285142,43.83626807644048,ALL
2022-08-08,117.55999755859376,119.4800033569336,117.43000030517578,118.29000091552734,109.33851623535156,1346100.0,0.0110255202635187,0.0109651823147194,2.0500030517578125,39.61728466733568,ALL
2022-08-09,118.9000015258789,120.0,118.44000244140624,119.73999786376952,110.67878723144533,1159700.0,0.0122579950985326,0.0121834742427625,1.5599975585937642,44.10698571009518,ALL
2022-08-10,120.70999908447266,123.87999725341795,120.37999725341795,123.79000091552734,114.42230987548828,1675000.0,0.0338233074077212,0.0332638788997361,3.5,70.05582649139895,ALL
2022-08-11,124.48999786376952,127.79000091552734,124.33000183105467,126.94000244140624,117.33395385742188,1926200.0,0.0254464709295065,0.0251280991469751,3.4599990844726705,73.84537964936038,ALL
2022-08-12,127.66000366210938,129.6300048828125,127.20999908447266,129.44000244140625,119.64474487304688,1834400.0,0.0196941374568606,0.0195027170892373,2.420005798339844,75.95905352116463,ALL
2022-08-15,128.27000427246094,129.42999267578125,127.41999816894533,127.76000213623048,118.09188079833984,1615500.0,-0.0129789576329052,-0.0130639202550472,2.0099945068359237,75.71188953493254,ALL
2022-08-16,127.5199966430664,130.32000732421875,127.27999877929688,129.72999572753906,119.91281127929688,1590400.0,0.0154196077549695,0.0153019337199055,3.040008544921875,75.82009179344902,ALL
2022-08-17,128.8300018310547,132.66000366210938,128.8300018310547,132.0399932861328,122.04800415039062,1907500.0,0.0178062114324093,0.0176495379564976,3.830001831054688,81.63821397021574,ALL
2022-08-18,132.13999938964844,133.1199951171875,131.82000732421875,133.02000427246094,122.9538345336914,1145100.0,0.0074219188556707,0.0073945119403131,1.29998779296875,81.45823309714532,ALL
2022-08-19,132.75,133.07000732421875,130.11000061035156,130.1999969482422,120.34722900390624,1289200.0,-0.0211998718028669,-0.0214278164398519,2.9600067138671875,75.50870015761205,ALL
2022-08-22,128.9199981689453,128.9199981689453,125.29000091552734,125.5500030517578,116.0491180419922,1474100.0,-0.0357142494886568,-0.0363676066035567,3.6299972534179688,65.53140692660982,ALL
2022-08-23,125.66999816894533,126.37000274658205,125.26000213623048,125.5,116.0029067993164,1445400.0,-0.0003982041695402,-0.0003982834738741,1.1100006103515625,66.77380271618796,ALL
2022-08-24,125.41000366210938,127.3499984741211,125.0999984741211,126.95999908447266,117.35242462158205,1295400.0,0.0116334828109117,0.0115663341300059,2.25,70.73791268437974,ALL
2022-08-25,127.18000030517578,128.07000732421875,126.16999816894533,128.0,118.31372833251952,912200.0,0.0081915965011998,0.0081582274810903,1.9000091552734235,68.70748585798096,ALL
2022-08-26,128.22999572753906,128.3300018310547,125.02999877929688,125.0500030517578,115.58697509765624,1079900.0,-0.0230468033870064,-0.0233165332936073,3.3000030517578125,60.882196152131066,ALL
2022-08-29,124.13999938964844,125.0500030517578,122.95999908447266,124.08999633789062,114.69960021972656,1343000.0,-0.0076771182668285,-0.0077067390381004,2.090003967285142,57.11480763872237,ALL
2022-08-30,123.2300033569336,123.83000183105467,121.83000183105467,122.33999633789062,113.86198425292967,1582000.0,-0.0073026929927593,-0.0073294881863118,2.0,48.89485378628029,ALL
2022-08-31,122.93000030517578,123.02999877929688,120.43000030517578,120.5,112.14948272705078,2548900.0,-0.0150401517865241,-0.0151544018759413,2.5999984741210938,39.26681806508024,ALL
2022-09-01,120.70999908447266,121.79000091552734,119.88999938964844,121.38999938964844,112.97782135009766,1719400.0,0.0073860226806652,0.0073588795862119,1.9000015258789065,35.29516294432284,ALL
2022-09-02,122.27999877929688,124.4499969482422,120.9499969482422,121.4800033569336,113.06158447265624,1374300.0,0.0007414120891835,0.0007411373790144,3.5,38.1361217504524,ALL
2022-09-06,122.12999725341795,123.06999969482422,121.1500015258789,121.48999786376952,113.07088470458984,1211900.0,8.225810718109905e-05,8.225472416851941e-05,1.9199981689453125,32.35563666956676,ALL
2022-09-07,121.58000183105467,125.18000030517578,121.36000061035156,125.12000274658205,116.4493179321289,1296000.0,0.0298788962018434,0.0294412188258209,3.8199996948242183,36.43180894545697,ALL
2022-09-08,124.75,127.01000213623048,123.97000122070312,126.93000030517578,118.13390350341795,1590800.0,0.0144662553736114,0.0143626174078198,3.040000915527358,38.74395735889095,ALL
2022-09-09,127.05999755859376,127.79000091552734,126.38999938964844,126.44000244140624,117.67784881591795,1475300.0,-0.0038604894443939,-0.0038679603675809,1.4000015258789062,43.07009624750784,ALL
2022-09-12,126.62999725341795,128.0,125.95999908447266,127.0999984741211,118.29212188720705,1063300.0,0.0052199549657812,0.005206378227007,2.040000915527344,57.20017966468144,ALL
2022-09-13,125.41999816894533,126.0,122.1500015258789,122.54000091552734,114.0481185913086,1189900.0,-0.0358773114235381,-0.0365367221622368,3.8499984741210938,45.05713031205412,ALL
2022-09-14,122.93000030517578,124.12000274658205,121.83000183105467,124.0,115.40694427490234,1933600.0,0.0119144945166793,0.0118440757113498,2.290000915527372,45.08298065494436,ALL
2022-09-15,124.93000030517578,129.77000427246094,124.19000244140624,129.02000427246094,120.07906341552734,2584300.0,0.040483864900676,0.0396858596680544,5.580001831054702,53.75700055660233,ALL
2022-09-16,128.9600067138672,130.16000366210938,127.72000122070312,129.4199981689453,120.45133209228516,4847200.0,0.0031001963720318,0.0030954006724431,2.44000244140625,61.50539683433362,ALL
2022-09-19,128.41000366210938,132.17999267578125,128.22999572753906,132.0800018310547,122.92700958251952,1728000.0,0.0205533425594461,0.020344972905548,3.949996948242188,68.09991228520697,ALL
2022-09-20,131.4499969482422,131.89999389648438,128.6999969482422,130.0800018310547,121.06560516357422,1677900.0,-0.0151423550061694,-0.0152581711033844,3.1999969482421875,65.16452880880317,ALL
2022-09-21,130.85000610351562,131.82000732421875,127.83999633789062,127.8499984741211,118.99012756347656,1744400.0,-0.0171434124274474,-0.0172920620800072,3.980010986328125,64.18366084640333,ALL
2022-09-22,127.95999908447266,131.07000732421875,125.77999877929688,127.97000122070312,119.10181427001952,1751000.0,0.0009386216220617,0.0009381813922382,5.290008544921875,63.08664454158494,ALL
2022-09-23,127.02999877929688,127.9499969482422,125.79000091552734,127.62000274658205,118.7760772705078,1777800.0,-0.0027349457395605,-0.0027386925367436,2.159996032714858,62.08656901580818,ALL
2022-09-26,126.66000366210938,127.61000061035156,123.80999755859376,123.93000030517578,115.341796875,1583600.0,-0.0289139065241762,-0.0293401498676185,3.8000030517577983,54.19531995035295,ALL
2022-09-27,124.33000183105467,124.91000366210938,121.76000213623048,123.81999969482422,115.23942565917967,1822600.0,-0.0008875465667599,-0.0008879406694209,3.150001525878892,47.45700906434518,ALL
2022-09-28,124.62000274658205,127.12999725341795,123.70999908447266,126.41000366210938,117.64994049072266,1403600.0,0.0209174491954868,0.0207016830200126,3.4199981689452983,49.01291240169429,ALL
2022-09-29,126.05999755859376,126.66999816894533,123.63999938964844,126.12999725341795,117.38934326171876,1968400.0,-0.0022150221914004,-0.0022174789816216,3.029998779296889,49.40683674183264,ALL
2022-09-30,126.29000091552734,126.9800033569336,124.23999786376952,124.52999877929688,115.90021514892578,2601500.0,-0.0126853773214573,-0.0127665236990214,2.7400054931640767,45.25304036048255,ALL
2022-10-03,126.18000030517578,128.3300018310547,124.19000244140624,128.27999877929688,119.39034271240234,1933400.0,0.0301132103938885,0.0296687092053281,4.139999389648452,60.92916712971231,ALL
2022-10-04,129.16000366210938,132.92999267578125,129.16000366210938,132.80999755859375,123.60640716552734,2098300.0,0.0353132787572358,0.034704065707133,3.769989013671875,65.01873149070471,ALL
2022-10-05,131.3000030517578,133.97999572753906,130.85000610351562,133.0,123.78325653076172,1620600.0,0.0014307459401967,0.0014297233984395,3.129989624023437,58.12245209333202,ALL
2022-10-06,132.74000549316406,132.8300018310547,130.2899932861328,130.5399932861328,121.49372100830078,1546800.0,-0.01849632645504,-0.0186695224861151,2.540008544921875,52.108438569049405,ALL
2022-10-07,130.25999450683594,130.72000122070312,128.2100067138672,130.63999938964844,121.58682250976562,2223300.0,0.0007663071037102,0.0007660136403341,2.509994506835937,47.000057040603714,ALL
2022-10-10,131.27000427246094,132.25,130.1300048828125,131.38999938964844,122.28482818603516,1237300.0,0.0057408003750856,0.0057243847764314,2.1199951171875,52.8791280064859,ALL
2022-10-11,131.3699951171875,135.2100067138672,130.99000549316406,132.97000122070312,123.75531768798828,1570200.0,0.012025118109632,0.0119533908236908,4.220001220703125,61.58371455288724,ALL
2022-10-12,133.80999755859375,135.05999755859375,130.99000549316406,131.1300048828125,122.04283905029295,2256100.0,-0.0138376165944871,-0.0139342488870105,4.069992065429688,56.63310817228604,ALL
2022-10-13,127.86000061035156,135.4600067138672,122.9000015258789,134.9600067138672,125.60743713378906,3423000.0,0.0292077610717262,0.0287893422751059,12.56000518798828,63.44324948893432,ALL
2022-10-14,136.24000549316406,136.8800048828125,132.27000427246094,132.44000244140625,123.26205444335938,1837700.0,-0.01867232342247,-0.0188488521752304,4.6100006103515625,66.28393021396846,ALL
2022-10-17,134.32000732421875,136.30999755859375,133.0399932861328,133.5,124.24860382080078,1193900.0,0.0080036746255494,0.0079718151043867,3.270004272460937,67.87292607787646,ALL
2022-10-18,136.08999633789062,137.4600067138672,135.24000549316406,137.3800048828125,127.85973358154295,1615000.0,0.0290637451826047,0.0286494036043145,2.220001220703125,69.3337725343342,ALL
2022-10-19,137.80999755859375,138.92999267578125,134.61000061035156,135.14999389648438,125.78424072265624,2068600.0,-0.0162325761265806,-0.016365767719019,4.319992065429688,64.87458336848064,ALL
2022-10-20,116.55999755859376,122.79000091552734,116.51000213623048,117.70999908447266,109.55282592773438,9420300.0,-0.129041720184254,-0.1381612024550846,6.279998779296861,42.61265246590622,ALL
2022-10-21,118.30999755859376,123.56999969482422,117.94000244140624,120.08000183105467,111.75859832763672,3193700.0,0.0201343268073921,0.0199343115738482,5.629997253417983,40.84414764208711,ALL
2022-10-24,120.8000030517578,125.37999725341795,120.8000030517578,124.87000274658205,116.2166519165039,2682000.0,0.0398900277524754,0.0391149650164474,4.579994201660156,41.18564251377952,ALL
2022-10-25,123.63999938964844,125.12999725341795,122.5199966430664,124.6500015258789,116.01189422607422,1665900.0,-0.0017618618937396,-0.0017634157978504,2.6100006103515483,40.73663625222488,ALL
2022-10-26,125.63999938964844,127.3499984741211,124.20999908447266,124.2699966430664,115.65823364257812,1799200.0,-0.0030484855527563,-0.0030531416499435,3.139999389648437,42.70762562145961,ALL
2022-10-27,125.0,125.70999908447266,122.36000061035156,122.56999969482422,114.0760498046875,2234800.0,-0.0136798201741528,-0.0137742511018717,3.3499984741210938,40.95086960454338,ALL
2022-10-28,123.12000274658205,126.63999938964844,122.75,126.38999938964844,117.63130950927734,2222600.0,0.0311656978890564,0.0306899078237235,3.8899993896484375,44.7544973417567,ALL
2022-10-31,126.38999938964844,127.29000091552734,125.83000183105467,126.25,117.5010223388672,1892200.0,-0.0011075892205371,-0.0011082030507675,1.4599990844726705,42.730441139721066,ALL
2022-11-01,127.11000061035156,127.12000274658205,125.41000366210938,125.75,117.03567504882812,1508000.0,-0.0039603680102207,-0.0039682310347889,1.7099990844726705,44.00625184593661,ALL
2022-11-02,125.72000122070312,126.58000183105467,122.95999908447266,123.33999633789062,114.79268646240234,2446000.0,-0.0191649989243877,-0.0193510281852853,3.620002746582017,36.63138385370405,ALL
2022-11-03,120.88999938964844,125.3000030517578,119.01000213623048,123.95999908447266,115.3697280883789,2815400.0,0.0050268152419759,0.0050142229878971,6.290000915527315,39.797907514945685,ALL
2022-11-04,128.1999969482422,129.91000366210938,125.83000183105467,129.1199951171875,120.17213439941406,2337800.0,0.0416262254458663,0.0407831701946324,4.080001831054702,45.203679204109,ALL
2022-11-07,129.7100067138672,129.7100067138672,127.0199966430664,128.82000732421875,119.89292907714844,1284600.0,-0.0023233782412288,-0.002326081472352,2.690010070800781,39.82888546851171,ALL
2022-11-08,128.88999938964844,131.6699981689453,127.7699966430664,130.25999450683594,121.23311614990234,1362500.0,0.0111781994406987,0.0111161850806449,3.900001525878906,44.078461612072026,ALL
2022-11-09,129.85000610351562,131.36000061035156,127.80999755859376,127.94000244140624,119.07391357421876,1178800.0,-0.017810336352435,-0.0179708491061962,3.5500030517577983,69.5453879106739,ALL
2022-11-10,131.00999450683594,131.39999389648438,128.19000244140625,130.19000244140625,121.16798400878906,1631800.0,0.0175863072919415,0.017433457628698,3.209991455078125,69.40507490256611,ALL
2022-11-11,130.3800048828125,132.7100067138672,127.86000061035156,132.08999633789062,122.93633270263672,1533400.0,0.0145941909351186,0.014488720661086,4.850006103515625,65.58732855499515,ALL
2022-11-14,132.33999633789062,133.1199951171875,128.9199981689453,129.0399932861328,120.09768676757812,1075000.0,-0.023090374282799,-0.0233611330426806,4.199996948242188,58.44561657717967,ALL
2022-11-15,129.67999267578125,132.8699951171875,128.8000030517578,132.02999877929688,122.88047790527344,2004100.0,0.023171063594928,0.0229066905805365,4.069992065429688,63.56648427714419,ALL
2022-11-16,131.4199981689453,133.0,130.9600067138672,132.30999755859375,123.14107513427734,1531300.0,0.0021207374307641,0.0021184918414487,2.0399932861328125,67.91763417517005,ALL
2022-11-17,131.63999938964844,134.74000549316406,131.07000732421875,134.61000061035156,125.28167724609376,1190500.0,0.0173833313496916,0.0172339696962308,3.669998168945313,66.01720323618913,ALL
2022-11-18,136.02999877929688,136.8699951171875,132.08999633789062,132.74000549316406,123.54126739501952,1756000.0,-0.0138919743838958,-0.0139893709323182,4.779998779296875,61.84740698663105,ALL
2022-11-21,132.5399932861328,134.75999450683594,131.72999572753906,134.25999450683594,124.9559326171875,1629800.0,0.0114509528030388,0.0113858868830647,3.029998779296875,64.97713590574591,ALL
2022-11-22,135.24000549316406,135.67999267578125,133.75,133.8699951171875,124.59296417236328,877700.0,-0.0029047716040517,-0.0029089986407897,1.92999267578125,69.95077778309295,ALL
2022-11-23,133.72999572753906,134.3699951171875,132.6300048828125,134.35000610351562,125.03970336914062,935000.0,0.003585589280622,0.0035791763801571,1.739990234375,69.79050958419509,ALL
2022-11-25,134.9600067138672,135.5399932861328,134.1199951171875,135.4199981689453,126.03556823730467,513800.0,0.0079643892406244,0.0079328408908225,1.4199981689453125,64.21486881803798,ALL
2022-11-28,135.22000122070312,135.27999877929688,132.5800018310547,132.72000122070312,123.5226593017578,1206800.0,-0.019938093434192,-0.0201395393475475,2.6999969482421875,57.93973653257426,ALL
2022-11-29,131.33999633789062,133.52000427246094,130.02999877929688,133.3800048828125,124.93708038330078,1263700.0,0.0114507013493585,0.0113856382761393,3.4900054931640625,58.07588993716759,ALL
2022-11-30,132.5399932861328,134.02999877929688,130.1199951171875,133.89999389648438,125.42415618896484,3212800.0,0.0038985688169577,0.0038909890912154,3.910003662109375,64.93464269245186,ALL
2022-12-01,134.5399932861328,134.5399932861328,130.9199981689453,132.00999450683594,123.65380096435548,1925600.0,-0.0141149462623622,-0.0142155095346804,3.6199951171875,55.93659296509882,ALL
2022-12-02,130.80999755859375,131.8800048828125,129.88999938964844,130.85000610351562,122.5672378540039,1298100.0,-0.0087871387848788,-0.0088259733527549,1.9900054931640625,49.08886203618185,ALL
2022-12-05,130.1699981689453,130.1699981689453,127.16999816894533,128.44000244140625,120.30977630615234,1246600.0,-0.0184181481721937,-0.0185898741143277,2.999999999999986,50.5390254921693,ALL
2022-12-06,128.44000244140625,130.58999633789062,127.97000122070312,130.30999755859375,122.0614013671875,1464800.0,0.014559291146696,0.0144543222888247,2.6199951171875,47.80317236332802,ALL
2022-12-07,130.22999572753906,132.75999450683594,128.97000122070312,130.11000061035156,121.87406158447266,1717500.0,-0.0015347995403663,-0.0015359785516994,3.789993286132813,46.58836358138213,ALL
2022-12-08,130.85000610351562,131.6999969482422,129.5399932861328,130.02999877929688,121.79912567138672,1194900.0,-0.0006148635083765,-0.0006150526144638,2.160003662109375,39.448945391505326,ALL
2022-12-09,129.58999633789062,130.22999572753906,127.83000183105467,128.5500030517578,120.41281127929688,1237600.0,-0.0113819732649814,-0.011447243665959,2.399993896484389,40.313920687405485,ALL
2022-12-12,128.80999755859375,129.22000122070312,127.41000366210938,128.8300018310547,120.67507934570312,1220300.0,0.0021780744392547,0.0021757058737744,1.80999755859375,35.72748371289934,ALL
2022-12-13,131.47000122070312,132.22999572753906,128.9600067138672,130.32000732421875,122.07077026367188,2135800.0,0.0115656929793304,0.0114993216159462,3.269989013671875,42.13268082704316,ALL
2022-12-14,130.5500030517578,132.24000549316406,128.92999267578125,129.89999389648438,121.6773452758789,1524500.0,-0.0032229254140296,-0.0032281302242941,3.3100128173828125,39.47701069559832,ALL
2022-12-15,128.5500030517578,133.60000610351562,128.27000427246094,132.2899932861328,123.91603088378906,2416300.0,0.0183985408527314,0.018231335475991,5.330001831054688,43.84537811849511,ALL
2022-12-16,130.75,132.19000244140625,129.82000732421875,131.19000244140625,122.88570404052734,4120000.0,-0.0083147179256247,-0.0083494780069992,2.3699951171875,47.97618360787995,ALL
2022-12-19,131.0,132.42999267578125,130.39999389648438,130.99000549316406,122.6983642578125,1188900.0,-0.0015245042877652,-0.0015256675268192,2.029998779296875,42.28529422745149,ALL
2022-12-20,131.61000061035156,134.4499969482422,130.57000732421875,133.67999267578125,125.21809387207033,1616000.0,0.0205359674474827,0.0203279475731643,3.8799896240234375,49.37715645366831,ALL
2022-12-21,135.00999450683594,136.4499969482422,134.5500030517578,134.63999938964844,126.1173095703125,1261500.0,0.0071811961868775,0.0071555341802357,1.899993896484375,57.86012690242879,ALL
2022-12-22,134.36000061035156,135.52999877929688,133.2899932861328,135.42999267578125,126.85728454589844,1382500.0,0.0058673545931724,0.0058502087028668,2.2400054931640625,63.99749874414452,ALL
2022-12-23,135.58999633789062,136.58999633789062,134.9199981689453,136.3699951171875,127.73780059814452,872600.0,0.0069409971638443,0.0069170193324624,1.6699981689453125,76.6287295307946,ALL
2022-12-27,136.47000122070312,136.97999572753906,135.5399932861328,136.02000427246094,127.4099578857422,737500.0,-0.0025665285519803,-0.0025698277325541,1.44000244140625,71.35390077575686,ALL
2022-12-28,136.22000122070312,136.74000549316406,135.3300018310547,135.42999267578125,126.85728454589844,661300.0,-0.0043377562398959,-0.0043471915999082,1.410003662109375,69.33139336998984,ALL
2022-12-29,135.97999572753906,136.85000610351562,135.27000427246094,136.4199981689453,127.78466033935548,629100.0,0.0073103866031556,0.0072837952437803,1.5800018310546875,71.77923613771515,ALL
2022-12-30,135.72999572753906,136.41000366210938,134.75999450683594,135.60000610351562,127.01653289794922,706000.0,-0.0060111083706476,-0.0060292478111953,1.6500091552734375,75.160500975825,ALL
2023-01-03,135.5399932861328,137.22000122070312,135.2100067138672,136.66000366210938,128.00946044921875,1248300.0,0.0078173095156619,0.0077869126632626,2.009994506835937,76.47054936195241,ALL
2023-01-04,137.32000732421875,139.5399932861328,136.8800048828125,138.9600067138672,130.1638641357422,1466000.0,0.0168300348971324,0.0166899791046985,2.6599884033203125,77.69224423562287,ALL
2023-01-05,138.25999450683594,139.52000427246094,137.1999969482422,139.33999633789062,130.5198211669922,1108800.0,0.0027346839586659,0.0027309515136455,2.32000732421875,80.33419406643785,ALL
2023-01-06,140.0,142.0500030517578,139.2899932861328,141.3699951171875,132.4213104248047,1308100.0,0.0145685861412547,0.0144634838548973,2.760009765625,79.8684485502548,ALL
2023-01-09,141.72999572753906,142.05999755859375,139.3300018310547,140.00999450683594,131.1473846435547,1534200.0,-0.0096202475052034,-0.0096668210261327,2.7299957275390625,78.52495022704056,ALL
2023-01-10,140.4600067138672,142.14999389648438,140.13999938964844,141.25999450683594,132.31825256347656,905700.0,0.0089278785322648,0.0088882606525293,2.009994506835937,81.1020743629109,ALL
2023-01-11,140.38999938964844,140.9199981689453,137.8699951171875,138.22999572753906,129.48007202148438,1553500.0,-0.0214496525385311,-0.0216830397533323,3.0500030517578125,63.501391163453455,ALL
2023-01-12,138.61000061035156,139.0800018310547,136.89999389648438,137.07000732421875,128.3935089111328,1365600.0,-0.0083917400831479,-0.0084271489678844,2.1800079345703125,57.126116881826455,ALL
2023-01-13,136.24000549316406,139.33999633789062,135.6999969482422,138.97000122070312,130.17324829101562,1203300.0,0.0138615993516826,0.0137664060621721,3.6399993896484375,59.7467631139409,ALL
2023-01-17,138.85000610351562,138.85000610351562,134.1999969482422,135.52000427246094,126.94161987304688,1798400.0,-0.0248255955843101,-0.0251389476569674,4.6500091552734375,47.94392887948787,ALL
2023-01-18,135.35000610351562,135.6300048828125,131.9199981689453,132.42999267578125,124.04719543457033,1900100.0,-0.022801225014863,-0.0230651931962091,3.710006713867188,42.33236285498772,ALL
2023-01-19,126.0500030517578,127.16000366210938,122.0,124.63999938964844,116.75031280517578,4888600.0,-0.0588234389647555,-0.0606245257164921,5.160003662109375,32.37514305534012,ALL
2023-01-20,125.05999755859376,125.9800033569336,123.27999877929688,125.6500015258789,117.6963882446289,2522200.0,0.008103408177003,0.008070751864627,2.7000045776367188,32.41921793580404,ALL
2023-01-23,125.72000122070312,126.66000366210938,124.81999969482422,125.23999786376952,117.31233978271484,2064900.0,-0.0032630437317738,-0.0032683790684243,1.840003967285156,32.859091117358034,ALL
2023-01-24,125.0,127.77999877929688,124.61000061035156,127.26000213623048,119.20446014404295,1852900.0,0.0161289116288421,0.0160002226319612,3.1699981689453125,34.92620024037849,ALL
2023-01-25,126.70999908447266,129.47999572753906,126.01000213623048,128.6199951171875,120.47837829589844,1454300.0,0.0106868329449762,0.0106301323545475,3.4699935913085795,32.90343311457201,ALL
2023-01-26,128.77999877929688,128.9600067138672,127.62000274658205,128.60000610351562,120.45964813232422,1256500.0,-0.0001554649376854,-0.0001554770236115,1.340003967285142,32.02808434243663,ALL
2023-01-27,128.27999877929688,129.1199951171875,127.54000091552734,127.83000183105467,119.73838806152344,1075600.0,-0.0059875658113203,-0.0060055631596584,1.5799942016601562,26.345214589453207,ALL
2023-01-30,127.9499969482422,128.64999389648438,127.43000030517578,128.0,119.89763641357422,1159200.0,0.0013299690653005,0.0013290854398195,1.2199935913085938,28.10795305908472,ALL
2023-01-31,128.82000732421875,128.82000732421875,127.01000213623048,128.47000122070312,120.33787536621094,1414400.0,0.0036717900853204,0.0036650655198734,1.810005187988267,26.003787334678503,ALL
2023-02-01,127.4499969482422,128.85000610351562,126.06999969482422,128.16000366210938,120.04749298095705,1794100.0,-0.0024130589340238,-0.0024159750528557,2.7800064086914062,28.959470226986767,ALL
2023-02-02,125.0,132.11000061035156,123.08000183105467,131.88999938964844,123.54139709472656,4016400.0,0.0291043488457001,0.0286888597237815,9.02999877929689,40.22642358434545,ALL
2023-02-03,131.75999450683594,132.22000122070312,128.4499969482422,131.3300018310547,123.016845703125,1760800.0,-0.0042459564480994,-0.0042549961182839,3.7700042724609375,34.81716578807311,ALL
2023-02-06,131.3000030517578,135.0399932861328,130.67999267578125,134.97999572753906,126.435791015625,2233700.0,0.0277924969784293,0.0274132954699821,4.3600006103515625,48.93530919391826,ALL
2023-02-07,134.7100067138672,137.64999389648438,134.05999755859375,136.72000122070312,128.06564331054688,1493300.0,0.0128907509640245,0.0128083724259829,3.589996337890625,58.93379197579233,ALL
2023-02-08,135.99000549316406,138.25,135.86000061035156,136.8300018310547,128.168701171875,1483300.0,0.0008047268468267,0.0008044032277827,2.389999389648437,87.32393944699075,ALL
2023-02-09,137.5,137.8300018310547,132.35000610351562,133.55999755859375,125.10567474365234,1842000.0,-0.0238983964120469,-0.0241885959504484,5.479995727539063,71.27481057170675,ALL
2023-02-10,133.58999633789062,135.63999938964844,133.14999389648438,135.41000366210938,126.8385772705078,1391700.0,0.0138515101765468,0.0137564547775565,2.4900054931640625,75.38686503000379,ALL
2023-02-13,135.66000366210938,137.27999877929688,135.5399932861328,136.50999450683594,127.86896514892578,1215800.0,0.008123615863496,0.0080907969153606,1.7400054931640625,74.20197916497963,ALL
2023-02-14,136.3699951171875,136.91000366210938,133.99000549316406,135.0399932861328,126.49199676513672,1276500.0,-0.0107685894085819,-0.0108269903094715,2.9199981689453125,66.70128899302429,ALL
2023-02-15,134.42999267578125,137.44000244140625,134.35000610351562,137.14999389648438,128.4684295654297,1308400.0,0.0156249632454035,0.0155041503468234,3.089996337890625,70.06091312741538,ALL
2023-02-16,136.0,139.02000427246094,135.72999572753906,137.10000610351562,128.42161560058594,1539200.0,-0.000364400537954,-0.0003644669479638,3.290008544921875,72.51090607876431,ALL
2023-02-17,136.72000122070312,136.94000244140625,134.63999938964844,135.0500030517578,126.50135040283205,1460000.0,-0.0149528191868124,-0.0150657396544546,2.3000030517578125,65.68747353891308,ALL
2023-02-21,134.41000366210938,134.9499969482422,132.8000030517578,134.41000366210938,125.90189361572266,1808700.0,-0.0047387382442991,-0.0047500016613838,2.149993896484375,63.118385602148784,ALL
2023-02-22,135.1999969482422,135.1999969482422,133.11000061035156,133.27999877929688,124.84341430664062,1439500.0,-0.0084071754497412,-0.008442715081391,2.089996337890625,60.91219947276561,ALL
2023-02-23,133.69000244140625,134.42999267578125,130.69000244140625,131.85000610351562,123.5039291381836,1318800.0,-0.0107293218140204,-0.0107872960429964,3.739990234375,49.90548240540831,ALL
2023-02-24,131.10000610351562,132.02999877929688,130.00999450683594,131.58999633789062,123.2603988647461,1365700.0,-0.0019718423141422,-0.0019737889545978,2.020004272460937,50.62322951706203,ALL
2023-02-27,131.1300048828125,131.66000366210938,128.47999572753906,128.9499969482422,121.60999298095705,1847800.0,-0.0133895874018713,-0.0134800362161687,3.1800079345703125,36.42231599427983,ALL
2023-02-28,129.10000610351562,129.49000549316406,127.63999938964844,128.77999877929688,121.44967651367188,2013000.0,-0.0013182836653092,-0.0013191533656455,1.850006103515625,29.70752674483801,ALL
2023-03-01,128.14999389648438,128.75,126.86000061035156,127.61000061035156,120.34626770019533,1681600.0,-0.0090853170230744,-0.009126840207987,1.8899993896484373,27.394267199108228,ALL
2023-03-02,126.88999938964844,126.98999786376952,125.45999908447266,126.27999877929688,119.09196472167967,1730000.0,-0.010422450172201,-0.0104771442689138,1.5299987792968608,30.59236654603613,ALL
2023-03-03,126.38999938964844,128.1300048828125,125.56999969482422,128.1300048828125,120.836669921875,1592300.0,0.0146500664782274,0.0145437909592217,2.560005187988281,30.64520097270741,ALL
2023-03-06,128.49000549316406,129.49000549316406,127.30999755859376,127.5999984741211,120.33683776855467,1372400.0,-0.0041364277387276,-0.0041450064208515,2.1800079345702983,24.84999172069448,ALL
2023-03-07,127.70999908447266,127.70999908447266,124.5500030517578,124.58000183105467,117.48873138427734,1222000.0,-0.0236677848370515,-0.0239523660984011,3.159996032714858,22.627032543898352,ALL
2023-03-08,125.1999969482422,125.1999969482422,121.16000366210938,122.4000015258789,115.43282318115234,1824800.0,-0.0174987692768646,-0.0176536825950927,4.039993286132827,10.557963256134611,ALL
2023-03-09,122.4800033569336,122.52999877929688,118.44000244140624,119.4000015258789,112.60359191894533,1651700.0,-0.0245097640708917,-0.0248151282677746,4.089996337890639,9.036442609528637,ALL
2023-03-10,118.68000030517578,120.6999969482422,117.68000030517578,118.1999969482422,111.4719009399414,1979700.0,-0.0100502209540397,-0.0101010653766257,3.0199966430664205,9.421234423047196,ALL
2023-03-13,115.9499969482422,117.16000366210938,113.8000030517578,114.18000030517578,107.68072509765624,3208000.0,-0.0340101479414778,-0.0346019499401996,3.3600006103515767,8.036198420817243,ALL
2023-03-14,117.11000061035156,118.01000213623048,112.93000030517578,114.36000061035156,107.85047149658205,2513800.0,0.00157638610598,0.0015751449136302,5.080001831054702,9.194437411351132,ALL
2023-03-15,111.16000366210938,111.7699966430664,107.86000061035156,110.61000061035156,104.31392669677734,2826400.0,-0.0327911853395724,-0.0333408661370326,3.909996032714844,8.316866271103791,ALL
2023-03-16,110.27999877929688,112.7300033569336,108.75,112.0999984741211,105.71912384033205,2727900.0,0.0134708488890402,0.0133809236832755,3.9800033569335938,13.728577937247522,ALL
2023-03-17,110.77999877929688,111.0199966430664,104.31999969482422,105.11000061035156,99.1269989013672,9352100.0,-0.0623550848654492,-0.0643839569397114,6.699996948242188,11.398995629424135,ALL
2023-03-20,105.8000030517578,110.13999938964844,105.8000030517578,109.1999969482422,102.98418426513672,2990200.0,0.0389115519133942,0.0381735804024341,4.339996337890639,21.867817474736057,ALL
2023-03-21,111.18000030517578,114.05999755859376,110.41999816894533,112.54000091552734,106.13407135009766,2577000.0,0.030586124533952,0.030127693337899,3.6399993896484375,29.618620414542207,ALL
2023-03-22,112.31999969482422,113.0199966430664,108.51000213623048,108.52999877929688,102.35232543945312,1856400.0,-0.0356317802807161,-0.0362820866406562,4.509994506835923,27.616662579220687,ALL
2023-03-23,108.44000244140624,108.66999816894533,105.23999786376952,105.58000183105467,99.57024383544922,2139700.0,-0.0271814205691853,-0.0275576690311377,3.4300003051758097,22.331287271768616,ALL
2023-03-24,104.30999755859376,105.62000274658205,103.1999969482422,105.58999633789062,99.57968139648438,2893000.0,9.478294590459237e-05,9.477845428499224e-05,2.420005798339844,22.6448054246232,ALL
2023-03-27,107.55999755859376,108.0,106.08999633789062,106.98999786376952,100.89998626708984,1771400.0,0.0132587778158133,0.0131716495194141,1.910003662109375,27.22093571927252,ALL
2023-03-28,106.29000091552734,107.31999969482422,105.6500015258789,106.33999633789062,100.28697967529295,1585200.0,-0.0060753882579747,-0.0060939185196948,1.6699981689453125,28.34412274975655,ALL
2023-03-29,107.58999633789062,109.8499984741211,107.0500030517578,109.6999969482422,103.45572662353516,2263500.0,0.0315967931081573,0.0311078863619785,2.7999954223632955,37.04594096160226,ALL
2023-03-30,110.25,110.4000015258789,108.0,109.08999633789062,102.88044738769533,1324100.0,-0.005560632113998,-0.0055761499815897,2.4000015258789062,37.639072902202535,ALL
2023-03-31,109.97000122070312,111.27999877929688,109.8499984741211,110.80999755859376,104.50254821777344,1901100.0,0.0157668524123477,0.0156438468505519,1.4300003051757812,45.12301060464509,ALL
2023-04-03,112.68000030517578,115.30999755859376,112.20999908447266,114.25,107.74673461914062,2381600.0,0.0310440889403635,0.0305719673992231,3.099998474121108,49.85453842883528,ALL
2023-04-04,114.4499969482422,114.9800033569336,111.58999633789062,113.16999816894533,106.72821044921876,1421900.0,-0.0094529469827749,-0.0094979096636728,3.3900070190429688,53.642573464425865,ALL
2023-04-05,111.69000244140624,115.47000122070312,111.13999938964844,114.87999725341795,108.34087371826172,1396600.0,0.0151100000857811,0.014996981090412,4.330001831054688,53.93098071012473,ALL
2023-04-06,115.37000274658205,116.5999984741211,114.8000030517578,115.22000122070312,108.66153717041016,1414500.0,0.0029597643174108,0.0029553928385774,1.7999954223632957,67.60711334079672,ALL
2023-04-10,115.30999755859376,116.20999908447266,115.1999969482422,116.11000061035156,109.50086975097656,989500.0,0.0077242840698095,0.0076946045251279,1.0100021362304543,63.54371972441789,ALL
2023-04-11,115.76000213623048,117.0,115.12999725341795,116.0999984741211,109.49143981933594,1062200.0,-8.611741315001087e-05,-8.612112146733669e-05,1.8700027465820452,58.02526097868513,ALL
2023-04-12,116.38999938964844,117.88999938964844,115.6500015258789,116.08000183105467,109.47258758544922,1377100.0,-0.0001721799797118,-0.0001721948043862,2.2399978637695312,70.75320359583706,ALL
2023-04-13,114.11000061035156,114.86000061035156,113.0,114.11000061035156,107.61470794677734,2889600.0,-0.0169711859347592,-0.0171168468889433,1.8600006103515625,74.78207649697845,ALL
2023-04-14,114.29000091552734,115.12000274658205,111.2699966430664,112.12999725341795,105.7474136352539,2287600.0,-0.0173516645368487,-0.0175039690640497,3.850006103515639,67.04898844936343,ALL
2023-04-17,112.3499984741211,114.91000366210938,111.41999816894533,114.88999938964844,108.35031127929688,2210600.0,0.0246142913057045,0.024316240606155,3.4900054931640483,69.23075711201798,ALL
2023-04-18,114.98999786376952,115.41999816894533,113.36000061035156,114.13999938964844,107.64299774169922,1856400.0,-0.0065280249705457,-0.0065494257127837,2.059997558593764,68.89534040570094,ALL
2023-04-19,114.77999877929688,116.80999755859376,113.76000213623048,116.51000213623048,109.87809753417967,1962400.0,0.0207640054566653,0.0205513718744998,3.049995422363281,67.32823842932152,ALL
2023-04-20,118.3499984741211,122.5,117.08999633789062,117.37999725341795,110.69857788085938,3165400.0,0.0074671874112535,0.0074394459820423,5.410003662109375,70.8186820375588,ALL
2023-04-21,116.6999969482422,117.06999969482422,115.70999908447266,115.77999877929688,109.18964385986328,1503900.0,-0.0136310154103344,-0.0137247706619639,1.3600006103515625,62.5568161146628,ALL
2023-04-24,115.8499984741211,117.37000274658205,115.75,115.9000015258789,109.30281829833984,1034400.0,0.0010364942541787,0.0010359574648965,1.6200027465820457,55.00910907857582,ALL
2023-04-25,115.1999969482422,116.12000274658205,114.31999969482422,114.91000366210938,108.36917114257812,963300.0,-0.008541839728353,-0.0085785303275441,1.8000030517578267,55.31135603499874,ALL
2023-04-26,114.12999725341795,115.61000061035156,113.44000244140624,114.05999755859376,107.56755065917967,1141000.0,-0.0073971266453979,-0.0074246210570424,2.1699981689453267,47.358259345690826,ALL
2023-04-27,113.86000061035156,115.70999908447266,113.62000274658205,115.25,108.6898193359375,1155500.0,0.0104331526550571,0.0103791029321889,2.089996337890611,50.09159785502385,ALL
2023-04-28,115.7699966430664,116.66999816894533,115.36000061035156,115.76000213623048,109.1707992553711,2228700.0,0.0044252527271848,0.0044154900871718,1.3099975585937642,48.90559252515369,ALL
2023-05-01,115.5500030517578,117.25,115.38999938964844,115.86000061035156,109.2650909423828,1188800.0,0.0008637079480489,0.000863335166973,1.8600006103515625,49.25369980560169,ALL
2023-05-02,115.12999725341795,115.33000183105467,110.55999755859376,112.38999938964844,105.99261474609376,2224300.0,-0.0299498784841963,-0.0304075371538661,4.770004272460909,40.55297744819982,ALL
2023-05-03,112.98999786376952,112.98999786376952,111.0199966430664,111.5,105.15326690673828,2979700.0,-0.0079189275721346,-0.0079504487989037,1.9700012207031108,42.92682285158049,ALL
2023-05-04,109.97000122070312,114.72000122070312,109.5,114.0199966430664,107.52982330322266,3413800.0,0.0226008802807065,0.0223492644894293,5.220001220703125,54.976271417495255,ALL
2023-05-05,115.45999908447266,117.98999786376952,115.45999908447266,115.7300033569336,109.14250183105467,2244500.0,0.0149975000264293,0.0148861494625689,2.529998779296861,52.34114511699634,ALL
2023-05-08,115.91999816894533,116.8499984741211,115.11000061035156,116.12000274658205,109.51029205322266,1323900.0,0.0033698166708446,0.0033641515619984,1.7399978637695312,55.63138722407928,ALL
2023-05-09,115.54000091552734,118.58000183105467,115.45999908447266,118.41999816894533,111.67938232421876,1945200.0,0.0198071818669054,0.0196135720409742,3.120002746582017,55.45403051880498,ALL
2023-05-10,118.55999755859376,119.44000244140624,116.4800033569336,117.66999816894533,110.97207641601562,1642800.0,-0.0063333615702649,-0.006353502389081,2.959999084472642,50.83382877388465,ALL
2023-05-11,117.01000213623048,118.5,116.43000030517578,118.33000183105467,111.5945053100586,1730900.0,0.0056088785048014,0.0055932073169785,2.0699996948242188,57.75078857837538,ALL
2023-05-12,119.13999938964844,119.63999938964844,117.70999908447266,118.26000213623048,111.52848815917967,1689700.0,-0.0005915806579858,-0.0005917557108652,1.9300003051757808,57.195131275512026,ALL
2023-05-15,118.54000091552734,118.58999633789062,117.1999969482422,117.93000030517578,111.2172622680664,2144500.0,-0.0027905506140195,-0.002794451459078,1.3899993896484233,59.59335808264927,ALL
2023-05-16,118.0199966430664,118.08999633789062,116.43000030517578,116.80999755859376,110.16101837158205,1196700.0,-0.009497121894068,-0.0095425071375743,1.6599960327148438,58.58837998865103,ALL
2023-05-17,117.0,119.47000122070312,116.72000122070312,119.0,112.22637176513672,1719100.0,0.0187484958298775,0.0185749090858356,2.75,61.02293842613226,ALL
2023-05-18,118.58000183105467,119.06999969482422,117.4800033569336,118.88999938964844,112.12263488769533,1512400.0,-0.0009243538377814,-0.000924781316238,1.589996337890625,59.42202911284583,ALL
2023-05-19,119.83000183105467,119.98999786376952,117.75,117.77999877929688,111.07582092285156,2027600.0,-0.0093363304019057,-0.0093801871219232,2.239997863769517,55.44840479846031,ALL
2023-05-22,117.5,118.58000183105467,117.3000030517578,118.08999633789062,111.3681640625,1579200.0,0.0026319241867363,0.002628466739438,1.279998779296875,69.70952546127931,ALL
2023-05-23,118.16999816894533,118.61000061035156,115.87000274658205,116.26000213623048,109.642333984375,1848200.0,-0.0154966196367972,-0.0156179473251006,2.739997863769517,65.45458556965097,ALL
2023-05-24,115.4800033569336,116.11000061035156,113.33999633789062,113.4000015258789,106.94512939453124,1730500.0,-0.0246000289471048,-0.0249076653833483,2.770004272460937,48.03054623129339,ALL
2023-05-25,112.55999755859376,113.56999969482422,110.6999969482422,111.04000091552734,104.71946716308594,2013600.0,-0.0208112538088069,-0.0210308601504201,2.870002746582017,35.692497381521946,ALL
2023-05-26,110.8000030517578,111.16000366210938,108.62999725341795,109.52999877929688,103.29541015625,1697200.0,-0.0135987801066459,-0.0136920904201211,2.5300064086914205,31.182207996274315,ALL
2023-05-30,109.13999938964844,110.77999877929688,108.52999877929688,110.66000366210938,104.361083984375,1607900.0,0.0103167587651087,0.0102639042236111,2.25,26.254551179667686,ALL
2023-05-31,110.27999877929688,110.8000030517578,108.31999969482422,108.4499969482422,102.2768783569336,3870900.0,-0.0199710998378807,-0.0201732177909935,2.4800033569335795,24.10107990850247,ALL
2023-06-01,108.1999969482422,109.9499969482422,106.31999969482422,109.1999969482422,103.8363265991211,1618900.0,0.0152473195040743,0.0151322473484028,3.629997253417983,28.11368966241598,ALL
2023-06-02,109.94000244140624,110.8499984741211,109.3000030517578,110.08000183105467,104.67310333251952,1119200.0,0.0080586126339865,0.0080263154130309,1.5499954223632957,31.46649857824748,ALL
2023-06-05,110.56999969482422,111.22000122070312,109.26000213623048,109.4800033569336,104.10257720947266,1307300.0,-0.0054505513344191,-0.0054654597868784,1.959999084472642,31.031427423042373,ALL
2023-06-06,109.51000213623048,110.62000274658205,109.43000030517578,109.98999786376952,104.5875244140625,1693300.0,0.0046583592605402,0.0046475426836995,1.1900024414062642,34.67353298699612,ALL
2023-06-07,110.27999877929688,112.61000061035156,109.66000366210938,112.22000122070312,106.70799255371094,1337800.0,0.0202745800852259,0.0200717872313804,2.9499969482421875,34.87095113014237,ALL
2023-06-08,112.12000274658205,112.20999908447266,110.62999725341795,111.91000366210938,106.4132308959961,1213500.0,-0.0027623203347816,-0.0027661425820678,1.5800018310547017,34.50949269485386,ALL
2023-06-09,111.20999908447266,112.9499969482422,110.5,111.95999908447266,106.46076202392578,1602900.0,0.0004466655840582,0.000446565858681,2.4499969482422017,36.76073347863064,ALL
2023-06-12,111.87000274658205,113.19000244140624,111.66000366210938,112.3499984741211,106.83160400390624,1119100.0,0.0034833677021504,0.0034773148290586,1.5299987792968608,37.04427401080697,ALL
2023-06-13,112.41000366210938,114.97000122070312,112.41000366210938,113.4499969482422,107.87757873535156,1308900.0,0.0097908736014773,0.0097432535740267,2.55999755859375,44.75651610153737,ALL
2023-06-14,113.5,113.79000091552734,111.30999755859376,111.4000015258789,105.9282684326172,2878600.0,-0.0180696519664801,-0.0182349018259991,2.4800033569335795,46.838155263984525,ALL
2023-06-15,110.52999877929688,111.88999938964844,109.56999969482422,110.54000091552734,105.11050415039062,3260100.0,-0.0077199815906249,-0.0077499349074604,2.3199996948242188,51.33256999281379,ALL
2023-06-16,111.0,111.6500015258789,109.95999908447266,111.16999816894533,105.70956420898438,3778800.0,0.0056993357936578,0.0056831560262558,1.69000244140625,58.71706321570565,ALL
2023-06-20,109.86000061035156,110.22000122070312,108.08000183105467,108.61000061035156,103.27530670166016,3393800.0,-0.0230277886919652,-0.0232970702220235,2.139999389648452,46.43209025383892,ALL
2023-06-21,108.1999969482422,108.58999633789062,105.54000091552734,107.7300033569336,102.43854522705078,4040100.0,-0.0081022414876635,-0.0081352430247209,3.049995422363281,50.57868663531545,ALL
2023-06-22,108.20999908447266,108.20999908447266,106.80999755859376,108.0,102.6952667236328,1801100.0,0.0025061025223758,0.0025029674841751,1.400001525878892,45.49547351725983,ALL
2023-06-23,107.5,107.75,106.58999633789062,107.52999877929688,102.24836730957033,3587800.0,-0.0043517041078936,-0.0043612003320674,1.160003662109375,40.12393902612596,ALL
2023-06-26,107.6500015258789,109.0,107.3499984741211,108.95999908447266,103.60811614990234,1693300.0,0.0132984895124554,0.0132108408092804,1.6500015258789062,48.10769523644904,ALL
2023-06-27,109.0999984741211,109.66999816894533,108.33999633789062,108.63999938964844,103.30384063720705,990100.0,-0.0029367922514397,-0.0029411130874758,1.3300018310547017,45.018448217975006,ALL
2023-06-28,108.38999938964844,108.91000366210938,107.4000015258789,108.86000061035156,103.51303100585938,2185100.0,0.0020250008844007,0.0020229533338383,1.5100021362304688,35.44184455448425,ALL
2023-06-29,109.06999969482422,109.43000030517578,108.62000274658205,109.08999633789062,103.73172760009766,1416900.0,0.0021127445705448,0.0021105158643073,0.8099975585937358,37.6961778230842,ALL
2023-06-30,109.62000274658205,109.80999755859376,108.72000122070312,109.04000091552734,103.6841812133789,1825900.0,-0.0004583591521973,-0.0004584642308639,1.0899963378906392,37.25994155281311,ALL
2023-07-03,108.97000122070312,111.73999786376952,108.87999725341795,110.51000213623048,105.08200073242188,952100.0,0.0134815118630902,0.01339144487189,2.8600006103515625,42.66353830620653,ALL
2023-07-05,109.63999938964844,110.06999969482422,108.12999725341795,110.04000091552734,104.63506317138672,2430800.0,-0.0042532266032241,-0.0042622973004505,1.940002441406264,35.68424449386235,ALL
2023-07-06,109.56999969482422,109.76000213623048,108.13999938964844,108.76000213623048,103.41793823242188,2118100.0,-0.011632094463127,-0.0117002765230949,1.6200027465820457,38.1507757018768,ALL
2023-07-07,107.97000122070312,109.4000015258789,107.97000122070312,108.2699966430664,102.95201110839844,1850500.0,-0.0045052834352229,-0.0045154628101245,1.4300003051757812,39.4614781748396,ALL
2023-07-10,107.83000183105467,108.6999969482422,106.44000244140624,106.75,101.50666809082033,1541000.0,-0.0140389974126519,-0.0141384762901183,2.259994506835966,31.04626390353053,ALL
2023-07-11,106.77999877929688,109.16000366210938,106.69000244140624,109.06999969482422,103.71271514892578,2003300.0,0.0217330260129477,0.0215002306625967,2.470001220703139,52.01402921066019,ALL
2023-07-12,109.68000030517578,110.08999633789062,106.75,107.5999984741211,102.3149185180664,1745600.0,-0.013477582077108,-0.0135692290712404,3.339996337890625,49.45873072287707,ALL
2023-07-13,104.0500030517578,106.8000030517578,103.91000366210938,104.83000183105467,99.68096923828124,3209400.0,-0.0257435505783066,-0.0260807149015312,2.8899993896484237,39.07649687023063,ALL
2023-07-14,104.8499984741211,104.8499984741211,100.97000122070312,101.18000030517578,96.21025848388672,3465000.0,-0.0348181882752162,-0.0354387894569014,3.8799972534179688,32.05199437403408,ALL
2023-07-17,101.3000030517578,102.55999755859376,100.56999969482422,102.41000366210938,97.37984466552734,1950900.0,0.0121565641759138,0.0120832665829835,1.9899978637695452,31.275059040705443,ALL
2023-07-18,102.0999984741211,104.5199966430664,102.0999984741211,103.41999816894533,98.3402328491211,1742600.0,0.0098622891306965,0.0098139741616669,2.4199981689453125,35.64357746541026,ALL
2023-07-19,103.69000244140624,106.04000091552734,103.55999755859376,105.79000091552734,100.59383392333984,2726700.0,0.0229163691088301,0.0226577330009702,2.4800033569335795,42.44962635393664,ALL
2023-07-20,106.8499984741211,112.0999984741211,106.4000015258789,111.9800033569336,106.47977447509766,3263200.0,0.0585119417582129,0.056864093303554,5.699996948242188,55.49637554659786,ALL
2023-07-21,112.0199966430664,112.33999633789062,110.23999786376952,110.81999969482422,105.3767547607422,1467900.0,-0.0103589599038211,-0.010412987365048,2.099998474121108,53.24817897642006,ALL
2023-07-24,111.13999938964844,113.02999877929688,111.02999877929688,112.11000061035156,106.6033935546875,1138000.0,0.0116405064544868,0.0115732769796768,2.0,52.93897960759762,ALL
2023-07-25,111.75,112.62000274658205,110.16999816894533,110.47000122070312,105.04395294189452,1064800.0,-0.0146284331182476,-0.0147364836809467,2.4500045776367188,50.75732910990299,ALL
2023-07-26,111.36000061035156,113.44000244140624,110.45999908447266,112.95999908447266,107.41165161132812,1282400.0,0.0225400758741753,0.0222898021757281,2.9800033569335795,57.09461547385804,ALL
2023-07-27,113.20999908447266,113.20999908447266,112.01000213623048,112.77999877929688,107.24049377441406,1088300.0,-0.0015934755154254,-0.0015947464478471,1.1999969482421733,57.69888629809167,ALL
2023-07-28,113.8499984741211,114.08999633789062,111.77999877929688,112.45999908447266,106.93620300292967,1165500.0,-0.0028374614921531,-0.0028414947172335,2.30999755859375,60.16376042283157,ALL
2023-07-31,112.66000366210938,113.81999969482422,112.05999755859376,112.68000030517578,107.1454086303711,890400.0,0.0019563592269653,0.0019544480484813,1.7600021362304543,56.94499755806766,ALL
2023-08-01,112.44000244140624,113.36000061035156,111.54000091552734,113.02999877929688,107.47821044921876,1459700.0,0.0031060763415049,0.0031012624520149,1.8199996948242188,60.9167753618396,ALL
2023-08-02,111.73999786376952,112.2300033569336,105.4000015258789,106.51000213623048,101.27845764160156,2844000.0,-0.057683811273974,-0.0594144039042388,6.830001831054688,52.935023706036205,ALL
2023-08-03,105.9499969482422,111.91999816894533,105.8499984741211,111.36000061035156,105.89024353027344,2727100.0,0.0455357041967581,0.0445293896590203,6.069999694824233,67.06908784860946,ALL
2023-08-04,111.31999969482422,111.33000183105467,109.5,109.87000274658205,104.4734344482422,1518200.0,-0.0133799775578585,-0.0134702960015012,1.8300018310546733,62.40028316952482,ALL
2023-08-07,110.47000122070312,111.9800033569336,110.0,110.73999786376952,105.30069732666016,905700.0,0.0079184041645323,0.0078872181232186,1.9800033569335935,62.22446377395724,ALL
2023-08-08,109.44000244140624,111.08999633789062,108.52999877929688,110.44000244140624,105.0154266357422,1432900.0,-0.0027091054300713,-0.002712781697285,2.55999755859375,58.34228911122315,ALL
2023-08-09,110.2699966430664,111.58999633789062,109.51000213623048,109.5999984741211,104.21668243408205,1053600.0,-0.0076059701631331,-0.007635043066437,2.079994201660142,44.71582892730412,ALL
2023-08-10,110.38999938964844,112.36000061035156,110.38999938964844,110.69000244140624,105.25314331054688,1002000.0,0.0099452491890672,0.0098961206601263,1.970001220703125,49.71047549066556,ALL
2023-08-11,110.7300033569336,111.12000274658205,108.6999969482422,109.04000091552734,103.6841812133789,1365500.0,-0.014906558111417,-0.015018777447929,2.420005798339844,43.27049268266088,ALL
2023-08-14,108.98999786376952,109.41999816894533,106.3000030517578,106.9000015258789,101.64930725097656,1524200.0,-0.0196256935107066,-0.0198208348428568,3.1199951171875284,42.342355366424826,ALL
2023-08-15,105.19000244140624,106.1500015258789,104.6500015258789,105.06999969482422,99.90918731689452,1474100.0,-0.0171188567944257,-0.017267078449039,1.5,32.58278624268186,ALL
2023-08-16,107.0,110.66000366210938,106.45999908447266,109.73999786376952,104.34981536865234,2269100.0,0.0444466437072792,0.0434872176147041,4.200004577636719,44.39942280590712,ALL
2023-08-17,110.58000183105467,111.5199966430664,107.70999908447266,107.91000366210938,102.60969543457033,1724500.0,-0.0166758314610757,-0.0168164384897214,3.80999755859375,42.05935529835603,ALL
2023-08-18,107.23999786376952,108.33000183105467,106.06999969482422,106.19000244140624,100.97417449951172,1464000.0,-0.0159392436370841,-0.0160676395647266,2.2600021362304545,39.23713807156364,ALL
2023-08-21,106.0500030517578,106.55999755859376,104.29000091552734,105.29000091552734,100.11837768554688,1547900.0,-0.0084754029256162,-0.0085115233881084,2.2699966430664205,37.394139668209306,ALL
2023-08-22,105.05999755859376,106.19000244140624,104.56999969482422,105.12000274658205,99.95673370361328,1001800.0,-0.0016145285777731,-0.0016158333336034,1.620002746582017,47.14579775349021,ALL
2023-08-23,105.12999725341795,106.47000122070312,105.12999725341795,105.62000274658205,100.43216705322266,897100.0,0.0047563914104986,0.0047451155217643,1.3400039672851705,35.649968848801734,ALL
2023-08-24,105.33000183105467,107.18000030517578,105.08999633789062,105.33999633789062,100.16590881347656,1104600.0,-0.0026511251082035,-0.002654645563862,2.090003967285156,37.9456469941192,ALL
2023-08-25,105.37999725341795,106.75,104.83999633789062,105.13999938964844,99.97574615478516,1217300.0,-0.0018984768465039,-0.0019002812377639,1.910003662109375,34.54743908216989,ALL
2023-08-28,105.52999877929688,106.27999877929688,104.6999969482422,105.41999816894533,100.2419891357422,1027800.0,0.0026630757078305,0.0026595360046567,1.5800018310546733,36.132571116497566,ALL
2023-08-29,105.81999969482422,106.9499969482422,105.01000213623048,106.55999755859376,101.32599639892578,1178000.0,0.0108139041586223,0.0107558520354569,1.9399948120117188,41.73911792177616,ALL
2023-08-30,105.56999969482422,109.45999908447266,105.56999969482422,109.26000213623048,104.76841735839844,1855900.0,0.0339737193002245,0.0334093592257312,3.8899993896484375,48.78222968466086,ALL
2023-08-31,109.73999786376952,109.73999786376952,107.68000030517578,107.80999755859376,103.3780288696289,2218900.0,-0.0132710651151024,-0.0133599126428333,2.059997558593736,49.22389403739884,ALL
2023-09-01,108.58999633789062,110.91000366210938,108.1500015258789,110.55999755859376,106.01497650146484,1330000.0,0.0255078149648357,0.025187919139814,2.7600021362304688,60.73928852544301,ALL
2023-09-05,110.33999633789062,110.55999755859376,107.1500015258789,107.22000122070312,102.81228637695312,1444800.0,-0.0302097895052353,-0.0306755087165822,3.409996032714858,56.66207139007878,ALL
2023-09-06,107.31999969482422,108.93000030517578,106.87999725341795,107.93000030517578,103.49309539794922,1360300.0,0.006621864419005,0.0066000361842327,2.0500030517578267,47.62397673489562,ALL
2023-09-07,108.05999755859376,109.05999755859376,107.5,107.7300033569336,103.30133056640624,1493800.0,-0.001852923915413,-0.001854642702447,1.5599975585937642,52.09839644679489,ALL
2023-09-08,107.6500015258789,107.75,105.8499984741211,106.1999969482422,101.8342056274414,1707500.0,-0.0142023818175478,-0.0143042008403232,1.9000015258789065,52.63624143243752,ALL
2023-09-11,107.04000091552734,108.47000122070312,106.73999786376952,107.77999877929688,103.34925079345705,1386700.0,0.0148775664982196,0.014767981078389,1.730003356933608,59.51883978484235,ALL
2023-09-12,108.05999755859376,109.93000030517578,107.8499984741211,109.48999786376952,104.98896026611328,1305400.0,0.015865712233688,0.0157411674223311,2.0800018310546875,63.638205767388925,ALL
2023-09-13,110.0,110.48999786376952,108.12000274658205,108.9000015258789,104.42321014404295,2446800.0,-0.0053886629664331,-0.0054032341805313,2.369995117187472,60.76372456466823,ALL
2023-09-14,109.7699966430664,111.02999877929688,109.0500030517578,110.5500030517578,106.00538635253906,2585300.0,0.0151515760367224,0.0150379373410115,1.9799957275390767,64.70512967316381,ALL
2023-09-15,109.95999908447266,110.04000091552734,108.66000366210938,108.77999877929688,104.3081512451172,2901900.0,-0.0160108383717164,-0.0161403965959477,1.3799972534179688,60.1402999498929,ALL
2023-09-18,109.23999786376952,111.3499984741211,108.16000366210938,111.04000091552734,106.47525024414062,2140500.0,0.0207759314411668,0.0205630551967666,3.1899948120117188,63.39727465031236,ALL
2023-09-19,111.51000213623048,114.4499969482422,111.12000274658205,113.37999725341795,108.71905517578124,2654500.0,0.0210734882190528,0.0208545133005105,3.329994201660156,65.13546466023169,ALL
2023-09-20,113.97000122070312,115.79000091552734,113.38999938964844,114.1500015258789,109.4573974609375,2142200.0,0.0067912868076573,0.0067683298987632,2.4000015258789062,60.79470608113567,ALL
2023-09-21,114.06999969482422,115.05999755859376,112.51000213623048,113.8499984741211,109.16973114013672,1935400.0,-0.0026281121922658,-0.0026315717418324,2.549995422363281,64.04650725593424,ALL
2023-09-22,114.4000015258789,114.87000274658205,113.5199966430664,114.08999633789062,109.39987182617188,1741100.0,0.0021080997784974,0.0021058808540882,1.3500061035156392,59.29438392248497,ALL
2023-09-25,113.70999908447266,116.12000274658205,113.02999877929688,115.23999786376952,110.5025863647461,1983400.0,0.0100796693832179,0.0100292083197024,3.0900039672851705,73.86900902633165,ALL
2023-09-26,114.83000183105467,115.36000061035156,112.7300033569336,113.2699966430664,108.6135711669922,1247100.0,-0.017094760040445,-0.0172425623020271,2.6299972534179688,64.78403207963876,ALL
2023-09-27,112.75,113.4499969482422,111.41999816894533,113.0199966430664,108.37384796142578,1262800.0,-0.002207120187567,-0.002209559467178,2.029998779296875,64.60511823321713,ALL
2023-09-28,113.16000366210938,113.62000274658205,112.33999633789062,112.48999786376952,107.86563873291016,910000.0,-0.0046894083588922,-0.004700438129846,1.2800064086914205,68.38108302913344,ALL
2023-09-29,112.41000366210938,112.69000244140624,111.25,111.41000366210938,106.83003997802734,1206900.0,-0.0096008216059155,-0.009647206621935,1.4400024414062358,60.92719514391587,ALL
2023-10-02,110.93000030517578,111.4800033569336,110.02999877929688,110.91000366210938,106.3505859375,1338000.0,-0.0044880076860961,-0.0044981090271863,1.4500045776367188,54.61038857037165,ALL
2023-10-03,110.29000091552734,111.27999877929688,109.33000183105467,109.91000366210938,105.39170837402344,1192800.0,-0.0090161944574529,-0.0090570863169073,1.9499969482422017,53.194243351606616,ALL
2023-10-04,110.12000274658205,111.62999725341795,109.01000213623048,111.4499969482422,106.86839294433594,1009800.0,0.0140113922916205,0.0139141401074774,2.619995117187472,52.86626205129453,ALL
2023-10-05,111.41999816894533,112.83000183105467,110.73999786376952,112.37000274658205,107.75057220458984,1014700.0,0.0082548191841287,0.0082209345110989,2.090003967285156,62.08756853430744,ALL
2023-10-06,112.18000030517578,113.97000122070312,111.83999633789062,113.1500015258789,108.49850463867188,1186100.0,0.0069413314359194,0.0069173513002942,2.1300048828125,57.89079664934528,ALL
2023-10-09,112.75,114.4000015258789,112.41999816894533,114.16999816894533,109.47657012939452,831800.0,0.009014552725679,0.008974164186867,1.9800033569335795,53.2779789829546,ALL
2023-10-10,114.44000244140624,115.45999908447266,113.94000244140624,114.72000122070312,110.00397491455078,1247900.0,0.0048175128662955,0.0048059457860165,1.5199966430664205,52.409174643891696,ALL
2023-10-11,114.76000213623048,115.6500015258789,114.0199966430664,114.7699966430664,110.05189514160156,941200.0,0.0004356226862529,0.0004355278302372,1.6300048828125,53.97230889101581,ALL
2023-10-12,115.27999877929688,115.29000091552734,113.04000091552734,113.9800033569336,109.29439544677734,1125200.0,-0.0068831135879082,-0.0069069114795029,2.25,49.54658305647296,ALL
2023-10-13,115.63999938964844,120.88999938964844,115.63999938964844,120.31999969482422,115.3737564086914,2897400.0,0.0556237210248764,0.0541317969982594,5.25,64.66519725436115,ALL
2023-10-16,121.0,127.87000274658205,119.61000061035156,124.91999816894533,119.78466033935548,3982700.0,0.0382314320688252,0.0375187194957762,8.260002136230483,79.19811213524216,ALL
2023-10-17,125.1500015258789,129.25,125.13999938964844,127.91999816894533,122.66132354736328,3391500.0,0.0240152887678446,0.0237314569432064,4.1100006103515625,82.81949041924815,ALL
2023-10-18,128.1300048828125,128.9199981689453,126.98999786376952,127.41000366210938,122.17229461669922,1647500.0,-0.0039868225494503,-0.0039947911130216,1.9300003051757957,82.8925331643804,ALL
2023-10-19,126.91000366210938,129.10000610351562,124.44000244140624,124.73999786376952,119.6120376586914,1863300.0,-0.0209561174736081,-0.0211788136294306,4.660003662109389,77.46190750008688,ALL
2023-10-20,125.05999755859376,125.77999877929688,123.1500015258789,123.19000244140624,118.1257781982422,1511600.0,-0.012425667930599,-0.012503512058057,2.6299972534179688,74.24970980126969,ALL
2023-10-23,122.52999877929688,123.3000030517578,121.6999969482422,121.83000183105467,116.82168579101562,1004900.0,-0.0110398629928009,-0.0111012545345398,1.6000061035155966,73.20878065405648,ALL
2023-10-24,123.43000030517578,124.5199966430664,122.47000122070312,124.29000091552734,119.18054962158205,2456200.0,0.0201920030052145,0.0199908478219915,2.049995422363281,74.13539628000775,ALL
2023-10-25,124.98999786376952,126.9499969482422,124.5199966430664,125.19000244140624,120.04354858398438,2001700.0,0.0072411057437014,0.007215014813253,2.4300003051757955,74.11593200754939,ALL
2023-10-26,125.58999633789062,126.55999755859376,124.87999725341795,125.62000274658205,120.45587921142578,1828000.0,0.0034348420411192,0.0034289564447407,1.6800003051758097,73.77055744314654,ALL
2023-10-27,124.62000274658205,124.80999755859376,122.52999877929688,123.3000030517578,118.23125457763672,2431500.0,-0.0184683773706418,-0.0186410471097889,2.279998779296889,66.58196693357874,ALL
2023-10-30,124.0500030517578,125.56999969482422,123.41999816894533,125.47000122070312,120.31204223632812,1767700.0,0.0175993028757472,0.0174462285364137,2.150001525878892,68.43914205178358,ALL
2023-10-31,125.62999725341795,128.63999938964844,125.62999725341795,128.1300048828125,122.8626937866211,2475000.0,0.0212003013404322,0.0209787014697861,3.010002136230483,71.03280825330704,ALL
2023-11-01,129.0,130.47999572753906,127.58999633789062,129.75,124.41609191894533,2992500.0,0.0126433670339514,0.0125641070452074,2.889999389648437,74.19454305621373,ALL
2023-11-02,135.24000549316406,137.99000549316406,129.47999572753906,131.36000061035156,125.95990753173828,3689200.0,0.0124084882347752,0.0123321339235135,8.510009765625,69.8133624404763,ALL
2023-11-03,132.1699981689453,133.32000732421875,131.4199981689453,131.72999572753906,126.31468963623048,2006600.0,0.0028166272224581,0.00281266796077,1.9000091552734373,64.40963371855368,ALL
2023-11-06,131.8000030517578,132.3000030517578,129.47000122070312,130.52000427246094,125.1544418334961,1266100.0,-0.0091853750824686,-0.0092278207597511,2.8300018310546875,55.95239656559296,ALL
2023-11-07,130.52000427246094,130.6199951171875,128.9199981689453,129.66000366210938,124.32979583740234,1353100.0,-0.0065890269974664,-0.0066108304643825,1.6999969482421875,55.06985146210824,ALL
2023-11-08,129.4199981689453,129.77999877929688,127.93000030517578,129.27999877929688,123.96541595458984,795700.0,-0.0029307526836852,-0.0029350557488681,1.8499984741210935,61.4071008756147,ALL
2023-11-09,129.4600067138672,129.85000610351562,128.6199951171875,128.99000549316406,123.68734741210938,1133600.0,-0.0022431138583226,-0.0022456334066743,1.230010986328125,65.55797911846804,ALL
2023-11-10,129.50999450683594,130.42999267578125,128.3300018310547,130.32000732421875,124.9626693725586,818100.0,0.0103108522183761,0.0102580579739602,2.0999908447265625,72.81037072316902,ALL
2023-11-13,130.6699981689453,131.1199951171875,129.1699981689453,129.85000610351562,124.51199340820312,1133100.0,-0.0036064847735594,-0.0036130038183806,1.9499969482421875,66.72690689031663,ALL
2023-11-14,129.9199981689453,132.30999755859375,129.17999267578125,131.64999389648438,126.23797607421876,1091300.0,0.0138619792260263,0.0137667807427724,3.1300048828125,68.43611090422584,ALL
2023-11-15,131.55999755859375,132.83999633789062,130.77000427246094,131.57000732421875,126.16128540039062,1279400.0,-0.0006075087403417,-0.0006076933485477,2.0699920654296875,67.32683682278645,ALL
2023-11-16,131.99000549316406,135.3000030517578,131.64999389648438,134.75,129.21054077148438,2361000.0,0.0241695014553513,0.0238820416839332,3.6500091552734375,81.7527740819437,ALL
2023-11-17,135.0,135.67999267578125,133.3000030517578,134.19000244140625,128.67359924316406,1125500.0,-0.0041555551514169,-0.0041642134657854,2.379989624023437,76.55329479432663,ALL
2023-11-20,133.2100067138672,134.8800048828125,132.74000549316406,134.63999938964844,129.10507202148438,1205600.0,0.0033532347028306,0.0033476251479493,2.139999389648437,72.90666845843508,ALL
2023-11-21,135.00999450683594,135.72999572753906,134.38999938964844,134.9600067138672,129.4119110107422,1119900.0,0.0023766609975381,0.0023738412056986,1.339996337890625,70.17840986690123,ALL
2023-11-22,135.3800048828125,136.6199951171875,134.77000427246094,136.08999633789062,130.49546813964844,1034300.0,0.0083729319847252,0.0083380734334043,1.8499908447265625,69.02682001166274,ALL
2023-11-24,136.1999969482422,136.97000122070312,135.86000061035156,136.61000061035156,130.9940948486328,443200.0,0.0038210270141394,0.0038137454332685,1.1100006103515625,69.39616705764327,ALL
2023-11-27,136.4499969482422,137.82000732421875,136.27999877929688,137.47000122070312,131.81874084472656,1167700.0,0.0062952913797118,0.0062755588045078,1.540008544921875,78.41408631216672,ALL
2023-11-28,137.3800048828125,137.39999389648438,135.9199981689453,136.42999267578125,130.8214874267578,754300.0,-0.0075653386732273,-0.0075941010041902,1.4799957275390625,77.27667611922398,ALL
2023-11-29,135.4600067138672,136.35000610351562,134.60000610351562,135.49000549316406,130.77322387695312,1041400.0,-0.0003689267776573,-0.0003689948478834,1.75,79.38555673012635,ALL
2023-11-30,134.97000122070312,137.99000549316406,134.97000122070312,137.8699951171875,133.07034301757812,2574300.0,0.0175656688160139,0.0174131756289549,3.020004272460937,84.48959743702198,ALL
2023-12-01,136.94000244140625,138.0,136.52999877929688,137.67999267578125,132.88697814941406,1033500.0,-0.0013779544262528,-0.0013789046784897,1.470001220703125,81.67015387842785,ALL
2023-12-04,136.88999938964844,139.7100067138672,136.57000732421875,138.63999938964844,133.8135528564453,1320600.0,0.0069726523993152,0.0069484558694563,3.139999389648437,85.81217710486204,ALL
2023-12-05,138.6999969482422,139.67999267578125,137.47999572753906,138.67999267578125,133.85215759277344,1504400.0,0.0002884964602167,0.0002884548531151,2.1999969482421875,83.69342543264383,ALL
2023-12-06,138.82000732421875,139.97999572753906,138.19000244140625,138.49000549316406,133.66880798339844,1008100.0,-0.001369791960566,-0.001370730983182,1.7899932861328125,82.91078870092777,ALL
2023-12-07,138.82000732421875,139.89999389648438,138.02000427246094,139.02000427246094,134.1803436279297,1685800.0,0.0038268886529966,0.0038195847428521,1.8799896240234373,78.02052021480326,ALL
2023-12-08,139.77999877929688,139.97999572753906,138.55999755859375,139.32000732421875,134.4698944091797,806300.0,0.0021579224901442,0.0021555975195442,1.4199981689453125,83.61824521656017,ALL
2023-12-11,140.99000549316406,144.99000549316406,140.0,143.07000732421875,138.08934020996094,2447900.0,0.026916402490565,0.0265605279162104,4.990005493164063,88.0407857893234,ALL
2023-12-12,143.0,144.52000427246094,142.0800018310547,144.36000061035156,139.3344268798828,1809500.0,0.0090165299365523,0.0089761237313856,2.44000244140625,88.92104967045174,ALL
2023-12-13,143.74000549316406,144.55999755859375,143.05999755859375,144.35000610351562,139.3247833251953,1397500.0,-6.921157178052528e-05,-6.921396701187857e-05,1.5,87.81918050315946,ALL
2023-12-14,143.9499969482422,144.08999633789062,139.02000427246094,139.24000549316406,134.39268493652344,2535500.0,-0.0354000076006575,-0.0360417792268607,5.069992065429688,60.55034398867708,ALL
2023-12-15,138.11000061035156,141.9499969482422,138.0,139.05999755859375,134.2189483642578,3198700.0,-0.0012927531907535,-0.0012935895170129,3.949996948242188,57.76483364596703,ALL
2023-12-18,139.10000610351562,139.63999938964844,137.6999969482422,138.75,133.9197235107422,1612600.0,-0.0022293786172691,-0.0022318673813983,1.94000244140625,60.49708733045616,ALL
2023-12-19,138.75,138.8699951171875,137.67999267578125,138.25,133.4371337890625,1738300.0,-0.0036035746567306,-0.0036100831725368,1.19000244140625,58.76751926943869,ALL
2023-12-20,137.47999572753906,137.8699951171875,135.5500030517578,135.6199951171875,130.89869689941406,1508700.0,-0.0190234668384079,-0.0192067410468367,2.3199920654296875,42.96438815027787,ALL
2023-12-21,135.6999969482422,135.9199981689453,134.1699981689453,135.39999389648438,130.68634033203125,1511800.0,-0.0016222970313141,-0.0016236143800898,1.75,42.88382989599668,ALL
2023-12-22,135.85000610351562,137.67999267578125,135.2899932861328,137.39999389648438,132.61672973632812,1227300.0,0.0147711642960723,0.0146631331797054,2.389999389648437,46.36578542310904,ALL
2023-12-26,137.39999389648438,138.69000244140625,137.07000732421875,138.0800018310547,133.27305603027344,704800.0,0.0049490459857532,0.0049368397140364,1.6199951171875,48.30511199515542,ALL
2023-12-27,137.60000610351562,138.4199981689453,137.42999267578125,138.38999938964844,133.57225036621094,714400.0,0.0022449724261559,0.0022424562406998,0.9900054931640624,49.71930297712727,ALL
2023-12-28,138.07000732421875,139.8699951171875,138.07000732421875,139.82000732421875,134.95249938964844,900500.0,0.0103333515730499,0.0102803274607234,1.79998779296875,52.13676585093141,ALL
2023-12-29,139.8300018310547,140.38999938964844,139.41000366210938,139.97999572753906,135.10691833496094,723400.0,0.0011442466498279,0.0011435924985894,0.9799957275390624,51.77610251261412,ALL
2024-01-02,140.3300018310547,143.91000366210938,140.3300018310547,143.80999755859375,138.80357360839844,2263600.0,0.0273609621105608,0.0269933415514051,3.5800018310546875,51.98283530876957,ALL
2024-01-03,144.0800018310547,145.4499969482422,143.8000030517578,145.0,139.95216369628906,1701200.0,0.0082749316752541,0.0082408821375771,1.649993896484375,51.72418198884844,ALL
2024-01-04,147.0800018310547,151.4600067138672,147.0800018310547,148.5,143.330322265625,3176500.0,0.0241379517123214,0.0238512360126619,4.3800048828125,59.41043831756604,ALL
2024-01-05,149.33999633789062,150.22000122070312,147.60000610351562,149.97999572753906,144.7587890625,1551200.0,0.0099662567856906,0.0099169211719923,2.6199951171875,79.15300248637301,ALL
2024-01-08,149.94000244140625,150.7899932861328,148.5800018310547,149.3800048828125,144.1796875,2398600.0,-0.0040004587372581,-0.0040084819772213,2.209991455078125,77.38850750639624,ALL
2024-01-09,150.25,151.36000061035156,148.66000366210938,150.97999572753906,145.72396850585938,1599700.0,0.0107108083852613,0.0106538540011904,2.6999969482421875,80.37756623862319,ALL
2024-01-10,151.0500030517578,152.0,149.91000366210938,150.30999755859375,145.07728576660156,1335100.0,-0.0044377239097205,-0.0044475998350539,2.089996337890625,79.70440794756037,ALL
2024-01-11,149.86000061035156,150.60000610351562,148.22999572753906,150.3699951171875,145.1352081298828,1532400.0,0.0003992517710487,0.0003991720912678,2.3700103759765625,91.5961066567752,ALL
2024-01-12,151.0,151.1999969482422,148.86000061035156,151.02999877929688,145.77223205566406,1115400.0,0.0043891756796268,0.0043795713412173,2.339996337890625,93.0104799732019,ALL
2024-01-16,151.42999267578125,152.39999389648438,150.44000244140625,151.5,146.22586059570312,1187500.0,0.0031118995273793,0.003107067589786,1.959991455078125,92.36780250704476,ALL
2024-01-17,151.55999755859375,153.8800048828125,150.97000122070312,152.5500030517578,147.2393341064453,1615300.0,0.0069308773879903,0.0069069692632579,2.910003662109375,92.53383025391278,ALL
2024-01-18,151.77999877929688,153.3000030517578,150.1699981689453,152.9199981689453,147.59645080566406,1573700.0,0.0024254164241233,0.0024224798490279,3.1300048828125,92.56007838808029,ALL
2024-01-19,155.0,156.52000427246094,154.1300048828125,154.8800048828125,149.48822021484375,1989700.0,0.0128171741180316,0.012735729331572,2.389999389648437,92.78410892507628,ALL
2024-01-22,155.42999267578125,156.32000732421875,155.1699981689453,155.38999938964844,149.98046875,940600.0,0.0032928918041086,0.003287482108334,1.1500091552734375,92.92481453983066,ALL
2024-01-23,155.38999938964844,156.7899932861328,153.83999633789062,154.11000061035156,148.74501037597656,1140700.0,-0.0082374617463211,-0.0082715771128583,2.9499969482421875,83.441499114074,ALL
2024-01-24,155.6300048828125,159.60000610351562,155.57000732421875,157.4199981689453,151.93978881835938,2374600.0,0.021478222592526,0.0212508160003424,4.029998779296875,85.44514135718417,ALL
2024-01-25,158.38999938964844,159.36000061035156,156.92999267578125,159.05999755859375,153.52267456054688,1253300.0,0.0104178487708694,0.0103639569524237,2.4300079345703125,83.71638033205258,ALL
2024-01-26,158.8800048828125,159.02000427246094,157.88999938964844,158.3699951171875,152.856689453125,1034900.0,-0.0043380243949516,-0.0043474609232591,1.1300048828125,78.21104916457224,ALL
2024-01-29,157.27999877929688,158.1199951171875,155.72999572753906,156.05999755859375,150.62713623046875,1277000.0,-0.0145859054689259,-0.0146933256144344,2.389999389648437,70.14474236240895,ALL
2024-01-30,155.9600067138672,156.85000610351562,154.97000122070312,156.49000549316406,151.04217529296875,1135500.0,0.0027554069796889,0.0027516178047605,1.8800048828125,67.87804923088288,ALL
2024-01-31,156.85000610351562,157.2899932861328,154.99000549316406,155.25,149.84535217285156,1349800.0,-0.0079237677674846,-0.0079553276412602,2.29998779296875,65.456941377591,ALL
2024-02-01,154.33999633789062,156.52999877929688,153.4199981689453,156.19000244140625,150.7526092529297,1005100.0,0.0060546227622166,0.0060363671838544,3.1100006103515625,67.25983853272947,ALL
2024-02-02,156.99000549316406,158.1999969482422,156.6199951171875,157.3699951171875,151.8915252685547,1088300.0,0.0075548676820189,0.0075264725935864,1.5800018310546875,68.2393970320968,ALL
2024-02-05,156.4600067138672,157.44000244140625,155.69000244140625,156.8300018310547,151.3703155517578,1331400.0,-0.003431460154708,-0.0034373611172505,1.75,65.27222997832017,ALL
2024-02-06,156.4499969482422,157.85000610351562,156.02000427246094,157.35000610351562,151.87222290039062,965300.0,0.0033157580916927,0.0033102730871193,1.8300018310546875,64.18438424128604,ALL
2024-02-07,157.6999969482422,159.3300018310547,157.5399932861328,158.60000610351562,153.07870483398438,1871300.0,0.0079440592265844,0.0079126713101492,1.790008544921875,65.95504689904959,ALL
2024-02-08,163.0,168.0500030517578,159.9499969482422,161.75,156.11903381347656,3791900.0,0.0198612144177039,0.0196665537422248,8.100006103515625,68.08843815481339,ALL
2024-02-09,160.35000610351562,160.58999633789062,158.52999877929688,160.02999877929688,154.4589080810547,1563900.0,-0.0106337176952127,-0.0106906597011195,2.05999755859375,61.48509202583626,ALL
2024-02-12,160.7899932861328,160.99000549316406,158.91000366210938,159.32000732421875,153.7736358642578,1196300.0,-0.0044365988683363,-0.0044464697794306,2.0800018310546875,63.27054753149357,ALL
2024-02-13,160.8300018310547,160.8300018310547,157.1300048828125,158.5800018310547,153.0594024658203,1383300.0,-0.0046447064506427,-0.0046555266169803,3.699996948242188,53.39977036780997,ALL
2024-02-14,159.1699981689453,161.75999450683594,157.9499969482422,161.38999938964844,155.77159118652344,1467600.0,0.0177198439103327,0.0175646778075432,3.80999755859375,56.390666422692384,ALL
2024-02-15,162.22999572753906,162.61000061035156,160.13999938964844,161.88999938964844,156.25416564941406,1757300.0,0.0030979619532343,0.0030931731568925,2.470001220703125,59.75618412646667,ALL
2024-02-16,162.0,164.42999267578125,161.5,161.77999877929688,156.14801025390625,1777700.0,-0.0006793764189685,-0.0006796072997037,2.92999267578125,68.05562763736242,ALL
2024-02-20,161.5,162.9499969482422,159.6300048828125,159.72000122070312,154.1597137451172,1740600.0,-0.0127334091901393,-0.0128151738820206,3.3199920654296875,59.244398232482965,ALL
2024-02-21,160.3000030517578,161.11000061035156,158.17999267578125,159.1699981689453,153.62884521484375,1977700.0,-0.0034436268553998,-0.0034495697857717,2.9300079345703125,61.68046436387858,ALL
2024-02-22,159.1699981689453,160.99000549316406,156.4499969482422,160.19000244140625,154.6133575439453,1851600.0,0.0064083820178739,0.0063879356434591,4.540008544921875,61.862383635013394,ALL
2024-02-23,160.16000366210938,161.1999969482422,158.8699951171875,159.1300048828125,153.59027099609375,1636300.0,-0.0066170644251145,-0.0066390542550122,2.3300018310546875,55.25691744398095,ALL
2024-02-26,159.42999267578125,160.69000244140625,158.80999755859375,159.8000030517578,154.2369384765625,1311900.0,0.0042103414251102,0.0042015027382267,1.8800048828125,58.80266478493641,ALL
2024-02-27,159.44000244140625,160.1699981689453,158.25999450683594,159.5399932861328,153.9859619140625,1270600.0,-0.0016272143688726,-0.0016285397201226,1.910003662109375,56.59234498761729,ALL
2024-02-28,159.55999755859375,160.9600067138672,159.55999755859375,160.58999633789062,154.99942016601562,1083500.0,0.0065814976856053,0.0065599341913939,1.4000091552734375,56.06334440582346,ALL
2024-02-29,160.88999938964844,160.88999938964844,158.3000030517578,159.52000427246094,153.9666748046875,2637200.0,-0.0066628982238899,-0.0066851944236538,2.589996337890625,42.2191675336123,ALL
2024-03-01,158.4600067138672,158.8000030517578,154.6199951171875,155.14999389648438,150.61746215820312,2931100.0,-0.0217528413257802,-0.0219929223944586,4.1800079345703125,37.62440580650553,ALL
2024-03-04,154.32000732421875,156.4499969482422,153.8699951171875,156.3800048828125,151.81153869628906,1661800.0,0.007927875831766,0.0078966153350276,2.5800018310546875,43.87955982027263,ALL
2024-03-05,156.42999267578125,157.9199981689453,155.99000549316406,156.77000427246094,152.1901397705078,1356500.0,0.0024938886560932,0.0024907840763582,1.92999267578125,47.23048681360138,ALL
2024-03-06,156.41000366210938,157.2100067138672,154.75999450683594,157.0399932861328,152.45223999023438,1804100.0,0.0017221892306675,0.0017207079632324,2.45001220703125,37.46783959258684,ALL
2024-03-07,156.97999572753906,157.10000610351562,155.39999389648438,156.63999938964844,152.06390380859375,1316700.0,-0.0025472645181566,-0.0025505143163228,1.70001220703125,34.066347235067695,ALL
2024-03-08,156.1699981689453,157.42999267578125,155.58999633789062,156.9199981689453,152.33575439453125,1145300.0,0.0017877390960558,0.0017861429925127,1.839996337890625,35.684129461676505,ALL
2024-03-11,156.57000732421875,159.97999572753906,156.4499969482422,159.94000244140625,155.2675323486328,1582100.0,0.0192455012662924,0.0190626489388241,3.529998779296875,53.884828184026624,ALL
2024-03-12,160.0,160.6999969482422,158.02000427246094,159.60000610351562,154.9374542236328,1798600.0,-0.0021258670116482,-0.002128129874523,2.67999267578125,54.654493628910494,ALL
2024-03-13,160.1199951171875,160.49000549316406,158.5399932861328,160.0800018310547,155.4034423828125,1457600.0,0.0030075888461875,0.0030030750989196,1.95001220703125,52.917820462104224,ALL
2024-03-14,159.75999450683594,160.55999755859375,158.1199951171875,159.3800048828125,154.72390747070312,1596700.0,-0.0043727146689289,-0.004382302947129,2.44000244140625,54.29557317865708,ALL
2024-03-15,157.86000061035156,162.7100067138672,157.4600067138672,162.1999969482422,157.4615020751953,9247300.0,0.0176934169337117,0.0175387106222734,5.25,60.54721228183129,ALL
2024-03-18,161.3300018310547,163.3300018310547,160.8300018310547,163.00999450683594,158.24783325195312,1525800.0,0.0049937995408064,0.0049813718808691,2.5,63.46844891936464,ALL
2024-03-19,164.10000610351562,164.3000030517578,161.27000427246094,162.36000061035156,157.6168212890625,1994900.0,-0.0039874919607016,-0.0039954632040054,3.029998779296875,58.47645741461477,ALL
2024-03-20,162.11000061035156,162.86000061035156,160.52000427246094,161.1699981689453,156.4615936279297,1548400.0,-0.0073293424628464,-0.0073563340612979,2.339996337890625,58.01620429610934,ALL
2024-03-21,160.11000061035156,162.72999572753906,159.7100067138672,162.1699981689453,157.432373046875,1954600.0,0.0062045860356878,0.006185416842162,3.019989013671875,75.84677886062177,ALL
2024-03-22,163.0,165.57000732421875,162.5,165.25,160.42239379882812,1572500.0,0.0189924136572778,0.0188143093230588,3.07000732421875,78.74264398036425,ALL
2024-03-25,166.52000427246094,169.66000366210938,166.22000122070312,168.97000122070312,164.0337371826172,2459700.0,0.0225114667489485,0.0222618232963381,3.44000244140625,82.51596092296865,ALL
2024-03-26,169.3699951171875,171.61000061035156,169.1300048828125,170.80999755859375,165.81997680664062,1704600.0,0.0108894649033988,0.0108306016213437,2.4799957275390625,83.86618175295688,ALL
2024-03-27,171.0800018310547,171.60000610351562,168.4499969482422,169.83999633789062,164.87832641601562,1469600.0,-0.0056787511900513,-0.0056949366019607,3.150009155273437,81.57906215593432,ALL
2024-03-28,172.02999877929688,173.47000122070312,171.10000610351562,173.00999450683594,167.9556884765625,1735800.0,0.0186644426071027,0.0184923993292352,2.3699951171875,83.81678834528097,ALL
2024-04-01,173.0800018310547,173.5,171.2899932861328,172.57000732421875,167.52857971191406,1397800.0,-0.0025429848105921,-0.0025462236885757,2.2100067138671875,79.77388535975882,ALL
2024-04-02,173.00999450683594,173.77000427246094,171.92999267578125,172.5399932861328,167.49942016601562,1503100.0,-0.0001740571426593,-0.0001740722923618,1.8400115966796875,80.95704013663408,ALL
2024-04-03,172.63999938964844,173.8000030517578,172.3000030517578,173.4199981689453,168.35369873046875,930300.0,0.0051001881893466,0.0050872262829905,1.5,81.31463402035229,ALL
2024-04-04,174.0500030517578,174.57000732421875,170.38999938964844,171.22999572753906,166.22769165039062,1242300.0,-0.0126282172361524,-0.0127086308759754,4.1800079345703125,75.99829232664288,ALL
2024-04-05,171.92999267578125,173.4600067138672,171.25,172.82000732421875,167.77125549316406,999000.0,0.0092858405687294,0.0092429922023453,2.2100067138671875,74.62902992985214,ALL
2024-04-08,173.30999755859375,173.58999633789062,172.0,172.36000061035156,167.32469177246094,1004400.0,-0.0026617415444049,-0.0026652902770343,1.589996337890625,72.04157085297467,ALL
2024-04-09,172.44000244140625,172.9199981689453,166.92999267578125,168.3300018310547,163.41244506835938,1218600.0,-0.0233811678519132,-0.02365884416134,5.990005493164063,62.13918537296909,ALL
2024-04-10,167.72000122070312,170.0,167.0800018310547,169.75,164.7909393310547,1288100.0,0.0084356749090845,0.0084002934419516,2.9199981689453125,67.28451666098826,ALL
2024-04-11,168.8800048828125,168.8800048828125,165.52999877929688,165.61000061035156,160.77186584472656,1270300.0,-0.0243889227322993,-0.0246912583918952,3.350006103515625,56.151639457155206,ALL
2024-04-12,166.0,168.99000549316406,165.8699951171875,166.80999755859375,161.93679809570312,1711200.0,0.0072458713149579,0.0072197461133912,3.1200103759765625,52.99076325213561,ALL
2024-04-15,168.77999877929688,168.86000061035156,165.47000122070312,165.75999450683594,160.91749572753906,1127000.0,-0.00629444561181,-0.0063143391577542,3.389999389648437,43.14387962695636,ALL
2024-04-16,166.41000366210938,166.72000122070312,164.0800018310547,164.2100067138672,159.41278076171875,974800.0,-0.009350847519825,-0.0093948411611621,2.639999389648437,35.726552089848525,ALL
2024-04-17,162.27000427246094,164.00999450683594,161.05999755859375,162.9199981689453,158.1604766845703,1581500.0,-0.0078557319630495,-0.0078867507825367,2.9499969482421875,35.238811785051624,ALL
2024-04-18,165.10000610351562,169.52999877929688,164.67999267578125,169.11000061035156,164.1696319580078,2068300.0,0.0379940387093165,0.0372900416725971,4.850006103515625,42.63037619318327,ALL
2024-04-19,170.00999450683594,173.85000610351562,169.77000427246094,172.9600067138672,167.90716552734375,2368200.0,0.0227662907247787,0.0225110060552251,4.080001831054688,50.65279427311221,ALL
2024-04-22,173.16000366210938,176.1199951171875,172.41000366210938,175.41000366210938,170.2855987548828,1698300.0,0.0141651681157808,0.0140657795923791,3.709991455078125,54.44414751079548,ALL
2024-04-23,176.14999389648438,176.92999267578125,174.6699981689453,175.27999877929688,170.15936279296875,1410800.0,-0.0007413190712373,-0.0007415939840938,2.259994506835937,52.94864294050985,ALL
2024-04-24,174.85000610351562,174.85000610351562,171.32000732421875,172.27000427246094,167.23731994628906,1772400.0,-0.0171723894513809,-0.0173215449684217,3.529998779296875,51.606941368874,ALL
2024-04-25,172.3000030517578,173.0800018310547,171.2899932861328,172.33999633789062,167.3052520751953,1161200.0,0.0004062019705175,0.0004061194928314,1.790008544921875,49.22174427138547,ALL
2024-04-26,170.75,170.9199981689453,168.02999877929688,170.07000732421875,165.10159301757812,1279000.0,-0.0131714876268603,-0.0132590009734366,2.889999389648437,46.493099233451424,ALL
2024-04-29,170.61000061035156,170.77999877929688,169.0500030517578,169.5800018310547,164.62591552734375,1238400.0,-0.0028811199307067,-0.0028852783459168,1.7299957275390625,52.14701400745352,ALL
2024-04-30,169.74000549316406,170.67999267578125,168.5399932861328,170.05999755859375,165.0918731689453,1124600.0,0.0028304027352497,0.0028264046877076,2.139999389648437,50.55021453959078,ALL
2024-05-01,170.05999755859375,173.7899932861328,170.05999755859375,171.55999755859375,166.5480499267578,1693800.0,0.0088204024211557,0.0087817299100921,3.7299957275390634,61.65302342991957,ALL
2024-05-02,176.0,177.3699951171875,168.2899932861328,169.17999267578125,164.23756408691406,3182100.0,-0.0138727883085981,-0.0139699147590023,9.080001831054688,54.43656091278703,ALL
2024-05-03,167.9600067138672,169.05999755859375,165.24000549316406,168.17999267578125,163.2667999267578,1668300.0,-0.005910731601222,-0.0059282691157606,3.819992065429688,54.53865301372173,ALL
2024-05-06,169.52000427246094,170.86000061035156,168.85000610351562,170.0800018310547,165.11129760742188,1183300.0,0.0112974449275145,0.0112341054000179,2.009994506835937,60.86638229526132,ALL
2024-05-07,170.35000610351562,170.74000549316406,167.8000030517578,168.19000244140625,163.27651977539062,1743400.0,-0.0111123700111286,-0.011174573643897,2.94000244140625,59.54367086553838,ALL
2024-05-08,168.94000244140625,171.16000366210938,168.94000244140625,170.27999877929688,165.30545043945312,1295200.0,0.012426346830846,0.0123497734818241,2.220001220703125,52.48830842361782,ALL
2024-05-09,169.77999877929688,171.67999267578125,169.38999938964844,171.4600067138672,166.45098876953125,986300.0,0.0069298279459799,0.0069059270441932,2.2899932861328125,46.40114461039049,ALL
2024-05-10,172.1999969482422,173.02999877929688,171.32000732421875,172.7100067138672,167.66448974609375,901000.0,0.0072904401802185,0.007263993382615,1.709991455078125,43.12628599279245,ALL
2024-05-13,172.91000366210938,173.75999450683594,169.66000366210938,169.8800048828125,164.91714477539062,1096000.0,-0.0163859680416743,-0.0165217028224529,4.0999908447265625,37.91407572514702,ALL
2024-05-14,170.39999389648438,170.86000061035156,168.64999389648438,169.0800018310547,164.14051818847656,1135200.0,-0.0047091925340557,-0.0047203157157585,2.2100067138671875,42.07649590535147,ALL
2024-05-15,167.69000244140625,169.24000549316406,165.10000610351562,166.27000427246094,161.41261291503906,1482300.0,-0.0166193289965439,-0.0167589794715593,4.1399993896484375,36.72939203584831,ALL
2024-05-16,167.64999389648438,169.66000366210938,167.1300048828125,169.0800018310547,164.14051818847656,1173700.0,0.0169001989632207,0.0167589794715593,2.529998779296875,47.88552529010452,ALL
2024-05-17,170.5500030517578,170.6999969482422,168.9600067138672,169.50999450683594,164.5579376220703,988200.0,0.0025430615073021,0.0025398333980824,1.739990234375,49.85005644339942,ALL
2024-05-20,169.50999450683594,169.75,167.55999755859375,167.86000061035156,162.9561767578125,823400.0,-0.0097337198521317,-0.0097814021730741,2.19000244140625,45.51392792925618,ALL
2024-05-21,168.32000732421875,170.0500030517578,167.83999633789062,168.19000244140625,163.27651977539062,1901000.0,0.0019658231062589,0.0019638934045706,2.2100067138671875,42.78375047204517,ALL
2024-05-22,168.14999389648438,168.99000549316406,165.08999633789062,166.1699981689453,161.31552124023438,1144600.0,-0.0120102911175096,-0.0120829973993569,3.9000091552734375,43.4537104836212,ALL
2024-05-23,165.0,165.85000610351562,163.50999450683594,164.0,159.20892333984375,2039800.0,-0.0130588667736034,-0.0131448834484962,2.3400115966796875,41.34934106048373,ALL
2024-05-24,164.5,164.97999572753906,164.0,164.83999633789062,160.0243682861328,988500.0,0.005121854536686,0.0051087824562685,0.9799957275390624,38.65795348691628,ALL
2024-05-28,164.36000061035156,165.24000549316406,162.80999755859375,164.6699981689453,159.85934448242188,1460200.0,-0.0010312417132362,-0.0010317738088159,2.4300079345703125,41.767961406299854,ALL
2024-05-29,164.30999755859375,164.55999755859375,162.9199981689453,163.5,158.72352600097656,827900.0,-0.0071051115912101,-0.007130473098866,1.6399993896484375,33.43105237725389,ALL
2024-05-30,163.22000122070312,165.22000122070312,162.5500030517578,164.97999572753906,160.16029357910156,1366200.0,0.0090520139913987,0.0090112900838437,2.6699981689453125,34.39301259788745,ALL
2024-05-31,164.57000732421875,167.77000427246094,164.2899932861328,167.52000427246094,163.53805541992188,2329200.0,0.0210898829250214,0.0208705695144262,3.480010986328125,40.75525053089879,ALL
2024-06-03,166.8800048828125,167.7100067138672,162.72000122070312,164.1199951171875,160.21885681152344,1503800.0,-0.0202961848841581,-0.0205049824716818,4.990005493164063,39.73705595193891,ALL
2024-06-04,163.1699981689453,164.60000610351562,162.22999572753906,163.4199981689453,159.53550720214844,1680300.0,-0.0042651010185328,-0.0042742225071683,2.3700103759765625,39.899650463393705,ALL
2024-06-05,163.50999450683594,164.41000366210938,160.83999633789062,163.3000030517578,159.41835021972656,1181700.0,-0.0007343630548241,-0.0007346328314563,3.57000732421875,45.0601717464925,ALL
2024-06-06,163.52999877929688,164.52999877929688,161.94000244140625,163.1199951171875,159.24261474609375,942100.0,-0.001102354110368,-0.0011029621495511,2.589996337890625,36.11183943524737,ALL
2024-06-07,163.99000549316406,166.33999633789062,163.13999938964844,165.05999755859375,161.1365203857422,1351800.0,0.0118932086280307,0.0118230402259959,3.1999969482421875,41.048033191097936,ALL
2024-06-10,165.00999450683594,165.07000732421875,162.9499969482422,163.80999755859375,159.9162139892578,818900.0,-0.0075731211866999,-0.0076019428745829,2.1200103759765625,41.88408690019839,ALL
2024-06-11,163.5399932861328,163.5399932861328,161.19000244140625,161.60000610351562,157.75875854492188,1111100.0,-0.0134911613432823,-0.0135829939481315,2.3499908447265625,36.58492248746459,ALL
2024-06-12,161.0,163.3000030517578,159.83999633789062,160.6300048828125,156.8118133544922,1280700.0,-0.0060024888580753,-0.0060205762100612,3.4600067138671875,38.48243029676312,ALL
2024-06-13,160.60000610351562,160.91000366210938,158.42999267578125,160.8300018310547,157.007080078125,1188100.0,0.001245229676615,0.0012444550211571,2.480010986328125,43.75899604174163,ALL
2024-06-14,158.4499969482422,159.27999877929688,156.75999450683594,157.07000732421875,153.33644104003906,1986600.0,-0.0233788121927971,-0.0236564321084514,2.520004272460937,33.684266167950426,ALL
2024-06-17,157.52999877929688,158.75,156.66000366210938,158.74000549316406,154.9667510986328,2557800.0,0.0106322414132988,0.0105761166057394,2.089996337890625,38.86052844232014,ALL
2024-06-18,157.27999877929688,161.83999633789062,156.8699951171875,160.05999755859375,156.25535583496094,1920000.0,0.0083153626645238,0.0082809805049932,4.970001220703125,44.41928921960994,ALL
2024-06-20,164.1699981689453,164.5500030517578,160.27999877929688,162.58999633789062,158.72525024414062,1909800.0,0.015806782404236,0.0156831562717898,4.2700042724609375,46.90008972062671,ALL
2024-06-21,161.0500030517578,161.0500030517578,158.67999267578125,160.50999450683594,156.69467163085938,2016600.0,-0.0127930408687839,-0.012875576492797,2.3700103759765625,34.30369539744737,ALL
2024-06-24,160.6699981689453,164.10000610351562,160.5500030517578,162.41000366210938,158.5495147705078,1301700.0,0.0118373083165077,0.0117677954084975,3.5500030517578125,45.89539527296248,ALL
2024-06-25,162.89999389648438,163.0399932861328,160.4499969482422,161.33999633789062,157.50494384765625,1165000.0,-0.0065882946684733,-0.0066100932783205,2.589996337890625,45.094360071574606,ALL
2024-06-26,160.91000366210938,160.91000366210938,157.47999572753906,158.36000061035156,154.5957794189453,1196900.0,-0.0184703054878376,-0.0186430115081283,3.4300079345703125,39.73406508311441,ALL
2024-06-27,158.7100067138672,160.14999389648438,157.88999938964844,160.00999450683594,156.20657348632812,1222200.0,0.0104193922592004,0.0103654845255499,2.259994506835937,43.9092258224091,ALL
2024-06-28,160.25,160.9600067138672,158.57000732421875,159.66000366210938,155.86488342285156,2576300.0,-0.0021874243564178,-0.0021898202636235,2.389999389648437,38.72187176410216,ALL
2024-07-01,161.33999633789062,161.74000549316406,159.60000610351562,160.5399932861328,156.7239532470703,1187300.0,0.0055116316475736,0.0054964981871052,2.139999389648437,43.06326642669758,ALL
2024-07-02,159.2899932861328,160.22000122070312,158.27000427246094,160.17999267578125,156.37249755859375,1245800.0,-0.002242514186217,-0.0022450323865924,1.9499969482421875,46.73110662385382,ALL
2024-07-03,159.89999389648438,160.74000549316406,158.77000427246094,159.44000244140625,155.6501007080078,701200.0,-0.0046197180569764,-0.0046304219330884,1.970001220703125,47.23128552081682,ALL
2024-07-05,159.19000244140625,159.19000244140625,157.5,158.42999267578125,154.66412353515625,920100.0,-0.0063345745898437,-0.0063547231408626,1.69000244140625,44.61883848104531,ALL
2024-07-08,158.8800048828125,160.58999633789062,158.38999938964844,159.5399932861328,155.7477264404297,1278700.0,0.0070061684669044,0.0069817393054538,2.1999969482421875,56.28496930416951,ALL
2024-07-09,159.17999267578125,160.89999389648438,158.5399932861328,158.72000122070312,154.9472198486328,1050900.0,-0.0051397642205907,-0.005153018243252,2.3600006103515625,49.94679046751225,ALL
2024-07-10,159.2899932861328,160.42999267578125,158.17999267578125,159.97000122070312,156.16749572753906,1172700.0,0.0078754293242455,0.0078445799926922,2.25,49.759745776148826,ALL
2024-07-11,159.44000244140625,162.16000366210938,158.0399932861328,162.0399932861328,158.18829345703125,1085300.0,0.0129399381098984,0.0128569324030321,4.1200103759765625,48.49471546315197,ALL
2024-07-12,162.5,164.25999450683594,161.82000732421875,163.69000244140625,159.79908752441406,1097000.0,0.0101827640477096,0.0101312689855597,2.4399871826171875,58.91257093442886,ALL
2024-07-15,164.25,167.22000122070312,164.0500030517578,166.91000366210938,162.9425506591797,1259900.0,0.0196713459598782,0.0194803655321783,3.1699981689453125,61.743222099130215,ALL
2024-07-16,168.07000732421875,169.22999572753906,166.8800048828125,167.80999755859375,163.82115173339844,1307200.0,0.0053920910815767,0.0053776058057481,2.3499908447265625,67.03529789414335,ALL
2024-07-17,168.63999938964844,171.0399932861328,168.63999938964844,170.6999969482422,166.6424560546875,1079000.0,0.0172218562220856,0.0170752409866694,2.399993896484375,82.64552959964008,ALL
2024-07-18,173.5,179.92999267578125,173.07000732421875,176.69000244140625,172.49009704589844,2535100.0,0.0350909433865516,0.0344892908634953,6.8599853515625,85.88643261976806,ALL
2024-07-19,177.5399932861328,177.5399932861328,174.02999877929688,174.3800048828125,170.23500061035156,1239500.0,-0.0130737733595617,-0.0131599873873542,3.509994506835937,79.20638858737789,ALL
2024-07-22,175.5,175.7100067138672,174.00999450683594,174.8300018310547,170.67430114746094,960700.0,0.0025805535614551,0.0025772296502393,1.70001220703125,78.84542574807224,ALL
2024-07-23,174.50999450683594,175.88999938964844,173.38999938964844,173.60000610351562,169.47354125976562,903500.0,-0.007035387750953,-0.007060252783418,2.5,76.17014142891978,ALL
2024-07-24,174.6199951171875,176.44000244140625,172.25,172.33999633789062,168.24346923828125,1232700.0,-0.007258195068922,-0.0072846639219189,4.19000244140625,74.65595090074453,ALL
2024-07-25,172.88999938964844,176.22000122070312,162.27000427246094,165.39999389648438,161.4684295654297,3802300.0,-0.0402692580194964,-0.0411025109649564,13.949996948242188,60.86004180095789,ALL
2024-07-26,166.4600067138672,171.17999267578125,166.4600067138672,169.1699981689453,165.14881896972656,1913700.0,0.0227932445630525,0.0225373595666339,4.719985961914063,63.85609149864657,ALL
2024-07-29,169.47999572753906,171.27999877929688,168.2899932861328,169.22999572753906,165.2073974609375,1471600.0,0.0003547012420457,0.0003546383504315,2.9900054931640625,65.46040394128084,ALL
2024-07-30,169.99000549316406,173.91000366210938,169.99000549316406,173.58999633789062,169.46376037597656,1172900.0,0.0257637550161484,0.0254374619662114,3.919998168945313,68.35577747855996,ALL
2024-07-31,172.9600067138672,173.61000061035156,171.0,171.1199951171875,167.05245971679688,1194200.0,-0.0142290047962462,-0.0143312077408381,2.6100006103515625,62.106637745770655,ALL
2024-08-01,174.5,180.8699951171875,173.0,177.3800048828125,173.16368103027344,2443500.0,0.0365826478929844,0.0359293871899755,7.8699951171875,66.25501832132697,ALL
2024-08-02,176.52000427246094,179.9600067138672,173.88999938964844,176.82000732421875,172.61700439453125,1699600.0,-0.0031569936171927,-0.0031619874346118,6.07000732421875,62.56019841953767,ALL
2024-08-05,176.85000610351562,176.85000610351562,168.36000061035156,169.02000427246094,165.00241088867188,1922600.0,-0.0441126500402913,-0.0451152076439769,8.490005493164062,51.30530671293369,ALL
2024-08-06,169.27999877929688,172.22000122070312,169.2100067138672,169.7899932861328,165.7540740966797,2327900.0,0.0045554680320092,0.0045451232923701,3.009994506835937,48.97127281863933,ALL
2024-08-07,170.47000122070312,174.75,170.14999389648438,170.6699981689453,166.6131591796875,1155000.0,0.0051828896978225,0.0051695047535524,4.600006103515625,42.30568688472125,ALL
2024-08-08,169.94000244140625,171.5800018310547,169.1999969482422,170.52000427246094,166.46673583984375,1006800.0,-0.0008788221804607,-0.0008792085710688,2.3800048828125,44.778115861433164,ALL
2024-08-09,170.6699981689453,171.6699981689453,170.13999938964844,171.02999877929688,166.96461486816406,1000100.0,0.0029908619629528,0.0029863982333633,1.529998779296875,44.86762362601405,ALL
2024-08-12,172.83999633789062,173.02999877929688,170.5399932861328,171.36000061035156,167.28675842285156,1026100.0,0.0019294121388646,0.0019275532139679,2.4900054931640625,46.89918572603752,ALL
2024-08-13,171.5800018310547,173.42999267578125,169.9499969482422,171.9600067138672,167.8725128173828,1066500.0,0.0035014988637094,0.0034953828891237,3.4799957275390625,49.4642007839846,ALL
2024-08-14,176.0,181.33999633789065,175.75999450683594,180.9499969482422,176.6488037109375,2231000.0,0.0522794991643558,0.050958762644184,5.580001831054716,70.72781678300173,ALL
2024-08-15,182.8800048828125,184.3099975585937,177.60000610351562,178.11000061035156,173.87632751464844,2263300.0,-0.0156948484113476,-0.015819316602004,6.709991455078097,62.21982463936556,ALL
2024-08-16,178.5399932861328,180.17999267578125,176.89999389648438,179.63999938964844,175.3699493408203,1236000.0,0.0085901390230711,0.0085534537170672,3.279998779296875,63.679387701197065,ALL
2024-08-19,179.0399932861328,180.83999633789065,179.0399932861328,180.6199951171875,176.32666015625,1039000.0,0.0054553862792672,0.0054405595587541,1.800003051757841,60.13846855063362,ALL
2024-08-20,180.7400054931641,181.1499938964844,179.39999389648438,180.41000366210932,176.12164306640625,1261500.0,-0.0011627118080843,-0.0011633882818722,1.7500000000000284,64.33203281360773,ALL
2024-08-21,181.5599975585937,182.2700042724609,178.33999633789062,178.83999633789062,174.58895874023438,1866000.0,-0.0087024189616149,-0.0087405061375416,3.930007934570284,52.633451576033664,ALL
2024-08-22,179.41000366210938,181.3000030517578,178.35000610351562,181.22999572753903,176.92214965820312,2559700.0,0.0133639087763861,0.0132753994294123,2.9499969482421875,57.46189472704268,ALL
2024-08-23,181.8500061035156,181.8800048828125,179.00999450683594,180.509994506836,176.21926879882812,1527500.0,-0.003972825679164,-0.0039807383150708,2.8700103759765625,75.56744431289675,ALL
2024-08-26,180.4499969482422,184.009994506836,180.1499938964844,183.08999633789065,178.7379608154297,1858100.0,0.0142929432959848,0.0141917621597826,3.8600006103515625,77.38887207977392,ALL
2024-08-27,183.6000061035156,185.5200042724609,183.009994506836,185.13999938964844,180.73922729492188,1204400.0,0.0111966505064851,0.0111344320102756,2.510009765624943,78.42835594665172,ALL
2024-08-28,185.27999877929688,187.6000061035156,184.7400054931641,187.0599975585937,182.6135711669922,1569700.0,0.010370432031403,0.0103170279990786,2.8600006103515057,80.38208770101379,ALL
2024-08-29,186.8000030517578,188.8000030517578,185.5200042724609,188.3500061035156,183.8729248046875,1397700.0,0.0068962762715136,0.0068726057217621,3.2799987792969034,80.92859786456208,ALL
2024-08-30,187.4600067138672,189.259994506836,186.82000732421875,188.94000244140625,185.3542633056641,1430400.0,0.0080563166249196,0.0080240377561041,2.439987182617216,81.70447230793454,ALL
2024-09-03,190.0,191.3300018310547,188.8699951171875,189.1999969482422,185.6093139648437,2314600.0,0.0013760172257761,0.0013750713816391,2.4600067138671875,81.48963663897142,ALL
2024-09-04,190.7100067138672,190.75,188.1699981689453,189.8699951171875,186.2666015625,1212700.0,0.0035412425358178,0.0035349871001292,2.5800018310546875,73.99181484746475,ALL
2024-09-05,190.1699981689453,190.1699981689453,183.8300018310547,185.759994506836,182.234603881836,1723700.0,-0.0216463802251265,-0.0218840998876586,6.339996337890625,69.61720226166116,ALL
2024-09-06,187.63999938964844,188.44000244140625,184.3500061035156,185.3600006103516,181.8422088623047,1687600.0,-0.0021532409936024,-0.0021555625501699,4.089996337890653,66.01869223820444,ALL
2024-09-09,186.4199981689453,189.0500030517578,185.4900054931641,187.1999969482422,183.64727783203125,1274300.0,0.0099265675500752,0.0098776228140375,3.5599975585937216,67.38817167668186,ALL
2024-09-10,187.69000244140625,188.1699981689453,184.3300018310547,184.8699951171875,181.36151123046875,1298100.0,-0.0124465041276197,-0.0125246106388441,3.839996337890625,61.32635061948607,ALL
2024-09-11,184.4600067138672,184.9900054931641,181.08999633789065,184.38999938964844,180.8906097412109,1765600.0,-0.002596479738523,-0.0025998564383275,3.9000091552734375,64.27681009216992,ALL
2024-09-12,183.759994506836,186.38999938964844,182.97000122070312,186.1000061035156,182.5681610107422,994200.0,0.0092738438547541,0.0092311057923788,3.4199981689453125,63.1830557774403,ALL
2024-09-13,187.5,188.63999938964844,186.6199951171875,188.3000030517578,184.72642517089844,1058500.0,0.0118216897634702,0.0117523594550561,2.020004272460937,68.59952987834613,ALL
2024-09-16,189.6000061035156,191.3000030517578,188.5,190.5599975585937,186.94351196289065,994900.0,0.0120020012834713,0.0119305484161557,2.8000030517578125,68.17987890425593,ALL
2024-09-17,190.3999938964844,191.17999267578125,187.4199981689453,190.259994506836,186.64920043945312,948800.0,-0.0015743339811437,-0.0015755745471001,3.7599945068359375,64.16531590311945,ALL
2024-09-18,190.2400054931641,191.5599975585937,189.42999267578125,191.009994506836,187.38497924804688,1235400.0,0.0039420410420265,0.0039342915574194,2.130004882812472,62.09657016458654,ALL
2024-09-19,191.5,192.5,187.3000030517578,190.67999267578125,187.0612335205078,1594900.0,-0.001727703729713,-0.0017291979310747,5.199996948242188,58.48561763165049,ALL
2024-09-20,191.1000061035156,193.19000244140625,190.13999938964844,191.0,187.37515258789065,4397100.0,0.0016781620727868,0.0016767555321977,3.0500030517578125,55.7349307647873,ALL
2024-09-23,191.63999938964844,193.97000122070312,191.47000122070312,192.88999938964844,189.2292938232422,1712000.0,0.0098953420970895,0.0098467037980203,2.5,59.41809549141118,ALL
2024-09-24,193.0,193.0,190.5399932861328,191.82000732421875,188.1795959472656,1339700.0,-0.0055472271484409,-0.0055626701499962,2.4600067138671875,54.87744339022182,ALL
2024-09-25,192.5800018310547,192.97000122070312,189.6999969482422,190.0,186.39414978027344,1234900.0,-0.0094879902255317,-0.0095332879554346,3.270004272460937,61.97744759976502,ALL
2024-09-26,189.16000366210932,190.92999267578125,188.0,188.69000244140625,185.1090087890625,835700.0,-0.0068947496084287,-0.0069186282158185,2.92999267578125,58.94679304860338,ALL
2024-09-27,188.0,189.5200042724609,188.0,188.3600006103516,184.7852783203125,890700.0,-0.0017488639308684,-0.0017503949787161,1.520004272460909,53.39185627043161,ALL
2024-09-30,189.0,189.8800048828125,186.0,189.6499938964844,186.05078125,1024500.0,0.0068485051471136,0.006825160658366,3.8800048828125,64.8816407014199,ALL
2024-10-01,189.22000122070312,191.5599975585937,188.0,189.8800048828125,186.2764129638672,1142500.0,0.0012127426305401,0.0012120078522008,3.5599975585937216,67.36241465478227,ALL
2024-10-02,189.57000732421875,190.8699951171875,189.3800048828125,190.22000122070312,186.60997009277344,729700.0,0.0017906568179995,0.0017890555033978,1.489990234375,64.26592559081405,ALL
2024-10-03,190.3300018310547,190.509994506836,187.0599975585937,187.83999633789065,184.275131225586,1295500.0,-0.0125118656094671,-0.0125907980861058,3.4499969482422443,48.42672817335363,ALL
2024-10-04,187.3800048828125,190.7899932861328,187.16000366210932,190.57000732421875,186.9533233642578,704700.0,0.0145336601898453,0.0144290588263153,3.629989624023466,50.03313848795718,ALL
2024-10-07,189.9499969482422,190.07000732421875,179.0500030517578,181.25,177.81019592285156,2924000.0,-0.0489059369305346,-0.0501423116860634,11.020004272460938,31.314822974452355,ALL
2024-10-08,182.2400054931641,183.91000366210932,181.63999938964844,182.8699951171875,179.39944458007812,1167900.0,0.0089378938534891,0.0088981873001403,2.270004272460909,33.7069276845867,ALL
2024-10-09,182.0399932861328,185.6699981689453,181.02999877929688,184.91000366210932,181.40074157714844,1003200.0,0.0111555361932962,0.0110937721158567,4.6399993896484375,39.190715401291385,ALL
2024-10-10,191.759994506836,191.759994506836,185.1000061035156,185.7899932861328,182.2640380859375,1271600.0,0.0047590572192997,0.0047477687074394,6.659988403320369,40.44038576135117,ALL
2024-10-11,187.6000061035156,188.67999267578125,186.3600006103516,188.27999877929688,184.706787109375,1240600.0,0.0134022544934824,0.0133132387399315,2.319992065429659,41.723525709297576,ALL
2024-10-14,188.3099975585937,191.19000244140625,186.97000122070312,190.52999877929688,186.91409301757807,1200100.0,0.0119503237685358,0.0118794824752172,4.220001220703125,47.7781873592212,ALL
2024-10-15,191.97999572753903,195.8699951171875,190.97999572753903,193.009994506836,189.34701538085932,2423500.0,0.0130162596303129,0.0129322761054633,4.889999389648466,55.06902894275412,ALL
2024-10-16,192.1999969482422,195.8699951171875,192.1999969482422,195.6499938964844,191.9369354248047,1459200.0,0.0136781667180541,0.0135854649657767,3.669998168945313,61.21858432860483,ALL
2024-10-17,197.5,198.7899932861328,193.58999633789065,195.509994506836,191.79959106445312,1918200.0,-0.0007155702473189,-0.0007158263899076,5.199996948242159,61.59584729977622,ALL
2024-10-18,194.82000732421875,195.72000122070312,193.5200042724609,195.3699951171875,191.6622314453125,1051600.0,-0.0007161622106611,-0.00071641877732,2.199996948242216,59.63610694487681,ALL
2024-10-21,194.9499969482422,195.27999877929688,192.4199981689453,192.63999938964844,188.98403930664065,1163200.0,-0.0139734997264499,-0.0140720481954868,2.8600006103515625,54.28837818987512,ALL
2024-10-22,191.69000244140625,193.1300048828125,190.32000732421875,192.77999877929688,189.12139892578125,777700.0,0.0007268318512216,0.0007265678368733,2.80999755859375,54.002512559148016,ALL
2024-10-23,192.009994506836,193.8000030517578,191.47000122070312,192.77999877929688,189.12139892578125,1166600.0,0.0,0.0,2.3300018310546875,58.34460906279637,ALL
2024-10-24,193.41000366210932,194.4600067138672,191.6000061035156,192.0,188.356185913086,977700.0,-0.0040461471681244,-0.004054354969039,2.860000610351591,52.58588974655822,ALL
2024-10-25,192.0,193.1199951171875,187.94000244140625,188.1199951171875,184.5498046875,1154000.0,-0.0202084216514256,-0.0204154050906031,5.17999267578125,65.46591341214638,ALL
2024-10-28,189.0,189.94000244140625,188.25,189.2100067138672,185.619140625,1778300.0,0.0057942946041624,0.0057775722442742,1.69000244140625,64.62172780127764,ALL
2024-10-29,189.13999938964844,189.6300048828125,186.4600067138672,186.57000732421875,183.0292510986328,1207200.0,-0.0139527072350769,-0.0140509612651223,3.1699981689453125,53.725327029860985,ALL
2024-10-30,187.38999938964844,189.759994506836,187.38999938964844,189.44000244140625,185.8447723388672,1469100.0,0.0153829031334293,0.0152657858213804,2.3699951171875284,57.51955133977067,ALL
2024-10-31,195.0,195.1000061035156,185.6199951171875,186.5200042724609,182.98019409179688,3914800.0,-0.0154138220355591,-0.0155338499807856,9.480010986328097,46.437270469463925,ALL
2024-11-01,186.1499938964844,187.52999877929688,183.75,184.1499938964844,180.6551513671875,1533700.0,-0.0127065267153611,-0.0127879450574649,3.779998779296875,37.14746763257184,ALL
2024-11-04,185.17999267578125,185.17999267578125,182.009994506836,182.3699951171875,178.908935546875,1431200.0,-0.0096660173103132,-0.0097130364931182,3.169998168945284,27.94369899196255,ALL
2024-11-05,182.52999877929688,185.4900054931641,181.2400054931641,185.0599975585937,181.54791259765625,1626500.0,0.014750392666049,0.0146426636952076,4.25,28.0927777001977,ALL
2024-11-06,195.19000244140625,195.19000244140625,186.94000244140625,188.7899932861328,185.2071075439453,2349500.0,0.0201555330156757,0.0199550990204772,8.25,37.89626498591684,ALL
2024-11-07,189.6000061035156,191.1999969482422,186.8600006103516,190.5500030517578,186.9337158203125,1282300.0,0.0093225810783612,0.0092793940217788,4.339996337890597,41.797182716823215,ALL
2024-11-08,193.509994506836,198.5599975585937,191.75,196.8999938964844,193.16319274902344,2018600.0,0.0333245230876324,0.0327812967424172,6.809997558593722,56.454531357448815,ALL
2024-11-11,197.9900054931641,201.0,197.1699981689453,197.5200042724609,193.7714385986328,1339700.0,0.0031488703461206,0.0031439230367953,3.830001831054688,57.07883219071325,ALL
2024-11-12,197.6300048828125,199.22000122070312,196.57000732421875,198.1000061035156,194.3404235839844,959600.0,0.0029363717866086,0.0029320690678375,2.649993896484375,57.80971578200367,ALL
2024-11-13,198.0,199.75,196.9900054931641,197.3000030517578,193.5556182861328,1128100.0,-0.0040383018796521,-0.0040464778394403,2.759994506835909,57.77583860394082,ALL
2024-11-14,196.72000122070312,197.91000366210932,194.9600067138672,195.77999877929688,192.064453125,953100.0,-0.0077040654998111,-0.0077338951174077,2.949996948242159,62.07442364045048,ALL
2024-11-15,196.0200042724609,198.4199981689453,196.0200042724609,196.8800048828125,193.14358520507807,1397400.0,0.0056185934592265,0.0056028680386628,2.3999938964844034,62.0863590775266,ALL
2024-11-18,196.6199951171875,200.07000732421875,196.3800048828125,199.97000122070312,196.1749420166016,1108700.0,0.0156948355717061,0.015572945350319,3.69000244140625,70.82036766902246,ALL
2024-11-19,198.88999938964844,199.5,196.3500061035156,196.6000061035156,192.868881225586,1134400.0,-0.0168526151048172,-0.0169962363046545,3.1499938964844034,60.95468317631841,ALL
2024-11-20,197.6999969482422,198.6300048828125,196.13999938964844,197.2899932861328,193.54579162597656,983200.0,0.0035096921602342,0.0035035475636024,2.4900054931640625,67.68467944320457,ALL
2024-11-21,199.63999938964844,203.5399932861328,197.8800048828125,203.47999572753903,199.61831665039065,2437200.0,0.0313751333645586,0.0308929927498966,5.6599884033203125,78.20249462396822,ALL
2024-11-22,202.8500061035156,205.3500061035156,202.2100067138672,203.8000030517578,199.93223571777344,2346300.0,0.0015725965064246,0.0015713612713865,3.139999389648409,82.65769299872804,ALL
2024-11-25,202.83999633789065,205.17999267578125,201.77999877929688,202.02999877929688,198.1958465576172,4504400.0,-0.0086848884269336,-0.0087228218618914,3.399993896484375,76.60708615754241,ALL
2024-11-26,204.3800048828125,208.22999572753903,202.38999938964844,207.8699951171875,203.9250030517578,2010500.0,0.028906541653864,0.0284966282896737,5.839996337890597,78.05882697389123,ALL
2024-11-27,207.75,209.8800048828125,206.6300048828125,208.1999969482422,204.2487335205078,1429600.0,0.0015874976776037,0.0015862389351566,3.25,77.0954781692619,ALL
2024-11-29,207.8800048828125,208.72000122070312,207.02999877929688,207.38999938964844,204.35714721679688,698700.0,0.0005307925019675,0.0005306516814562,1.69000244140625,71.66784712380972,ALL
2024-12-02,207.8099975585937,208.3099975585937,204.259994506836,204.38999938964844,201.4010009765625,1282900.0,-0.0144655877247017,-0.0145712344040774,4.050003051757756,63.53782031808843,ALL
2024-12-03,205.27999877929688,205.509994506836,202.58999633789065,203.3999938964844,200.4254913330078,1277300.0,-0.0048436186455111,-0.0048553869825722,2.9199981689453125,60.64373070646816,ALL
2024-12-04,203.17999267578125,205.8300018310547,202.0399932861328,204.9499969482422,201.95281982421875,1360900.0,0.0076204303207783,0.0075915415122532,3.790008544921875,64.31613981726545,ALL
2024-12-05,205.75,206.88999938964844,204.1100006103516,204.22999572753903,201.2433319091797,1165000.0,-0.0035131369577141,-0.0035193225147445,2.7799987792968466,66.07730937916767,ALL
2024-12-06,203.27999877929688,204.88999938964844,201.5399932861328,203.63999938964844,200.66197204589844,1050700.0,-0.0028888403792858,-0.002893021132281,3.350006103515625,63.40257418643411,ALL
2024-12-09,202.7100067138672,204.4199981689453,198.8999938964844,199.0399932861328,196.12924194335932,2307200.0,-0.0225888844623848,-0.0228479216533369,5.520004272460909,49.92267244045768,ALL
2024-12-10,199.4499969482422,199.69000244140625,194.8000030517578,195.0599975585937,192.2074432373047,1667300.0,-0.0199959917613267,-0.0201986172864211,4.8899993896484375,48.90364809906314,ALL
2024-12-11,195.1100006103516,196.07000732421875,191.13999938964844,193.3000030517578,190.47317504882807,1541400.0,-0.0090228981732796,-0.0090638510475352,4.9300079345703125,45.07952487886161,ALL
2024-12-12,194.5200042724609,195.1300048828125,191.94000244140625,192.3000030517578,189.48782348632807,1113000.0,-0.0051731775996667,-0.0051866048104881,3.19000244140625,30.61935215684977,ALL
2024-12-13,193.82000732421875,197.69000244140625,193.6300048828125,196.259994506836,193.389892578125,1803000.0,0.0205927168300525,0.020383553457322,4.05999755859375,38.9947509593296,ALL
2024-12-16,197.009994506836,198.6000061035156,194.8800048828125,195.0200042724609,192.16802978515625,1409100.0,-0.0063181316080164,-0.0063381754726428,3.7200012207030966,39.68165160858928,ALL
2024-12-17,194.16000366210932,194.509994506836,191.6300048828125,193.3999938964844,190.5717163085937,1324400.0,-0.008306862896743,-0.0083415571495312,2.879989624023466,23.37476154691032,ALL
2024-12-18,192.4900054931641,193.69000244140625,189.08999633789065,189.25,186.482421875,1378400.0,-0.0214580343442565,-0.0216916053234582,4.600006103515597,19.20055444308373,ALL
2024-12-19,189.66000366210932,192.1300048828125,188.3800048828125,189.7899932861328,187.01451110839844,1478500.0,0.0028532943107908,0.0028492313932104,3.75,20.370280575468414,ALL
2024-12-20,188.42999267578125,194.9199981689453,187.41000366210932,193.5599975585937,190.72938537597656,2351800.0,0.0198640963503891,0.0196693795469251,7.509994506835966,32.228391375608325,ALL
2024-12-23,192.5500030517578,193.83999633789065,191.6999969482422,193.6300048828125,190.79837036132807,1336100.0,0.0003616903877476,0.0003616249935472,2.139999389648466,33.468674424149626,ALL
2024-12-24,193.8699951171875,195.82000732421875,192.9199981689453,195.5200042724609,192.6607360839844,453200.0,0.0097609100074043,0.0097135800649655,2.900009155273437,34.225493233420934,ALL
2024-12-26,195.4600067138672,195.9199981689453,194.5200042724609,195.6199951171875,192.75924682617188,563300.0,0.0005113171691846,0.0005111864911042,1.3999938964844034,35.292069912881416,ALL
2024-12-27,194.16000366210932,195.7899932861328,192.58999633789065,193.8000030517578,190.9658966064453,1094400.0,-0.0093035755703267,-0.0093471241449503,3.199996948242159,33.86883697787893,ALL
2024-12-30,192.8500061035156,193.1300048828125,189.759994506836,192.5500030517578,189.73416137695312,1041700.0,-0.0064500272110398,-0.0064709185180025,3.370010375976534,38.0478601201409,ALL
2024-12-31,192.52999877929688,193.3999938964844,191.8000030517578,192.7899932861328,189.9706268310547,758000.0,0.0012462987813341,0.001245522795681,1.599990844726591,45.15159212411545,ALL
2025-01-02,193.02999877929688,193.759994506836,190.4199981689453,191.9499969482422,189.14292907714844,1721900.0,-0.0043569775375976,-0.0043664968245047,3.3399963378906534,46.99867317661637,ALL
2025-01-03,192.72000122070312,193.5,190.83999633789065,191.4499969482422,188.65023803710932,1431600.0,-0.0026048610034907,-0.0026082595570371,2.6600036621093466,48.067256597284405,ALL
2025-01-06,191.6199951171875,192.5500030517578,185.3500061035156,185.91000366210932,183.19126892089844,2622900.0,-0.028936985041795,-0.0293639158261845,7.199996948242216,28.044060556328247,ALL
2025-01-07,186.08999633789065,187.6000061035156,184.19000244140625,186.0399932861328,183.31935119628903,2265500.0,0.0006991723794755,0.000698928072336,3.4100036621093466,30.00879064812922,ALL
2025-01-08,188.72000122070312,191.83999633789065,185.0200042724609,191.8000030517578,188.9951171875,2401700.0,0.0309610848727783,0.0304914592912084,6.819992065429744,46.99247157337834,ALL
2025-01-10,188.6199951171875,190.75,176.4600067138672,180.9900054931641,178.3432159423828,4642100.0,-0.0563607219256863,-0.0580113065473386,14.289993286132812,37.58263522985619,ALL
2025-01-13,178.39999389648438,184.3500061035156,178.1300048828125,182.5399932861328,179.8705291748047,2381500.0,0.0085638986846312,0.0085274365285423,6.220001220703097,39.4221862339397,ALL
2025-01-14,183.2899932861328,187.07000732421875,181.94000244140625,186.8099975585937,184.0781097412109,1554500.0,0.0233922732406994,0.0231228672730936,5.1300048828125,40.29334323822141,ALL
2025-01-15,189.0,190.16000366210932,186.9499969482422,188.02999877929688,185.28024291992188,1672300.0,0.0065305602083864,0.0065093284866295,3.210006713867159,42.20483717577645,ALL
2025-01-16,188.41000366210932,191.9600067138672,187.77999877929688,191.1000061035156,188.3053741455078,1502000.0,0.0163273276087694,0.0161954701130406,4.1800079345703125,44.04310672625371,ALL
2025-01-17,191.3099975585937,192.88999938964844,188.6300048828125,188.8999938964844,186.1375274658203,1519000.0,-0.0115123994178326,-0.011579180120176,4.2599945068359375,41.42856409225274,ALL
2025-01-21,190.22999572753903,193.32000732421875,189.509994506836,189.75,186.97509765625,1609200.0,0.0044997384559299,0.0044896449004239,3.810012817382784,44.70307222256652,ALL
2025-01-22,191.0200042724609,191.88999938964844,184.8999938964844,185.25,182.5409240722656,1856800.0,-0.0237153163152055,-0.0240010509973092,6.990005493164034,41.2005716261105,ALL
2025-01-23,185.25,188.0200042724609,184.2100067138672,184.66000366210932,181.95953369140625,2241700.0,-0.0031849865109107,-0.0031900693758883,3.8099975585937216,40.28210340360992,ALL
2025-01-24,184.5500030517578,186.5,183.8999938964844,186.07000732421875,183.3489227294922,1215500.0,0.0076357034440539,0.0076066990130989,2.6000061035155966,43.06604238721152,ALL
2025-01-27,187.32000732421875,193.2700042724609,187.2100067138672,193.19000244140625,190.36480712890625,1518700.0,0.0382652065524546,0.0375512497517893,6.059997558593722,51.77480119055068,ALL
2025-01-28,192.0800018310547,192.9199981689453,190.22999572753903,190.9600067138672,188.1674194335937,875600.0,-0.0115430353354365,-0.0116101733186145,2.6900024414062784,55.52395571173666,ALL
2025-01-29,189.97000122070312,192.9499969482422,189.8099975585937,190.8099975585937,188.01959228515625,724800.0,-0.0007856150064791,-0.0007859237636684,3.139999389648466,55.21538621472695,ALL
2025-01-30,192.82000732421875,194.41000366210932,191.7899932861328,193.8300018310547,190.9954376220703,879600.0,0.0158273151257599,0.0157033692831284,2.620010375976534,52.36101930880215,ALL
2025-01-31,194.0,194.5800018310547,192.27999877929688,192.3300018310547,189.51736450195312,1619400.0,-0.0077387875779625,-0.0077688873857924,2.3000030517578125,66.83485219857295,ALL
2025-02-03,190.8800048828125,192.7700042724609,187.4900054931641,191.97999572753903,189.1724853515625,1223700.0,-0.0018197759941257,-0.0018214337979865,5.279998779296818,64.53198518036106,ALL
2025-02-04,191.17999267578125,193.47999572753903,190.47999572753903,190.8699951171875,188.07872009277344,1109100.0,-0.0057818411422591,-0.0057986206948206,3.0,56.923556316084166,ALL
2025-02-05,193.3300018310547,193.3300018310547,190.9199981689453,193.009994506836,190.1874237060547,1288600.0,0.0112118139268551,0.0111494274186087,2.410003662109375,58.23411423301429,ALL
2025-02-06,195.0,199.0399932861328,189.91000366210932,191.8800048828125,189.073959350586,2641200.0,-0.0058545635340727,-0.0058717686764243,9.129989624023466,51.378074471286745,ALL
2025-02-07,192.0,192.759994506836,188.02999877929688,190.2400054931641,187.4579467773437,1928100.0,-0.0085469864744609,-0.0085837214285635,4.729995727539091,52.41530994174894,ALL
2025-02-10,189.72999572753903,190.1499938964844,185.52999877929688,186.5800018310547,183.8514709472656,1544200.0,-0.0192388527244554,-0.0194263278846294,4.619995117187528,44.81181520319858,ALL
2025-02-11,186.8999938964844,190.8600006103516,184.7400054931641,189.42999267578125,186.65977478027344,1374600.0,0.0152748510443703,0.015159365043247,6.1199951171875,57.23178811495507,ALL
2025-02-12,188.08999633789065,189.4600067138672,186.02999877929688,189.3300018310547,186.56124877929688,2641300.0,-0.0005278373505622,-0.0005279767057366,3.4300079345703125,58.21895184367589,ALL
2025-02-13,190.0,193.0800018310547,188.2100067138672,192.7700042724609,189.9509429931641,1889100.0,0.018169337073195,0.0180062471958621,4.8699951171875,61.00525908282981,ALL
2025-02-14,192.1100006103516,192.69000244140625,185.8000030517578,187.6300048828125,184.88612365722656,3917900.0,-0.0266638283344547,-0.0270257562974328,6.8899993896484375,40.23190888182401,ALL
2025-02-18,188.2400054931641,190.8500061035156,187.72999572753903,188.9499969482422,186.18679809570312,3622000.0,0.0070350030210377,0.0070103728354367,3.1200103759765625,46.3520524307098,ALL
2025-02-19,188.6999969482422,191.7899932861328,187.97999572753903,191.6000061035156,188.7980499267578,1142800.0,0.014024903257171,0.0139274642926317,3.8099975585937775,51.31449643477916,ALL
2025-02-20,190.0,190.4900054931641,185.6000061035156,189.17999267578125,186.41343688964844,1382200.0,-0.0126304961202431,-0.0127109389090388,4.889999389648494,42.10524101827424,ALL
2025-02-21,188.92999267578125,189.75,185.3999938964844,185.66000366210932,182.94493103027344,1428000.0,-0.0186065227767259,-0.0187818017481829,4.350006103515597,39.40261316146484,ALL
2025-02-24,186.63999938964844,190.3000030517578,186.4900054931641,188.75,185.9897308349609,2009400.0,0.0166432586436824,0.0165062774012451,3.8099975585937216,45.279158498148384,ALL
2025-02-25,190.25,191.4199981689453,188.9199981689453,190.47999572753903,187.6944122314453,912200.0,0.0091654597747499,0.0091237118470533,2.5,49.440119507564816,ALL
2025-02-26,190.1100006103516,190.9499969482422,187.5500030517578,188.42999267578125,185.6744079589844,1269200.0,-0.0107621971716986,-0.0108205285087622,3.399993896484375,43.408158180133306,ALL
2025-02-27,190.47000122070312,195.17999267578125,189.38999938964844,195.0599975585937,192.2074432373047,1397600.0,0.035185437509317,0.034580577344569,5.7899932861328125,53.95129058252266,ALL
2025-02-28,196.94000244140625,199.94000244140625,195.6699981689453,199.1499938964844,196.23764038085932,3365900.0,0.0209679556404007,0.0207511534210493,4.2700042724609375,60.43572099636899,ALL
2025-03-03,199.52999877929688,203.3000030517578,199.52999877929688,202.0599975585937,199.10508728027344,1775200.0,0.0146121146475719,0.0145063863980833,3.7700042724609375,68.45498244889838,ALL
2025-03-04,202.259994506836,202.5,198.4199981689453,199.02999877929688,196.119384765625,2513400.0,-0.0149956113901076,-0.0151091823784585,4.080001831054688,61.396035224961146,ALL
2025-03-05,200.9499969482422,201.4900054931641,196.92999267578125,199.5599975585937,196.64163208007807,1598200.0,0.0026629051232094,0.0026593658730943,4.560012817382841,62.02115750506223,ALL
2025-03-06,198.1499938964844,198.5399932861328,195.5399932861328,197.42999267578125,194.54278564453125,1460100.0,-0.0106734591924669,-0.0107308291471249,3.0,55.649854027617394,ALL
2025-03-07,197.3000030517578,201.4199981689453,195.77999877929688,200.72999572753903,197.7945251464844,1957900.0,0.0167147781459999,0.0165766235980811,5.6399993896484375,66.6243638363074,ALL
2025-03-10,198.6300048828125,203.52999877929688,197.32000732421875,198.7400054931641,196.8141326904297,2711800.0,-0.0049566207928588,-0.0049689455807676,6.209991455078125,63.80049164547475,ALL
2025-03-11,198.4900054931641,203.6000061035156,194.16000366210932,201.5800018310547,199.6266021728516,3412600.0,0.0142899772692932,0.0141888379246808,9.44000244140625,63.98868541917178,ALL
2025-03-12,201.2100067138672,201.4199981689453,192.8300018310547,198.25,196.3288726806641,2688800.0,-0.0165194891677417,-0.0166574574833173,8.589996337890625,62.513865394747846,ALL
2025-03-13,199.0,202.25,199.0,202.0,200.0425262451172,1674200.0,0.0189154733776395,0.0187388002383112,3.25,71.445473955945,ALL
2025-03-14,202.6499938964844,207.8600006103516,201.25,207.4900054931641,205.47933959960932,2546000.0,0.0271782878198123,0.0268155164830975,6.610000610351591,73.06191885732493,ALL
2025-03-17,206.1199951171875,211.1499938964844,205.7100067138672,210.1000061035156,208.0640563964844,3318900.0,0.0125789619623635,0.0125005040810415,5.439987182617216,73.61150661768485,ALL
2025-03-18,209.4600067138672,209.9499969482422,204.97000122070312,205.33999633789065,203.3501739501953,1894300.0,-0.0226559191814773,-0.0229165079594317,4.979995727539063,69.28453064335206,ALL
2025-03-19,204.57000732421875,205.3000030517578,202.8000030517578,204.8699951171875,202.8847198486328,1787800.0,-0.0022889289569848,-0.002291552559127,2.5,63.4267225830418,ALL
2025-03-20,207.13999938964844,212.91000366210932,207.13999938964844,210.17999267578125,208.14324951171875,2542700.0,0.0259188058470307,0.0255886070157772,5.770004272460909,64.52271082561269,ALL
2025-03-21,208.4600067138672,210.9199981689453,205.509994506836,206.47000122070312,204.46920776367188,2888200.0,-0.0176515056657651,-0.0178091513693814,5.410003662109347,56.41699252726296,ALL
2025-03-24,207.0,208.009994506836,205.72999572753903,207.3000030517578,205.2911834716797,1240800.0,0.00402004642654,0.0040119876305072,2.279998779296932,61.57105978967065,ALL
2025-03-25,207.8500061035156,209.3500061035156,206.1100006103516,208.1199951171875,206.1032257080078,1064600.0,0.003955563130358,0.0039477604597215,3.2400054931640057,61.850014543178006,ALL
2025-03-26,209.32000732421875,211.22999572753903,208.02999877929688,209.27999877929688,207.2519989013672,1086700.0,0.0055737759048317,0.0055582998958189,3.199996948242159,66.30548028392181,ALL
2025-03-27,210.6199951171875,210.6199951171875,207.5,209.2899932861328,207.26187133789065,1827500.0,4.763493995607604e-05,4.763380544835172e-05,3.1199951171875,63.24832680225344,ALL
2025-03-28,209.83999633789065,209.83999633789065,204.8000030517578,206.4499969482422,204.4494171142578,2113400.0,-0.0135695688043258,-0.0136624768417845,5.039993286132841,60.1634649366898,ALL
2025-03-31,206.0399932861328,208.4600067138672,205.08999633789065,207.07000732421875,205.0634002685547,1926300.0,0.003003105428047,0.0029986051146336,3.370010375976534,57.686927481327686,ALL
2025-04-01,207.7899932861328,210.17999267578125,206.3600006103516,207.5,205.4892425537109,1583600.0,0.0020766371990248,0.0020744839684671,3.819992065429659,64.09633145142419,ALL
2025-04-02,206.63999938964844,207.52999877929688,203.7700042724609,205.42999267578125,203.4392852783203,1674700.0,-0.0099759834136075,-0.0100260769695763,3.759994506835966,55.50915032226833,ALL
2025-04-03,202.47000122070312,208.44000244140625,202.27999877929688,205.32000732421875,203.3303680419922,2010700.0,-0.0005353795663365,-0.0005355229331492,6.160003662109375,45.786403398282864,ALL
2025-04-04,202.3500061035156,203.6499938964844,186.22999572753903,186.57000732421875,184.76206970214844,3352200.0,-0.0913208318002404,-0.0957631973815586,17.41999816894537,21.914505367828767,ALL
2025-04-07,183.1999969482422,187.38999938964844,176.0,180.52999877929688,178.7805938720703,4062000.0,-0.0323739382207655,-0.032909566153395,11.389999389648438,21.26473622031787,ALL
2025-04-08,186.8099975585937,189.58999633789065,180.8099975585937,183.47000122070312,181.6920928955078,3087000.0,0.0162853191187006,0.0161541356363095,8.779998779296932,26.555616098720023,ALL
2025-04-09,180.0,194.22999572753903,180.0,193.0,191.12974548339844,2844000.0,0.0519431112135313,0.0506390360600944,14.229995727539034,32.77175809196476,ALL
2025-04-10,191.8099975585937,193.9900054931641,186.6300048828125,190.7899932861328,188.941162109375,1895500.0,-0.0114507732351557,-0.0115168381527989,7.360000610351591,33.788248668357866,ALL
2025-04-11,189.4199981689453,193.3699951171875,187.02999877929688,192.5500030517578,190.68411254882807,1876900.0,0.0092248317941652,0.0091825429063191,6.339996337890625,35.037510593276565,ALL
2025-04-14,194.22000122070312,197.44000244140625,193.3699951171875,195.5,193.60552978515625,1631900.0,0.0153207165362563,0.0152045394665798,4.07000732421875,37.72851097161306,ALL
2025-04-15,196.2100067138672,197.9199981689453,194.33999633789065,194.5399932861328,192.6548309326172,1691600.0,-0.0049104943107464,-0.0049225904027081,3.580001831054659,35.61106929681591,ALL
2025-04-16,196.0800018310547,197.72000122070312,192.9199981689453,194.2400054931641,192.3577423095703,1596100.0,-0.0015420772041309,-0.0015432674289524,4.8000030517578125,35.39120771631846,ALL
2025-04-17,195.8000030517578,196.8300018310547,193.16000366210932,194.66000366210932,192.773666381836,1905800.0,0.0021622424305454,0.0021599081486311,3.669998168945341,37.99144126810352,ALL
2025-04-21,192.0599975585937,192.9900054931641,184.6199951171875,186.9499969482422,185.1383819580078,1296100.0,-0.0396075074315627,-0.0404132316497261,8.370010375976591,32.093280170174765,ALL
2025-04-22,190.4199981689453,194.47999572753903,188.9499969482422,193.8999938964844,192.02101135253903,1499300.0,0.0371755943945339,0.0365012441264468,5.529998779296847,39.15468217274479,ALL
2025-04-23,194.6999969482422,196.41000366210932,192.8500061035156,194.72999572753903,192.8429718017578,1137700.0,0.0042805755652943,0.0042714399628551,3.55999755859375,41.29514381238707,ALL
2025-04-24,193.8999938964844,195.88999938964844,192.33999633789065,194.8600006103516,192.9717254638672,914300.0,0.000667660640709,0.0006674378545016,3.550003051757784,41.49316259108777,ALL
2025-04-25,194.7400054931641,194.8600006103516,190.6300048828125,192.91000366210932,191.04063415527344,1156100.0,-0.0100071204936981,-0.0100575282972438,4.229995727539091,57.0949026337243,ALL
2025-04-28,193.66000366210932,195.6300048828125,192.33999633789065,195.41000366210932,193.5164031982422,1504100.0,0.0129593845514379,0.0128761302390969,3.2900085449218466,68.08460754255955,ALL
2025-04-29,194.7400054931641,199.3500061035156,194.72999572753903,198.7899932861328,196.8636474609375,1462300.0,0.0172969536813183,0.0171490642994855,4.6200103759765625,68.42234375943781,ALL
2025-04-30,197.72999572753903,198.6100006103516,194.52999877929688,198.38999938964844,196.467514038086,2307700.0,-0.0020122223069657,-0.0020142495462326,4.080001831054716,58.30508909162914,ALL
2025-05-01,194.69000244140625,198.3800048828125,192.5200042724609,197.2400054931641,195.3286590576172,2985100.0,-0.0057966579668128,-0.0058135237971532,5.860000610351591,60.27397865444357,ALL
2025-05-02,198.1300048828125,200.759994506836,196.41000366210932,199.3000030517578,197.36871337890625,1508500.0,0.0104442140294798,0.0103900500332897,4.349990844726619,60.65006734055852,ALL
2025-05-05,198.6699981689453,201.4900054931641,197.16000366210932,200.25,198.3094940185547,1292700.0,0.0047666148476244,0.0047552905106488,4.330001831054744,57.99932222987408,ALL
2025-05-06,200.0,202.58999633789065,199.6199951171875,202.0599975585937,200.1019592285156,1119900.0,0.0090387261529354,0.0089981213613485,2.9700012207031534,62.31173120263475,ALL
2025-05-07,202.75,204.5599975585937,202.0800018310547,204.07000732421875,202.0924835205078,1170000.0,0.0099475502372219,0.009898399046539,2.479995727539034,65.24031391450004,ALL
2025-05-08,203.5599975585937,206.1100006103516,202.5500030517578,202.6199951171875,200.65652465820312,1185900.0,-0.0071054540836447,-0.0071308180422206,3.5599975585937784,61.95912501626225,ALL
2025-05-09,202.6199951171875,203.27999877929688,202.1100006103516,202.63999938964844,200.67633056640625,707200.0,9.87055279506599e-05,9.87006568805676e-05,1.169998168945284,80.65648491854903,ALL
2025-05-12,203.5,204.77999877929688,199.3500061035156,202.4900054931641,200.52780151367188,1331600.0,-0.0007401423591668,-0.0007404163997504,5.429992675781278,72.85797575869897,ALL
2025-05-13,202.7899932861328,204.259994506836,201.3000030517578,202.5599975585937,200.5971069335937,1077500.0,0.0003456150189584,0.0003455553078454,2.9599914550781534,71.71385524922592,ALL
2025-05-14,203.0,203.0,197.42999267578125,200.58999633789065,198.6461944580078,1458800.0,-0.0097255264814548,-0.0097731283007372,5.57000732421875,64.41872547651178,ALL
2025-05-15,201.58999633789065,205.6000061035156,200.8500061035156,205.2700042724609,203.2808380126953,1126000.0,0.0233311469536721,0.0230631364013574,4.75,77.34510076631494,ALL
2025-05-16,205.6300048828125,209.13999938964844,204.67999267578125,209.0599975585937,207.0341186523437,1111000.0,0.0184635240406378,0.018295142632154,4.460006713867188,78.56842029225736,ALL
2025-05-19,209.2700042724609,210.67999267578125,208.3600006103516,209.9499969482422,207.91549682617188,1029900.0,0.0042571638895334,0.0042481278036638,2.319992065429659,76.0747508784057,ALL
2025-05-20,209.02999877929688,210.22999572753903,207.9499969482422,208.1199951171875,206.1032257080078,1058600.0,-0.0087163830778771,-0.0087545929414281,2.2799987792968466,71.30968193033888,ALL
2025-05-21,207.2899932861328,207.8099975585937,204.47000122070312,205.3099975585937,203.32046508789065,1516000.0,-0.0135017810155944,-0.0135937589094336,3.3399963378905966,66.47613630858505,ALL
2025-05-22,205.4499969482422,205.4499969482422,200.5,202.5200042724609,200.5574951171875,1180000.0,-0.013589236919701,-0.0136824157151545,4.949996948242188,56.38379765395896,ALL
2025-05-23,202.5200042724609,204.08999633789065,201.4199981689453,203.2400054931641,201.27052307128903,821300.0,0.003555229654643,0.0035489247648296,2.669998168945341,55.98240060571903,ALL
2025-05-27,204.7400054931641,207.3999938964844,203.0500030517578,207.25,205.24166870117188,1095400.0,0.0197303885799327,0.0195382674345558,4.349990844726591,59.54395644250217,ALL
2025-05-28,206.5399932861328,207.8699951171875,204.69000244140625,204.92999267578125,202.9441375732422,931100.0,-0.0111942723057609,-0.0112573997244529,3.17999267578125,51.56361358512218,ALL
2025-05-29,204.9600067138672,206.7899932861328,204.0,206.759994506836,204.7563934326172,839000.0,0.0089298261139518,0.0088901909984427,2.7899932861328125,57.42465750396396,ALL
2025-05-30,206.1499938964844,210.38999938964844,205.0,209.8699951171875,207.83627319335932,2491900.0,0.0150416781088484,0.0149296738269279,5.3899993896484375,61.6725920928645,ALL
2025-06-02,208.42999267578125,212.6699981689453,206.9199981689453,212.63999938964844,210.5794219970703,1567800.0,0.0131986046591534,0.0131122619821306,5.75,65.10862500074543,ALL
2025-06-03,211.88999938964844,213.17999267578125,207.2400054931641,211.259994506836,209.2127990722656,1263500.0,-0.0064898218061578,-0.0065109722577986,5.939987182617159,62.46417288140981,ALL
2025-06-04,211.0599975585937,212.4499969482422,206.7100067138672,206.7899932861328,204.7861175537109,1346600.0,-0.0211587509855247,-0.0213858058675102,5.739990234375,58.28877071440809,ALL
2025-06-05,207.5399932861328,207.5399932861328,204.88999938964844,206.6499938964844,204.64747619628903,1000000.0,-0.0006770056441228,-0.0006772349159286,2.649993896484375,52.09983278987695,ALL
2025-06-06,208.0500030517578,209.19000244140625,207.0399932861328,208.0599975585937,206.04380798339844,1174000.0,0.0068231077805724,0.0067999357245889,2.150009155273437,48.359578825193495,ALL
2025-06-09,206.1000061035156,206.9600067138672,197.1999969482422,200.7700042724609,199.78468322753903,2427000.0,-0.0303776406440892,-0.0308486035411516,9.760009765625,38.56824180034727,ALL
2025-06-10,200.0399932861328,200.1999969482422,195.47000122070312,196.3999938964844,195.4361114501953,1303100.0,-0.0217662921255632,-0.0220066723881469,4.729995727539063,36.000682463726115,ALL
2025-06-11,195.8999938964844,197.1199951171875,193.509994506836,196.17999267578125,195.2171936035156,1904000.0,-0.0011201504422866,-0.0011207782796853,3.610000610351534,38.598135014762846,ALL
2025-06-12,196.1699981689453,200.4900054931641,195.63999938964844,200.32000732421875,199.3368988037109,1088900.0,0.0211031883214263,0.0208836000124652,4.850006103515653,48.34569825294581,ALL
2025-06-13,200.38999938964844,201.6699981689453,198.44000244140625,198.9199981689453,197.9437561035156,1330200.0,-0.006988885191633,-0.007013421839117,3.2299957275390625,45.57277568646214,ALL
2025-06-16,199.5,201.8500061035156,199.1499938964844,199.6100006103516,198.63037109375,1199800.0,0.0034687378058813,0.0034627356109206,2.700012207031193,40.35893378144801,ALL
2025-06-17,198.7400054931641,199.3699951171875,197.0,198.19000244140625,197.21734619140625,1060800.0,-0.0071138411239076,-0.0071392651383604,2.3699951171875,41.42764279191644,ALL
2025-06-18,195.4499969482422,196.72999572753903,191.0,195.6699981689453,194.709701538086,3093600.0,-0.0127151323235357,-0.012796661458325,5.729995727539034,35.26793905085816,ALL
2025-06-20,196.07000732421875,198.41000366210932,195.1999969482422,195.3300018310547,194.37136840820312,3101500.0,-0.0017376285167621,-0.0017391399443134,3.210006713867159,28.52932875259141,ALL
2025-06-23,196.0599975585937,198.42999267578125,194.83999633789065,198.3300018310547,197.35665893554688,1448000.0,0.0153586948108235,0.0152419439671223,3.5899963378905966,29.07701140933025,ALL
2025-06-24,198.0200042724609,198.0200042724609,195.3800048828125,196.0500030517578,195.0878448486328,1771600.0,-0.0114960098085923,-0.0115625997671616,2.639999389648409,28.269862322327825,ALL
2025-06-25,195.0,195.75,190.33999633789065,190.94000244140625,190.0029144287109,2291400.0,-0.0260648244070114,-0.0264105323871336,5.410003662109347,27.708670598965423,ALL
2025-06-26,191.97999572753903,194.4499969482422,191.27999877929688,194.1499938964844,193.19715881347656,1611600.0,0.0168115546773053,0.016671804594576,3.1699981689453125,34.19106029158597,ALL
2025-06-27,194.27999877929688,196.1699981689453,192.94000244140625,195.759994506836,194.7992553710937,3249500.0,0.0082925471961206,0.0082583529349111,3.2299957275390625,34.56286127621708,ALL
2025-06-30,196.47000122070312,201.92999267578125,196.22999572753903,201.3099975585937,200.322021484375,2385800.0,0.028351063779789,0.0279566104658417,5.699996948242216,50.75290997621222,ALL
2025-07-01,201.32000732421875,201.9900054931641,197.72000122070312,200.13999938964844,199.1577606201172,1533500.0,-0.0058119464631531,-0.0058289015506224,4.270004272460966,55.72565174237734,ALL
2025-07-02,200.25,200.25,192.2700042724609,194.69000244140625,193.7345123291016,1516100.0,-0.0272309162049685,-0.0276085489135808,7.979995727539091,48.03379392038056,ALL
2025-07-03,195.8500061035156,198.0,195.42999267578125,198.0,197.0282745361328,963000.0,0.0170014220359253,0.0168585153308586,2.57000732421875,46.86993141480147,ALL
2025-07-07,197.38999938964844,198.5,193.57000732421875,194.5399932861328,193.5852508544922,1597800.0,-0.0174747694956299,-0.0176292556657771,4.92999267578125,44.40184557082996,ALL
2025-07-08,193.1999969482422,195.5599975585937,192.3000030517578,193.3999938964844,192.45083618164065,2182200.0,-0.0058600263596745,-0.0058772636879292,3.259994506835909,42.15314182789936,ALL
2025-07-09,194.5,194.5,192.22000122070312,194.08999633789065,193.137451171875,1018300.0,0.0035677423068523,0.0035613930115531,2.279998779296875,44.72192283245095,ALL
2025-07-10,193.7899932861328,194.72000122070312,192.6100006103516,194.67999267578125,193.7245635986328,1379200.0,0.0030398683590131,0.0030352573015015,2.110000610351534,48.65890673541976,ALL
2025-07-11,193.8300018310547,194.19000244140625,192.33999633789065,193.3300018310547,192.38119506835932,1049200.0,-0.006934425378584,-0.0069585802377302,1.8500061035155968,47.36288745505331,ALL
2025-07-14,192.57000732421875,196.38999938964844,192.5,196.1999969482422,195.2371063232422,1287100.0,0.01484506452862,0.0147359550575863,3.8899993896484375,47.18178841308802,ALL
2025-07-15,195.1100006103516,196.1999969482422,191.47999572753903,192.42999267578125,191.485595703125,1964400.0,-0.0192151517238021,-0.019402162251289,4.720001220703153,45.392042466826695,ALL
2025-07-16,193.7899932861328,196.1999969482422,193.17999267578125,195.6199951171875,194.65994262695312,1448200.0,0.0165774710738533,0.016441564732433,3.020004272460937,56.26337264115131,ALL
2025-07-17,193.259994506836,194.0399932861328,189.1000061035156,193.0200042724609,192.0727081298828,2082100.0,-0.0132910472599311,-0.0133801637436708,4.939987182617216,48.46259122184066,ALL
2025-07-18,193.27999877929688,194.83999633789065,192.91000366210932,194.0800018310547,193.1275177001953,1617500.0,0.0054917201958708,0.0054766956823653,1.9299926757813068,47.67958494774786,ALL
2025-07-21,193.4499969482422,195.259994506836,192.72999572753903,192.9199981689453,191.97320556640625,1211400.0,-0.0059769428382597,-0.005994876254815,2.529998779296932,36.81235514386308,ALL
2025-07-22,193.38999938964844,197.6999969482422,193.25,197.42999267578125,196.4610595703125,1413500.0,0.0233775020355839,0.0231084335978516,4.449996948242188,46.14509439699304,ALL
2025-07-23,198.33999633789065,198.47000122070312,195.8999938964844,197.6100006103516,196.6401824951172,1742600.0,0.0009117477285141,0.0009113323390216,2.5700073242187216,54.88620594804081,ALL
2025-07-24,196.759994506836,196.8300018310547,193.83999633789065,193.94000244140625,192.9882049560547,1601000.0,-0.0185718783044416,-0.018746501064405,2.990005493164034,43.28705065301478,ALL
2025-07-25,194.27999877929688,196.7100067138672,194.27999877929688,195.6999969482422,194.7395477294922,1370900.0,0.0090748694918236,0.0090339402953967,2.4300079345703125,52.032217612337725,ALL
2025-07-28,195.1199951171875,195.72999572753903,191.5500030517578,192.0,191.0577087402344,1583600.0,-0.0189064780738431,-0.0190874907026402,4.179992675781222,47.74919804394709,ALL
2025-07-29,193.4199981689453,194.5500030517578,192.25,193.8999938964844,192.9483795166016,1419200.0,0.0098958099562356,0.0098471670727956,2.3000030517578125,49.7059668023208,ALL
2025-07-30,195.009994506836,195.009994506836,191.47000122070312,192.27999877929688,191.3363342285156,1892000.0,-0.0083548008650017,-0.0083898978359306,3.539993286132841,46.40070461240565,ALL
2025-07-31,197.08999633789065,207.08999633789065,196.6699981689453,203.25,202.25250244140625,4538200.0,0.0570522491554235,0.0554841372230935,10.41999816894534,61.54561951564959,ALL
2025-08-01,202.0,203.17999267578125,198.2700042724609,199.7700042724609,198.78958129882807,2041500.0,-0.0171217715517829,-0.0172700439771695,4.909988403320341,54.0968519269976,ALL
2025-08-04,201.4499969482422,203.3300018310547,199.22999572753903,203.02999877929688,202.03358459472656,1531300.0,0.0163187792574601,0.016187059055867,4.100006103515653,62.30842671401487,ALL
2025-08-05,203.9900054931641,207.1999969482422,203.9600067138672,205.5500030517578,204.5412139892578,1785600.0,0.0124119432893372,0.0123355466257049,3.239990234375,61.71268270008153,ALL
2025-08-06,206.9600067138672,209.83999633789065,205.3699951171875,209.009994506836,207.98423767089844,1422200.0,0.0168329091946302,0.0166928058243436,4.470001220703153,68.48556294583969,ALL
2025-08-07,209.27999877929688,209.8600006103516,203.8999938964844,205.0,203.9939117431641,1213300.0,-0.0191857131695162,-0.0193721473988542,5.960006713867188,61.81817397313288,ALL
2025-08-08,205.8300018310547,207.63999938964844,205.1000061035156,206.8000030517578,205.7850799560547,1189400.0,0.0087804983863721,0.0087421739852579,2.539993286132841,64.81639892635427,ALL
2025-08-11,207.08999633789065,208.2899932861328,206.0,206.5,205.486557006836,843800.0,-0.0014506539992231,-0.0014517072164282,2.2899932861328125,60.6380663626714,ALL
2025-08-12,207.16000366210932,207.5200042724609,205.1499938964844,206.759994506836,205.74526977539065,1246100.0,0.0012590252731037,0.0012582333654027,2.3700103759765057,60.71177893392569,ALL
2025-08-13,207.2899932861328,209.97000122070312,206.7400054931641,208.8099975585937,207.78521728515625,975500.0,0.0099149181509377,0.0098660878503088,3.229995727539034,68.09442402516439,ALL
2025-08-14,208.6499938964844,209.72999572753903,207.3300018310547,208.6999969482422,207.67575073242188,879300.0,-0.0005268255084005,-0.0005269643297172,2.3999938964843466,66.48073233270671,ALL
2025-08-15,209.8300018310547,209.8300018310547,206.4900054931641,206.77999877929688,205.7651824951172,1049500.0,-0.0091997656470077,-0.0092423448379009,3.3399963378905966,69.62295595269158,ALL
2025-08-18,206.1199951171875,207.8000030517578,205.5399932861328,207.08999633789065,206.0736541748047,922000.0,0.0014991441989697,0.0014980216041194,2.260009765625,68.28390473591168,ALL
2025-08-19,207.1999969482422,210.47000122070312,207.1999969482422,210.3800048828125,209.34751892089844,1324500.0,0.0158868670485974,0.0157619916261498,3.270004272460937,73.97987397158532,ALL
2025-08-20,210.3699951171875,214.759994506836,210.3000030517578,213.6199951171875,212.5716094970703,1720000.0,0.0154006629397414,0.0152832764162514,4.459991455078153,67.27757586162672,ALL
2025-08-21,212.7400054931641,212.9900054931641,206.42999267578125,206.5500030517578,205.53631591796875,1991800.0,-0.0330961109799496,-0.0336561793473986,6.560012817382841,60.089302583696174,ALL
2025-08-22,208.2100067138672,209.009994506836,204.94000244140625,205.5200042724609,204.5113677978516,1278600.0,-0.0049867008442743,-0.0049991759272143,4.069992065429716,53.96876683348216,ALL
2025-08-25,205.75,205.75,202.009994506836,202.0800018310547,201.08824157714844,1068800.0,-0.0167380730839702,-0.016879737648664,3.740005493164034,44.6268161985248,ALL
2025-08-26,201.17999267578125,203.17999267578125,201.17999267578125,203.17999267578125,202.182846069336,1498100.0,0.0054434037694222,0.0054286419924356,2.0,40.2606019060735,ALL
2025-08-27,202.72000122070312,204.4499969482422,202.6000061035156,203.8099975585937,202.80975341796875,859500.0,0.0031006950432272,0.0030958978023143,1.849990844726591,47.758947604914,ALL
2025-08-28,203.1499938964844,204.259994506836,202.8300018310547,203.759994506836,202.759994506836,1016000.0,-0.0002453477226523,-0.0002453778253287,1.4299926757812784,43.870956572494215,ALL
2025-08-29,203.3500061035156,204.8699951171875,202.97999572753903,203.4499969482422,203.4499969482422,993200.0,0.0034030502076334,0.0033972729354635,1.889999389648466,45.93821440657533,ALL
2025-09-02,204.32000732421875,205.13999938964844,202.0399932861328,203.33999633789065,203.33999633789065,1100100.0,-0.0005406763922415,-0.0005408226104289,3.100006103515625,45.1742134891313,ALL
2025-09-03,202.17999267578125,204.6100006103516,201.9900054931641,204.57000732421875,204.57000732421875,1057800.0,0.0060490361388823,0.0060308141664344,2.6199951171875,43.33251484356506,ALL
2025-09-04,206.1999969482422,208.4600067138672,205.6300048828125,208.3300018310547,208.3300018310547,1213900.0,0.0183799891099225,0.0182131187258275,2.8300018310546875,51.17833643969095,ALL
2025-09-05,207.94000244140625,208.1499938964844,200.8000030517578,201.52999877929688,201.52999877929688,1405000.0,-0.0326405366101435,-0.0331851221072739,7.349990844726591,43.514480884148696,ALL
2025-09-08,201.0399932861328,201.0399932861328,198.0,200.3099975585937,200.3099975585937,1536600.0,-0.0060536953708774,-0.0060720932724723,3.0399932861328125,41.4135742664779,ALL
2025-09-09,200.5599975585937,201.77999877929688,200.009994506836,200.1199951171875,200.1199951171875,1541100.0,-0.0009485419785432,-0.000948992129166,1.770004272460909,34.862362356098075,ALL
2025-09-10,199.1999969482422,200.9900054931641,198.5800018310547,200.02999877929688,200.02999877929688,1176100.0,-0.0004497118733084,-0.0004498130240198,2.4100036621094034,27.067524004510915,ALL
2025-09-11,199.6699981689453,202.759994506836,199.6699981689453,202.47000122070312,202.47000122070312,1293000.0,0.0121981825540999,0.0121243842559203,3.0899963378906534,43.26065697141727,ALL
2025-09-12,201.63999938964844,202.57000732421875,200.25,200.38999938964844,200.38999938964844,1136400.0,-0.0102731358646428,-0.0103262687322474,2.32000732421875,41.343268083120535,ALL
2025-09-15,200.47000122070312,201.0399932861328,196.69000244140625,196.88999938964844,196.88999938964844,1542400.0,-0.0174659414674402,-0.0176202706664552,4.3499908447265625,41.21018424570179,ALL
2025-09-16,198.0500030517578,198.5500030517578,194.77999877929688,196.3000030517578,196.3000030517578,1489200.0,-0.0029965784941824,-0.0030010772249661,3.7700042724609375,37.41728208750037,ALL
2025-09-17,196.7100067138672,199.1199951171875,196.1999969482422,197.25,197.25,1628100.0,0.004839515707963,0.0048278428971708,2.9199981689453125,38.27044762127953,ALL
2025-09-18,199.0,207.2700042724609,198.19000244140625,205.67999267578125,205.67999267578125,2215700.0,0.0427376054538972,0.0418495676218736,9.08000183105466,54.55111908085775,ALL
2025-09-19,206.3800048828125,206.4900054931641,203.8999938964844,206.0399932861328,206.0399932861328,3162100.0,0.0017502947450949,0.0017487647642656,2.5900115966796875,54.07873439037895,ALL
2025-09-22,204.22999572753903,207.0399932861328,204.22999572753903,206.4600067138672,206.4600067138672,1821900.0,0.0020385043749786,0.0020364294442936,2.8099975585937784,54.8658907183669,ALL
2025-09-23,205.66000366210932,209.22999572753903,205.66000366210932,207.72999572753903,207.72999572753903,1241500.0,0.0061512591900276,0.0061324174228007,3.5699920654296875,54.92210172053588,ALL
2025-09-24,207.25,209.58999633789065,207.1100006103516,209.41000366210932,209.41000366210932,967900.0,0.0080874595346058,0.0080549312965916,2.4799957275390625,51.79880359318504,ALL
2025-09-25,209.42999267578125,210.6000061035156,208.1699981689453,209.82000732421875,209.82000732421875,1227000.0,0.0019578991210513,0.0019559849346825,2.430007934570284,67.54127556476234,ALL
