Date,Open,High,Low,Raw_Close,Adj_Close,Volume,Return,LogReturn,Volatility,RSI_14,Ticker
2015-01-22,76.95999908447266,77.16000366210938,74.75,76.19999694824219,62.65460968017578,7580300.0,-0.0130810610213969,-0.0131673716158258,2.410003662109375,22.72300749072106,COF
2015-01-23,76.62999725341797,78.72000122070312,76.62999725341797,77.5999984741211,63.80574798583984,4822800.0,0.0183727631780026,0.0182060231842485,2.090003967285156,31.09030158896458,COF
2015-01-26,77.2300033569336,78.30000305175781,76.5,78.19000244140625,64.29087829589844,4297900.0,0.0076032383503483,0.0075744794156754,1.8000030517578125,39.6730498498364,COF
2015-01-27,77.27999877929688,77.58000183105469,76.69999694824219,76.7699966430664,63.123291015625,3205600.0,-0.0181610099476262,-0.0183279453209149,0.8800048828125,39.94792889512125,COF
2015-01-28,76.66000366210938,76.83999633789062,74.43000030517578,74.44999694824219,61.21567535400391,4404900.0,-0.0302204722049249,-0.0306865242521196,2.409996032714844,28.62634278497397,COF
2015-01-29,74.19999694824219,75.25,73.9000015258789,74.95999908447266,61.63502502441406,4577700.0,0.0068503641916077,0.0068270070560796,1.3499984741210938,27.107829839568765,COF
2015-01-30,74.5,74.91000366210938,73.11000061035156,73.20999908447266,60.19610595703125,4937800.0,-0.0233458016251772,-0.0236226318897454,1.8000030517578125,26.38026507351208,COF
2015-02-02,73.69999694824219,74.5199966430664,72.7699966430664,74.41999816894531,61.19102096557617,3552000.0,0.0165278964930906,0.016392797382188,1.75,33.35716275461451,COF
2015-02-03,74.69000244140625,75.5999984741211,74.54000091552734,75.51000213623047,62.087249755859375,2830800.0,0.0146464101454915,0.0145401874121027,1.05999755859375,39.97211172884017,COF
2015-02-04,75.73999786376953,76.08000183105469,75.08000183105469,75.30000305175781,61.91460418701172,3317900.0,-0.0027806928077268,-0.0027845661159588,1.0,44.39282349150442,COF
2015-02-05,75.44999694824219,75.95999908447266,75.41000366210938,75.77999877929688,62.5584831237793,3303500.0,0.0103994678674317,0.010345765398653,0.5499954223632812,46.79244803656297,COF
2015-02-06,76.31999969482422,77.51000213623047,76.06999969482422,76.22000122070312,62.92173004150391,3805300.0,0.0058065173512262,0.0057897245033023,1.44000244140625,49.541881637042266,COF
2015-02-09,75.69000244140625,77.04000091552734,75.29000091552734,76.72000122070312,63.334503173828125,2441500.0,0.0065601046260479,0.0065386807837512,1.75,48.64687671489616,COF
2015-02-10,77.41999816894531,77.5999984741211,76.75,77.05999755859375,63.61518096923828,2063000.0,0.0044316728062081,0.0044218818604651,0.8499984741210938,50.58273385719588,COF
2015-02-11,77.0999984741211,77.58000183105469,76.9000015258789,77.31999969482422,63.82978820800781,1923300.0,0.0033735224124145,0.0033678448510181,0.6800003051757812,55.57024563860034,COF
2015-02-12,78.02999877929688,79.63999938964844,77.88999938964844,79.29000091552734,65.45610809326172,3961500.0,0.0254790111468656,0.0251598313748364,1.75,57.48537639349893,COF
2015-02-13,79.38999938964844,79.70999908447266,78.6500015258789,78.87999725341797,65.11763763427734,3216000.0,-0.0051709530071987,-0.0051843686524647,1.05999755859375,53.80041116615616,COF
2015-02-17,78.79000091552734,80.27999877929688,78.7699966430664,80.0,66.042236328125,3468600.0,0.0141988979858347,0.0140990377935282,1.5100021362304688,63.72426914765701,COF
2015-02-18,79.7300033569336,79.98999786376953,79.2699966430664,79.33999633789062,65.49740600585938,2535300.0,-0.0082497255174504,-0.0082839428218678,0.720001220703125,73.09091537479765,COF
2015-02-19,79.38999938964844,79.75,79.08999633789062,79.41999816894531,65.56343078613281,2190700.0,0.0010080518344119,0.0010075440913537,0.660003662109375,72.02481269002615,COF
2015-02-20,79.19999694824219,80.41999816894531,78.56999969482422,80.38999938964844,66.36418151855469,2590500.0,0.0122133744805685,0.0121393929891159,1.8499984741210935,87.24697587332945,COF
2015-02-23,80.38999938964844,80.38999938964844,79.37999725341797,80.05999755859375,66.09176635742188,2397500.0,-0.0041048522696938,-0.0041133003023146,1.0100021362304688,82.42319466773003,COF
2015-02-24,79.83999633789062,80.81999969482422,79.62000274658203,80.5,66.45500183105469,2225300.0,0.0054959262500029,0.0054808787554335,1.1999969482421875,81.0895263665511,COF
2015-02-25,80.18000030517578,80.41999816894531,79.55000305175781,79.66000366210938,65.76155853271484,3103800.0,-0.0104347796137715,-0.0104896036445145,0.8699951171875,75.49248008542186,COF
2015-02-26,79.4800033569336,79.97000122070312,78.72000122070312,79.1500015258789,65.3405532836914,2731700.0,-0.0064019962181096,-0.0064225768811382,1.25,68.99698518850776,COF
2015-02-27,78.86000061035156,79.41000366210938,78.70999908447266,78.70999908447266,64.9772720336914,3329200.0,-0.0055598128840863,-0.0055753261711084,0.7000045776367188,64.03592125580607,COF
2015-03-02,78.70999908447266,79.27999877929688,78.2699966430664,79.1500015258789,65.3405532836914,3486400.0,0.0055908972265199,0.0055753261711084,1.0100021362304688,63.79118809918187,COF
2015-03-03,79.1500015258789,79.41999816894531,78.77999877929688,79.13999938964844,65.332275390625,2257000.0,-0.0001266884446243,-0.0001266964702832,0.6399993896484375,62.26401111625753,COF
2015-03-04,78.94999694824219,78.9800033569336,78.25,78.6500015258789,64.92778778076172,2340500.0,-0.0061912371403693,-0.0062104823244849,0.7300033569335938,57.635153846888414,COF
2015-03-05,78.6500015258789,78.97000122070312,78.19999694824219,78.88999938964844,65.12588500976562,2042100.0,0.0030510392510647,0.0030463942764106,0.7700042724609375,47.13457431384829,COF
2015-03-06,79.55000305175781,80.70999908447266,78.76000213623047,78.9800033569336,65.20018005371094,3088700.0,0.0011407913141474,0.0011401411061903,1.9499969482421875,50.75065532299896,COF
2015-03-09,78.87000274658203,80.0199966430664,78.62000274658203,79.83999633789062,65.91015625,3048100.0,0.0108891753934452,0.0108303152299972,1.399993896484375,48.750046931001314,COF
2015-03-10,79.0199966430664,79.11000061035156,77.69999694824219,77.72000122070312,64.16002655029297,2864700.0,-0.0265532627941089,-0.0269121683468084,1.410003662109375,39.69455147462571,COF
2015-03-11,78.05000305175781,78.52999877929688,77.72000122070312,78.2300033569336,64.58104705810547,2259600.0,0.0065620376182742,0.0065406011761464,0.80999755859375,42.82271127526011,COF
2015-03-12,79.04000091552734,81.5199966430664,79.04000091552734,81.44999694824219,67.23925018310547,4562500.0,0.0411607312995148,0.0403361785783324,2.4799957275390625,55.02846615933509,COF
2015-03-13,81.4000015258789,81.4000015258789,79.2699966430664,80.0,66.042236328125,2770500.0,-0.017802308201248,-0.0179626754115685,2.1300048828125,49.742721132217234,COF
2015-03-16,80.63999938964844,81.7699966430664,80.52999877929688,81.47000122070312,67.25577545166016,2888900.0,0.0183751973132131,0.0182084134016517,1.2399978637695312,53.82192486146482,COF
2015-03-17,81.0,81.6500015258789,80.66999816894531,81.5,67.28053283691406,2201300.0,0.0003681079444499,0.0003680402093426,0.9800033569335938,57.74404867943345,COF
2015-03-18,80.97000122070312,81.91000366210938,80.51000213623047,81.62000274658203,67.37960052490234,2175900.0,0.0014724569472186,0.0014713739454732,1.4000015258789062,60.74831453082748,COF
2015-03-19,81.4800033569336,81.58999633789062,80.52999877929688,80.62000274658203,66.55403137207031,2653800.0,-0.0122525088661947,-0.0123281896748242,1.05999755859375,57.92523317178824,COF
2015-03-20,80.97000122070312,81.44999694824219,80.76000213623047,81.12999725341797,66.9750747680664,3649600.0,0.0063263394766013,0.0063064121913699,0.6899948120117188,58.16813299599371,COF
2015-03-23,81.2699966430664,81.98999786376953,81.18000030517578,81.25,67.07413482666016,1731500.0,0.0014790585742052,0.0014779658444138,0.80999755859375,58.62626073328261,COF
2015-03-24,80.94000244140625,80.95999908447266,80.12999725341797,80.13999938964844,66.15779876708984,2118100.0,-0.0136615412474332,-0.0137557188263299,0.8300018310546875,55.79750378660928,COF
2015-03-25,80.18000030517578,80.18000030517578,78.83999633789062,78.83999633789062,65.08463287353516,1918300.0,-0.0162213059314865,-0.0163543116265885,1.3400039672851562,49.82038012840147,COF
2015-03-26,78.80000305175781,78.9000015258789,77.88999938964844,78.51000213623047,64.81219482421875,2291100.0,-0.0041859043723235,-0.0041946897952286,1.0100021362304688,48.33929203562943,COF
2015-03-27,78.47000122070312,79.0199966430664,78.05000305175781,78.6500015258789,64.92778778076172,2636300.0,0.0017835062808237,0.0017819177220195,0.9699935913085938,45.569703004499765,COF
2015-03-30,79.19000244140625,79.61000061035156,79.05999755859375,79.19999694824219,65.38180541992188,1962700.0,0.0069926552971928,0.0069683200625502,0.5500030517578125,56.2394072171576,COF
2015-03-31,78.58000183105469,79.19000244140625,78.44999694824219,78.81999969482422,65.06812286376953,2666700.0,-0.0047977041034227,-0.0048092500298496,0.7400054931640625,52.514981477016846,COF
2015-04-01,78.83000183105469,80.04000091552734,78.56999969482422,79.87000274658203,65.9349365234375,3607600.0,0.0133216331057033,0.0132336804060954,1.470001220703125,41.73658419636652,COF
2015-04-02,79.63999938964844,80.44000244140625,79.45999908447266,80.30999755859375,66.29814910888672,1968500.0,0.0055086514767495,0.0054935343474572,0.9800033569335938,51.8128509584984,COF
2015-04-06,79.43000030517578,80.83999633789062,79.13999938964844,80.31999969482422,66.3064193725586,2099300.0,0.0001247435076701,0.0001247357278457,1.6999969482421875,41.89004233753232,COF
2015-04-07,79.86000061035156,80.27999877929688,79.66999816894531,79.66999816894531,65.7697982788086,2301100.0,-0.0080930488907093,-0.0081259753816816,0.6100006103515625,38.1322826604208,COF
2015-04-08,79.66000366210938,81.04000091552734,79.6500015258789,80.19000244140625,66.19908142089844,2564200.0,0.0065270557812879,0.0065058467908542,1.3899993896484375,41.18371677220779,COF
2015-04-09,80.04000091552734,80.41000366210938,79.62000274658203,80.36000061035156,66.33940124511719,1856800.0,0.0021196642190031,0.002117420900298,0.7900009155273438,48.21434918829438,COF
2015-04-10,80.2300033569336,80.66000366210938,80.01000213623047,80.61000061035156,66.54582214355469,2233400.0,0.0031115882049461,0.0031067572331033,0.6500015258789062,46.29650352228101,COF
2015-04-13,80.61000061035156,81.33000183105469,80.43000030517578,81.08999633789062,66.94204711914062,1644200.0,0.0059541675618821,0.0059365115560847,0.9000015258789062,48.91596319797431,COF
2015-04-14,81.08999633789062,81.47000122070312,80.7699966430664,81.3499984741211,67.15670776367188,2773800.0,0.0032066638797167,0.0032015334977792,0.7000045776367188,59.26507239874719,COF
2015-04-15,81.55000305175781,82.95999908447266,81.36000061035156,82.81999969482422,68.3702163696289,3696200.0,0.0180698048842333,0.0179084863906698,1.5999984741210938,79.70117301729181,COF
2015-04-16,82.62000274658203,83.20999908447266,82.5199966430664,83.01000213623047,68.52706909179688,2373400.0,0.0022941674093874,0.0022915398253141,0.69000244140625,84.29865120354795,COF
2015-04-17,82.4000015258789,82.62000274658203,81.81999969482422,82.0,67.69326782226562,2752600.0,-0.0121674730961325,-0.0122421027845557,0.8000030517578125,72.54336374548328,COF
2015-04-20,82.36000061035156,82.63999938964844,82.05000305175781,82.19000244140625,67.85013580322266,1699900.0,0.0023173350320286,0.0023146541520692,0.589996337890625,71.14549278634053,COF
2015-04-21,82.5,82.61000061035156,81.5,81.52999877929688,67.3052749633789,2294900.0,-0.0080303573956571,-0.0080627743788856,1.1100006103515625,68.43487051557383,COF
2015-04-22,81.55000305175781,81.88999938964844,81.04000091552734,81.76000213623047,67.49517822265625,2543200.0,0.0028215211865736,0.0028175481672214,0.8499984741210938,64.4713155123807,COF
2015-04-23,81.68000030517578,82.33999633789062,81.55000305175781,81.86000061035156,67.57772827148438,2361500.0,0.0012230510534516,0.0012223037357883,0.7899932861328125,62.519987399167206,COF
2015-04-24,80.08999633789062,81.05999755859375,79.36000061035156,80.44000244140625,66.40546417236328,3780700.0,-0.0173469000676033,-0.0174991204752687,1.6999969482421875,50.78930984332972,COF
2015-04-27,80.58000183105469,81.06999969482422,80.30000305175781,80.36000061035156,66.33940124511719,2815700.0,-0.0009948417358339,-0.0009953369193203,0.7699966430664062,54.90734033840462,COF
2015-04-28,80.5199966430664,80.91999816894531,80.05999755859375,80.7300033569336,66.64486694335938,1783500.0,0.0046045893165891,0.0045940206257707,0.8600006103515625,53.92433152709757,COF
2015-04-29,80.5999984741211,80.98999786376953,79.83999633789062,80.36000061035156,66.33940124511719,1899900.0,-0.0045834842539606,-0.0045940206257707,1.1500015258789062,50.0,COF
2015-04-30,80.2300033569336,80.8499984741211,79.81999969482422,80.8499984741211,66.74393463134766,4201200.0,0.0060979354446653,0.006079418275859,1.029998779296875,51.63918386104276,COF
2015-05-01,81.23999786376953,81.98999786376953,80.97000122070312,81.93000030517578,67.63548278808594,2840000.0,0.0133577404697915,0.0132693124498837,1.0199966430664062,55.30283759279528,COF
2015-05-04,82.0,82.43000030517578,81.80999755859375,82.26000213623047,67.90792083740234,1934200.0,0.0040280343702137,0.0040199435592024,0.6200027465820312,55.69435335838634,COF
2015-05-05,82.0,83.04000091552734,81.94000244140625,82.2699966430664,67.91616821289062,2760800.0,0.0001214493889163,0.0001214420145363,1.0999984741210938,45.78872360389532,COF
2015-05-06,82.73999786376953,82.98999786376953,82.0,82.63999938964844,68.22161865234375,3283900.0,0.0044974627911229,0.0044873794270766,0.9899978637695312,47.24295795986051,COF
2015-05-07,82.16000366210938,82.31999969482422,81.4000015258789,82.0199966430664,68.03912353515625,3150900.0,-0.002675033527385,-0.0026786178230724,0.9199981689453124,53.537693148119246,COF
2015-05-08,82.58999633789062,83.36000061035156,82.16000366210938,83.16000366210938,68.98483276367188,2767400.0,0.0138994916362638,0.0138037795819166,1.1999969482421875,59.99381799367016,COF
2015-05-11,83.13999938964844,83.66000366210938,83.0,83.30999755859375,69.1092300415039,2109500.0,0.0018032554816533,0.0018016315684145,0.660003662109375,67.1591793133077,COF
2015-05-12,82.88999938964844,83.16000366210938,82.23999786376953,82.91000366210938,68.77741241455078,2438900.0,-0.0048013503659909,-0.0048129138771528,0.9200057983398438,61.87595836542607,COF
2015-05-13,82.9800033569336,83.70999908447266,82.72000122070312,83.6500015258789,69.3912582397461,2172300.0,0.0089251078754664,0.008885514509161,0.9899978637695312,65.29181457573952,COF
2015-05-14,84.12000274658203,84.5,83.75,84.47000122070312,70.07152557373047,2390800.0,0.0098033578182723,0.0097556166681581,0.75,83.70939590535626,COF
2015-05-15,84.62999725341797,84.73999786376953,83.58999633789062,84.02999877929688,69.70654296875,3146200.0,-0.0052087149807581,-0.0052223276268041,1.1500015258789062,79.34756009979839,COF
2015-05-18,84.23999786376953,84.72000122070312,84.0,84.55999755859375,70.14616394042969,1665600.0,0.0063067389796791,0.0062869347246298,0.720001220703125,79.81949317738791,COF
2015-05-19,84.91000366210938,85.55000305175781,84.69000244140625,85.41000366210938,70.85128021240234,2615600.0,0.0100521002484392,0.0100019139271337,0.8600006103515625,85.97720113446805,COF
2015-05-20,85.25,85.68000030517578,84.91999816894531,85.3499984741211,70.80148315429688,2119300.0,-0.0007028392141423,-0.000703086321414,0.7600021362304688,84.29455226873807,COF
2015-05-21,85.2699966430664,85.44000244140625,84.80000305175781,85.11000061035156,70.6024169921875,2156300.0,-0.0028116100573141,-0.0028155700572635,0.6399993896484375,78.40121994326796,COF
2015-05-22,84.9000015258789,85.36000061035156,84.61000061035156,85.0199966430664,70.52777862548828,1740500.0,-0.0010571644694186,-0.0010577236619166,0.75,76.06589382659072,COF
2015-05-26,84.9800033569336,84.9800033569336,83.4800033569336,83.94999694824219,69.64013671875,2833600.0,-0.0125857062853457,-0.0126655771484657,1.5,64.59791203679777,COF
2015-05-27,84.44999694824219,85.05000305175781,84.11000061035156,84.62999725341797,70.20421600341797,2131700.0,0.0080999163879598,0.0080672881375309,0.94000244140625,66.08343782764072,COF
2015-05-28,84.4800033569336,84.72000122070312,83.87999725341797,84.30000305175781,69.93048095703125,1847900.0,-0.0038991254652482,-0.0039067468726114,0.8400039672851562,65.11945334208325,COF
2015-05-29,84.37999725341797,84.5199966430664,83.31999969482422,83.55999755859375,69.31660461425781,2473600.0,-0.0087783801051022,-0.0088171370659973,1.1999969482421875,52.80076359870363,COF
2015-06-01,83.80000305175781,84.04000091552734,83.12999725341797,83.38999938964844,69.17559051513672,2129300.0,-0.0020343480455488,-0.0020364201422548,0.910003662109375,50.55863697203089,COF
2015-06-02,83.44000244140625,84.30000305175781,83.2699966430664,83.94999694824219,69.64013671875,2427900.0,0.00671546422884,0.0066930159433328,1.0300064086914062,57.103853629669096,COF
2015-06-03,84.0,84.91000366210938,83.9800033569336,84.30000305175781,69.93048095703125,2221400.0,0.0041692083324569,0.0041605412649195,0.9300003051757812,54.68993240849001,COF
2015-06-04,83.55000305175781,84.27999877929688,83.05000305175781,83.19000244140625,69.00971221923828,3164000.0,-0.0131669155594501,-0.0132543678920435,1.2299957275390625,41.1356398563094,COF
2015-06-05,83.88999938964844,85.01000213623047,83.7300033569336,84.94000244140625,70.4614028930664,3965400.0,0.0210360343079858,0.0208178317115379,1.279998779296875,55.33399392101197,COF
2015-06-08,85.08000183105469,85.37000274658203,84.69000244140625,84.94000244140625,70.4614028930664,3476700.0,0.0,0.0,0.6800003051757812,52.37510562348032,COF
2015-06-09,84.73999786376953,85.72000122070312,84.58999633789062,85.56999969482422,70.98399353027344,2361700.0,0.0074166936187762,0.0073893251855406,1.1300048828125,51.028181451713,COF
2015-06-10,85.80000305175781,86.98999786376953,85.4000015258789,86.93000030517578,72.11217498779297,4359300.0,0.0158934627570421,0.0157684841670491,1.589996337890625,58.70062202648347,COF
2015-06-11,86.98999786376953,87.94000244140625,86.73999786376953,87.66000366210938,72.71776580810547,2939100.0,0.0083978998056155,0.0083628336297519,1.2000045776367188,63.32302138983472,COF
2015-06-12,87.47000122070312,87.77999877929688,87.12000274658203,87.56999969482422,72.64310455322266,2627500.0,-0.0010267264684649,-0.0010272539131439,0.6599960327148438,63.32283882276963,COF
2015-06-15,86.77999877929688,87.58999633789062,86.77999877929688,87.48999786376953,72.57672119140625,2810100.0,-0.000913828810383,-0.0009142466064791,0.80999755859375,70.62943509486547,COF
2015-06-16,87.37000274658203,88.12000274658203,87.18000030517578,88.06999969482422,73.05785369873047,2250500.0,0.0066292951710416,0.0066074180272792,0.94000244140625,70.28311504639773,COF
2015-06-17,88.48999786376953,88.48999786376953,87.70999908447266,87.83999633789062,72.86705780029297,2870300.0,-0.0026115727300761,-0.0026149888350389,0.779998779296875,71.12166179922889,COF
2015-06-18,88.16000366210938,88.6500015258789,87.70999908447266,88.5199966430664,73.43113708496094,2655700.0,0.0077412112097889,0.0077114017762042,0.94000244140625,79.80776671125211,COF
2015-06-19,88.1500015258789,88.76000213623047,88.0199966430664,88.41999816894531,73.34820556640625,3614800.0,-0.0011293781064392,-0.0011300163344719,0.7400054931640625,80.48509671500094,COF
2015-06-22,89.0,89.5,88.95999908447266,89.31999969482422,74.09477996826172,2140900.0,0.0101784957940047,0.0101270437474404,0.5400009155273438,81.25747470778376,COF
2015-06-23,89.93000030517578,89.98999786376953,89.16999816894531,89.37999725341797,74.14456176757812,1881000.0,0.0006718664842211,0.0006716408829784,0.8199996948242188,80.60262484874542,COF
2015-06-24,89.30999755859375,89.6500015258789,89.06999969482422,89.08999633789062,73.90399169921875,2153800.0,-0.003244608405853,-0.0032498835613398,0.5800018310546875,89.43842163440908,COF
2015-06-25,89.4800033569336,90.0999984741211,88.5199966430664,88.8499984741211,73.70490264892578,2431700.0,-0.0026938876468708,-0.0026975226919341,1.5800018310546875,82.74699745500034,COF
2015-06-26,89.16000366210938,89.31999969482422,88.79000091552734,89.05999755859375,73.87911224365234,3244000.0,0.0023636093185872,0.0023608203878457,0.529998779296875,83.33328372646774,COF
2015-06-29,87.87000274658203,88.55000305175781,87.66000366210938,87.75,72.79241943359375,3131100.0,-0.0147090669751782,-0.0148183179442763,0.8899993896484375,65.8893828564074,COF
2015-06-30,88.5199966430664,88.75,87.70999908447266,87.97000122070312,72.97486877441406,2827500.0,0.0025064332555502,0.0025032973905159,1.0400009155273438,59.09066790582205,COF
2015-07-01,89.01000213623047,89.01000213623047,88.19000244140625,88.5999984741211,73.49751281738281,2728800.0,0.007161973042862,0.0071364479149858,0.8199996948242188,58.36280412465613,COF
2015-07-02,88.72000122070312,89.06999969482422,88.0199966430664,88.31999969482422,73.26522827148438,1903700.0,-0.0031604409046546,-0.0031654456455843,1.0500030517578125,56.45407674639119,COF
2015-07-06,87.41000366210938,88.0,87.25,87.75,72.79241943359375,1999400.0,-0.0064533865388179,-0.0064742996599172,0.75,52.06368578719627,COF
2015-07-07,87.66999816894531,87.95999908447266,86.3499984741211,87.88999938964844,72.90853881835938,2581300.0,0.0015952126013829,0.0015939416012585,1.6100006103515625,48.46416435819162,COF
2015-07-08,87.38999938964844,87.54000091552734,86.12000274658203,86.20999908447266,71.5149154663086,2361700.0,-0.0191146794962216,-0.0192997268579518,1.4199981689453125,38.85080812579736,COF
2015-07-09,87.22000122070312,87.61000061035156,86.69999694824219,86.7300033569336,71.94630432128906,2025700.0,0.0060321522044404,0.0060140316086131,0.910003662109375,37.48279543612765,COF
2015-07-10,87.81999969482422,88.08000183105469,87.0999984741211,87.66999816894531,72.72603607177734,1723600.0,0.0108376901057523,0.0107793832385569,0.9800033569335938,45.30648375062303,COF
2015-07-13,88.52999877929688,89.08999633789062,88.11000061035156,89.02999877929688,73.85421752929688,2058800.0,0.0155127588200472,0.0153936660362309,0.9799957275390624,48.28404402024905,COF
2015-07-14,88.7300033569336,89.22000122070312,88.58000183105469,89.0199966430664,73.8459243774414,1783800.0,-0.0001122908363653,-0.0001122971414532,0.6399993896484375,47.85710609960792,COF
2015-07-15,89.73999786376953,90.55999755859376,89.04000091552734,90.0999984741211,74.74182891845703,2211300.0,0.0121320783586711,0.0120590745614216,1.5199966430664205,55.49515270456767,COF
2015-07-16,90.6500015258789,91.08000183105467,90.51000213623048,90.95999908447266,75.45521545410156,2067300.0,0.0095446759327073,0.0094994132969151,0.5699996948241903,60.75432180134199,COF
2015-07-17,90.62999725341795,91.0199966430664,90.2699966430664,90.98999786376952,75.48013305664062,2401100.0,0.0003302303543777,0.0003301758403353,0.75,60.020877524571205,COF
2015-07-20,91.08000183105467,91.8499984741211,90.58000183105467,91.44000244140624,75.85342407226562,2377100.0,0.0049455532271636,0.0049333641501028,1.2699966430664205,71.0377619678843,COF
2015-07-21,91.41999816894533,92.05999755859376,91.1999969482422,91.70999908447266,76.07738494873047,2522000.0,0.0029525480122225,0.0029481978030377,0.8600006103515625,71.20208385254115,COF
2015-07-22,91.62000274658205,92.0999984741211,91.27999877929688,91.6500015258789,76.0276107788086,2484000.0,-0.0006542571088032,-0.0006544712283834,0.8199996948242188,68.48496064159605,COF
2015-07-23,91.62000274658205,91.8000030517578,90.5999984741211,90.7699966430664,75.2976303100586,2646200.0,-0.0096015179389731,-0.0096479097054164,1.2000045776367043,63.84213200976465,COF
2015-07-24,83.54000091552734,83.9000015258789,78.2300033569336,78.86000061035156,65.41775512695312,16800000.0,-0.1312109709485196,-0.1406549575853725,5.6699981689453125,27.984010932695583,COF
2015-07-27,78.04000091552734,79.37999725341797,77.94999694824219,78.61000061035156,65.21041107177734,7195600.0,-0.003169537914797,-0.0031745715390831,1.4300003051757812,27.142855201166,COF
2015-07-28,79.25,79.25,77.80000305175781,78.6500015258789,65.24358367919922,7524100.0,0.0005087010935318,0.0005085717489938,1.4499969482421875,29.74271646072484,COF
2015-07-29,78.94000244140625,79.73999786376953,78.88999938964844,79.62000274658203,66.04820251464844,4626500.0,0.0123325358613883,0.0122571096389076,0.8499984741210938,31.396855342885047,COF
2015-07-30,80.22000122070312,81.58000183105469,80.11000061035156,81.5,67.60778045654297,4276500.0,0.0236127234734153,0.0233382553487671,1.470001220703125,34.61348626117304,COF
2015-07-31,81.58000183105469,81.5999984741211,80.9000015258789,81.30000305175781,67.44183349609375,3677200.0,-0.0024545541848676,-0.0024575715415123,0.6999969482421875,29.539355296060577,COF
2015-08-03,81.45999908447266,81.69999694824219,80.79000091552734,81.62999725341797,67.71558380126953,3392900.0,0.0040590578723165,0.0040508421215457,0.9099960327148438,30.765146517112584,COF
2015-08-04,81.62999725341797,81.91999816894531,81.26000213623047,81.37999725341797,67.50822448730469,2088400.0,-0.0030622096469462,-0.0030669078045209,0.6599960327148438,26.2785289992389,COF
2015-08-05,81.94999694824219,82.22000122070312,81.33000183105469,81.86000061035156,67.90641784667969,3937500.0,0.0058984421883274,0.0058811144824632,0.8899993896484375,24.722349392173054,COF
2015-08-06,81.54000091552734,81.83000183105469,80.86000061035156,81.13999938964844,67.63965606689453,3196300.0,-0.0039283736095085,-0.0039361099365517,0.970001220703125,24.16409606629007,COF
2015-08-07,81.0,81.62999725341797,80.2699966430664,80.81999969482422,67.37285614013672,2879000.0,-0.0039444305644302,-0.0039522303478946,1.3600006103515625,21.857361243257174,COF
2015-08-10,81.47000122070312,82.66999816894531,81.30000305175781,82.48999786376953,68.76502227783203,2303100.0,0.0206636057524352,0.0204530096266691,1.3699951171875,27.480079849774143,COF
2015-08-11,81.70999908447266,81.91999816894531,80.43000030517578,80.87000274658203,67.41456604003906,2543800.0,-0.0196387086495326,-0.0198341106142974,1.4899978637695312,25.44182478934984,COF
2015-08-12,80.44000244140625,80.88999938964844,79.12999725341797,80.62000274658203,67.20613861083984,3122100.0,-0.0030917269285013,-0.0030965161901418,1.7600021362304688,26.22170665408737,COF
2015-08-13,80.9800033569336,81.41999816894531,80.37999725341797,80.76000213623047,67.32288360595703,2448700.0,0.001737118030143,0.0017356109856414,1.0400009155273438,63.136425569075534,COF
2015-08-14,80.33000183105469,81.36000061035156,80.30000305175781,81.2699966430664,67.7480239868164,1967000.0,0.0063149460939275,0.0062950903698853,1.05999755859375,66.98737068331508,COF
2015-08-17,80.69000244140625,81.77999877929688,80.5,81.6500015258789,68.0647964477539,2020200.0,0.0046757446534402,0.0046648473149866,1.279998779296875,68.19499608330939,COF
2015-08-18,81.61000061035156,82.08000183105469,80.88999938964844,81.26000213623047,67.73966217041016,2414600.0,-0.0047768346386419,-0.0047882801767326,1.19000244140625,61.62797894089794,COF
2015-08-19,80.66000366210938,80.87000274658203,79.73999786376953,80.12000274658203,66.78933715820312,4639000.0,-0.0140290781169876,-0.0141284158052291,1.1300048828125,43.859199208665295,COF
2015-08-20,79.30000305175781,79.7699966430664,79.01000213623047,79.04000091552734,65.88903045654297,2895600.0,-0.0134797969251829,-0.0135714741804453,0.7599945068359375,39.505731065313,COF
2015-08-21,78.29000091552734,78.81999969482422,76.62000274658203,76.62000274658203,63.871700286865234,4220400.0,-0.0306170868762177,-0.0310955819653407,2.1999969482421875,28.976602952890858,COF
2015-08-24,71.79000091552734,75.87000274658203,67.7300033569336,73.52999877929688,61.29581451416016,4382600.0,-0.0403290621845991,-0.0411648263893427,8.139999389648438,23.01403131311325,COF
2015-08-25,75.79000091552734,75.8499984741211,72.19999694824219,72.25,60.228782653808594,3577000.0,-0.0174079073556493,-0.0175612066600319,3.650001525878906,18.480759075473443,COF
2015-08-26,73.62000274658203,74.91000366210938,72.44999694824219,74.75,62.31282424926758,3699900.0,0.0346020873016466,0.0340168960815179,2.4600067138671875,30.970928956982817,COF
2015-08-27,75.80999755859375,77.62999725341797,75.55000305175781,77.36000061035156,64.48857116699219,4724900.0,0.0349165190943849,0.0343207655844894,2.079994201660156,40.93306350301975,COF
2015-08-28,77.06999969482422,77.5199966430664,76.75,77.31999969482422,64.45520782470703,2262200.0,-0.0005173527910667,-0.000517486664197,0.7699966430664062,35.1862885266743,COF
2015-08-31,77.0199966430664,78.11000061035156,76.66999816894531,77.75,64.81371307373047,2674300.0,0.0055620835169507,0.0055466722498532,1.44000244140625,40.40612411342927,COF
2015-09-01,75.68000030517578,76.06999969482422,73.86000061035156,74.31999969482422,61.954368591308594,2813000.0,-0.0441163504885016,-0.0451190788693604,2.209999084472656,33.79650771381897,COF
2015-09-02,75.54000091552734,75.94000244140625,74.18000030517578,75.30000305175781,62.77133560180664,2580200.0,0.0131865924723935,0.0131004062038935,1.7600021362304688,36.538577397474015,COF
2015-09-03,75.98999786376953,77.3499984741211,75.69000244140625,76.16000366210938,63.48823928833008,2940000.0,0.0114208767369736,0.011356150875446,1.6599960327148438,37.61521898788957,COF
2015-09-04,74.94999694824219,75.31999969482422,74.16999816894531,74.83000183105469,62.3795280456543,2249800.0,-0.0174632539050358,-0.0176175353325445,1.1500015258789062,34.19845563857321,COF
2015-09-08,76.0,76.80000305175781,75.70999908447266,76.79000091552734,64.01343536376953,2613000.0,0.026193005450753,0.0258558435316868,1.0900039672851562,40.34574749869143,COF
2015-09-09,77.5199966430664,77.9800033569336,75.69000244140625,75.86000061035156,63.23815155029297,2254200.0,-0.0121112670968345,-0.012185206095274,2.290000915527344,40.71504344846048,COF
2015-09-10,75.45999908447266,76.43000030517578,75.38999938964844,75.87000274658203,63.24648284912109,2530900.0,0.0001317448189719,0.0001317361413854,1.0400009155273438,42.75273892920211,COF
2015-09-11,75.58999633789062,75.88999938964844,74.91000366210938,75.6500015258789,63.06307220458984,2324400.0,-0.0028999342930861,-0.0029041472493738,0.9799957275390624,47.5342847219104,COF
2015-09-14,75.80999755859375,76.33999633789062,75.29000091552734,75.76000213623047,63.154781341552734,2658200.0,0.0014542446753207,0.0014531882855749,1.0499954223632812,56.68055922267486,COF
2015-09-15,76.0,76.80000305175781,75.91999816894531,76.36000061035156,63.65494155883789,3328300.0,0.0079195938400957,0.0078883984517615,0.8800048828125,62.83553059372477,COF
2015-09-16,76.58000183105469,77.41000366210938,76.19000244140625,77.27999877929688,64.421875,2869600.0,0.012048293854032,0.0119762909262899,1.220001220703125,58.76632323873606,COF
2015-09-17,77.29000091552734,77.69999694824219,75.55999755859375,75.88999938964844,63.26313400268555,2744500.0,-0.0179867629949369,-0.0181504910799636,2.139999389648437,44.43603836911516,COF
2015-09-18,74.83999633789062,74.87999725341797,73.33999633789062,73.55999755859375,61.320838928222656,4956100.0,-0.0307018472145316,-0.0311830232055305,1.5400009155273438,37.87121931403252,COF
2015-09-21,74.20999908447266,75.0199966430664,74.08000183105469,74.58000183105469,62.17111206054688,2219900.0,0.0138659735774242,0.0137707204738318,0.9399948120117188,40.14908436263737,COF
2015-09-22,73.5199966430664,73.77999877929688,72.94999694824219,73.68000030517578,61.42087173461914,2188000.0,-0.012067346088278,-0.0121407476145057,0.8300018310546875,47.64020206253896,COF
2015-09-23,74.08000183105469,74.08000183105469,73.19000244140625,73.5,61.27079772949219,2097300.0,-0.0024433714613393,-0.0024463613646776,0.8899993896484375,42.94659446804803,COF
2015-09-24,72.5999984741211,73.23999786376953,72.18000030517578,73.12000274658203,60.95404815673828,3693200.0,-0.0051696662111752,-0.0051830751687298,1.05999755859375,37.62217623786066,COF
2015-09-25,74.22000122070312,74.7300033569336,73.83999633789062,74.05000305175781,61.72930908203125,2522200.0,0.0127187766643397,0.0126385723754278,0.8900070190429688,46.71718329238102,COF
2015-09-28,73.58000183105469,73.94999694824219,72.0999984741211,72.16999816894531,60.16210174560547,1993200.0,-0.025388382921039,-0.0257162288007995,1.8499984741210935,30.42359025588844,COF
2015-09-29,72.12000274658203,72.48999786376953,71.04000091552734,71.55000305175781,59.64525985717773,2837800.0,-0.0085908216872675,-0.0086279355075793,1.4499969482421875,31.244486483795484,COF
2015-09-30,72.72000122070312,72.86000061035156,71.76000213623047,72.5199966430664,60.45388412475586,2689600.0,0.0135572259977474,0.0134661490531948,1.0999984741210938,36.54625869318083,COF
2015-10-01,72.62999725341797,73.0199966430664,71.76000213623047,72.94000244140625,60.803993225097656,4221000.0,0.0057913417046833,0.0057746363518858,1.2599945068359375,39.288610842413846,COF
2015-10-02,71.20999908447266,72.87000274658203,70.16999816894531,72.87000274658203,60.74563217163086,3122500.0,-0.0009598227085306,-0.0009602836333075,2.7000045776367188,38.540816889386974,COF
2015-10-05,73.36000061035156,75.63999938964844,73.36000061035156,75.30000305175781,62.77133560180664,2538700.0,0.0333473100494263,0.0328033485858009,2.279998779296875,46.32975190268786,COF
2015-10-06,74.9000015258789,75.69000244140625,74.66999816894531,75.22000122070312,62.70463180541992,2336700.0,-0.0010626473970517,-0.0010632124071034,1.0200042724609375,42.42650089586893,COF
2015-10-07,75.68000030517578,76.16999816894531,74.66000366210938,74.95999908447266,62.48789978027344,2338200.0,-0.0034563957861841,-0.0034623829220212,1.5099945068359375,46.27118277099764,COF
2015-10-08,74.55000305175781,75.26000213623047,73.87000274658203,75.05000305175781,62.562931060791016,2422000.0,0.0012007329544025,0.0012000126511256,1.3899993896484375,57.28251013960377,COF
2015-10-09,75.3499984741211,75.70999908447266,74.23999786376953,74.44999694824219,62.062747955322266,2209500.0,-0.0079948796673662,-0.0080270100849465,1.470001220703125,49.33745131817027,COF
2015-10-12,74.6500015258789,74.87999725341797,74.01000213623047,74.25,61.89602279663086,1729900.0,-0.0026863966579666,-0.0026900114968473,0.8699951171875,53.12833722288806,COF
2015-10-13,74.06999969482422,74.56999969482422,73.62999725341797,73.94000244140625,61.63758850097656,2340900.0,-0.0041752972804637,-0.0041840381731887,0.94000244140625,52.38093351452649,COF
2015-10-14,74.0,74.05000305175781,72.33000183105469,72.55999755859375,60.48719787597656,3287400.0,-0.0186637837880658,-0.0188401500898294,1.720001220703125,47.26550245738785,COF
2015-10-15,73.18000030517578,74.54000091552734,72.62999725341797,74.5199966430664,62.1211051940918,2593300.0,0.027012448509607,0.0266540521091884,1.910003662109375,52.08514104297047,COF
2015-10-16,74.94999694824219,75.08000183105469,74.16000366210938,74.66999816894531,62.24615097045898,2714200.0,0.0020129354746101,0.0020109122346436,0.9199981689453124,63.10262440539198,COF
2015-10-19,74.13999938964844,74.87999725341797,73.97000122070312,74.63999938964844,62.22113800048828,2429300.0,-0.0004018396251129,-0.0004019203842906,0.9099960327148438,67.26236765963806,COF
2015-10-20,74.54000091552734,75.16000366210938,74.41999816894531,74.58000183105469,62.17111206054688,2173500.0,-0.000804002330221,-0.00080432571344,0.7400054931640625,62.81061022148747,COF
2015-10-21,75.01000213623047,75.30000305175781,73.61000061035156,73.68000030517578,61.42087173461914,3235800.0,-0.012067346088278,-0.0121407476145057,1.69000244140625,54.34268751372944,COF
2015-10-22,73.77999877929688,76.37999725341797,73.77999877929688,74.94000244140625,62.47123336791992,4234100.0,0.0171010538215587,0.016956476753054,2.5999984741210938,60.6590999489143,COF
2015-10-23,77.36000061035156,81.41000366210938,77.18000030517578,81.12000274658203,67.62297058105469,6560700.0,0.0824657516011244,0.0792415421502431,4.230003356933594,71.61945267466629,COF
2015-10-26,80.51000213623047,80.93000030517578,79.47000122070312,79.6500015258789,66.39754486083984,3081900.0,-0.0181214417184766,-0.0182876460129125,1.4599990844726562,64.91573417167237,COF
2015-10-27,79.08000183105469,79.58999633789062,78.94000244140625,79.33000183105469,66.13079071044922,1954300.0,-0.0040175303311245,-0.0040256222864943,0.649993896484375,64.65447815705318,COF
2015-10-28,79.33999633789062,81.19000244140625,79.19999694824219,81.13999938964844,67.63965606689453,2264200.0,0.0228163816013,0.0225599807334026,1.9900054931640625,68.31019575243712,COF
2015-10-29,80.87999725341797,81.41000366210938,79.93000030517578,80.19999694824219,66.85603332519531,2011900.0,-0.0115852561539376,-0.0116528880970453,1.4800033569335938,66.94153568367018,COF
2015-10-30,80.55000305175781,80.7300033569336,78.81999969482422,78.9000015258789,65.7723388671875,2707000.0,-0.0162093741448374,-0.0163421831729392,1.910003662109375,62.86656920272964,COF
2015-11-02,79.37000274658203,80.5,79.22000122070312,80.22000122070312,66.8727035522461,2281600.0,0.0167299005024061,0.0165914972325254,1.279998779296875,66.45698615523426,COF
2015-11-03,79.76000213623047,81.37000274658203,79.75,80.87999725341797,67.42288970947266,1950900.0,0.008227365247716,0.008193704975796,1.6200027465820312,72.65789304462567,COF
2015-11-04,80.83000183105469,81.19000244140625,80.38999938964844,80.55000305175781,67.14781188964844,2290700.0,-0.0040798877207657,-0.0040882331694026,0.8000030517578125,68.02150127640581,COF
2015-11-05,80.81999969482422,80.81999969482422,79.54000091552734,79.55000305175781,66.64513397216797,3377200.0,-0.0074861399550378,-0.0075143017374799,1.279998779296875,65.3552378545408,COF
2015-11-06,81.2300033569336,81.62000274658203,80.4000015258789,81.41999816894531,68.2117919921875,3579200.0,0.0235074629855764,0.0232354177248426,1.220001220703125,68.87927088001815,COF
2015-11-09,81.33999633789062,81.58999633789062,80.11000061035156,80.44999694824219,67.39913940429688,2590200.0,-0.0119136671850477,-0.0119852036601485,1.4799957275390625,65.72025233229347,COF
2015-11-10,80.27999877929688,80.7699966430664,79.37000274658203,79.37999725341797,66.50269317626953,2801000.0,-0.0133005589678225,-0.0133898036214797,1.399993896484375,65.14743796307815,COF
2015-11-11,79.76000213623047,79.93000030517578,78.69000244140625,78.87000274658203,66.07545471191406,2420500.0,-0.0064243783815348,-0.0064451035120677,1.2399978637695312,61.157611739084125,COF
2015-11-12,78.33000183105469,78.33000183105469,77.19000244140625,77.37999725341797,64.82716369628906,3473100.0,-0.018891902009112,-0.0190726338555319,1.1399993896484375,38.58663829511563,COF
2015-11-13,77.13999938964844,77.86000061035156,76.70999908447266,76.97000122070312,64.4836654663086,2817700.0,-0.005298677443143,-0.0053127652208958,1.1500015258789062,41.58070249864409,COF
2015-11-16,76.94999694824219,77.9000015258789,76.68000030517578,77.9000015258789,65.2627944946289,2654000.0,0.0120825797151278,0.0120101680451529,1.220001220703125,46.34632602962505,COF
2015-11-17,77.80000305175781,77.8499984741211,76.31999969482422,76.37000274658203,63.98100662231445,3353500.0,-0.0196404074057837,-0.0198358434017278,1.529998779296875,34.29942786049291,COF
2015-11-18,76.94999694824219,78.30999755859375,76.5999984741211,78.29000091552734,65.58953857421875,3698500.0,0.025140772814026,0.0248299424909461,1.7099990844726562,44.92437098120511,COF
2015-11-19,78.52999877929688,79.9800033569336,78.52999877929688,79.58000183105469,66.6702651977539,3751800.0,0.016477118867245,0.0163428441105802,1.4500045776367188,53.59940326479482,COF
2015-11-20,80.06999969482422,80.16999816894531,78.87999725341797,79.45999908447266,66.56973266601562,3013600.0,-0.0015079065823435,-0.0015090446176519,1.2900009155273438,48.679685286924325,COF
2015-11-23,79.55000305175781,79.55000305175781,78.79000091552734,78.81999969482422,66.0335693359375,1969900.0,-0.0080541607815685,-0.0080867707498304,0.7600021362304688,43.93808155482528,COF
2015-11-24,78.0999984741211,79.0199966430664,77.61000061035156,78.62999725341797,65.87438201904297,2570300.0,-0.0024107028969566,-0.002413613319569,1.4099960327148438,44.38697271623023,COF
2015-11-25,78.8499984741211,79.16000366210938,78.4000015258789,79.04000091552734,66.21785736083984,1774900.0,0.0052140958483311,0.0052005495180794,0.7600021362304688,48.08984065633844,COF
2015-11-27,78.9800033569336,79.25,78.2699966430664,79.0,66.18433380126953,907800.0,-0.0005062616174309,-0.0005063898111117,0.9800033569335938,39.496324110671935,COF
2015-11-30,79.08000183105469,79.5,78.37000274658203,78.51000213623047,65.77384185791016,2999700.0,-0.0062022524029924,-0.0062215662714987,1.1299972534179688,41.21368024759793,COF
2015-12-01,79.04000091552734,79.86000061035156,78.76000213623047,79.81999969482422,66.87135314941406,2204900.0,0.0166861363195849,0.0165484522461227,1.0999984741210938,51.95056360110509,COF
2015-12-02,79.61000061035156,79.95999908447266,78.6500015258789,78.7699966430664,65.99166870117188,2570600.0,-0.0131548773400272,-0.0132421691259228,1.30999755859375,49.57694663487282,COF
2015-12-03,79.0999984741211,79.0999984741211,77.05000305175781,77.33000183105469,64.78529357910156,3035700.0,-0.0182807185484746,-0.0184498755969184,2.049995422363281,49.78769021030585,COF
2015-12-04,77.91000366210938,79.55999755859375,77.4000015258789,79.37000274658203,66.49435424804688,2665500.0,0.0263803800913333,0.0260384188709372,2.159996032714844,58.955355237529545,COF
2015-12-07,78.7300033569336,79.05999755859375,77.81999969482422,78.33000183105469,65.62307739257812,2262500.0,-0.0131030200281152,-0.0131896219244877,1.2399978637695312,51.59159051874061,COF
2015-12-08,77.44999694824219,77.7300033569336,76.54000091552734,76.86000061035156,64.39151763916016,2630500.0,-0.0187671746335574,-0.0189455128499636,1.19000244140625,51.82156259680114,COF
2015-12-09,76.37000274658203,77.23999786376953,74.87999725341797,75.41999816894531,63.185150146484375,3517600.0,-0.0187348821227676,-0.0189126032503343,2.3600006103515625,38.936119419752565,COF
2015-12-10,75.38999938964844,76.44999694824219,75.18000030517578,75.61000061035156,63.34431076049805,2428700.0,0.0025189560148972,0.0025157887628588,1.2699966430664062,33.27719932470404,COF
2015-12-11,74.29000091552734,74.55000305175781,73.30000305175781,73.68000030517578,61.727386474609375,2915400.0,-0.0255259591031338,-0.025857398771201,1.25,28.87423985727457,COF
2015-12-14,73.80999755859375,74.68000030517578,72.48999786376953,73.30999755859375,61.41741943359375,3448600.0,-0.0050215481120867,-0.0050341984521044,2.19000244140625,29.455592626874576,COF
2015-12-15,74.2699966430664,75.5199966430664,74.08000183105469,75.37000274658203,63.14324951171875,3039200.0,0.0281000096396271,0.0277124479426928,1.4399948120117188,39.33252080005721,COF
2015-12-16,76.19000244140625,76.55000305175781,74.4000015258789,76.36000061035156,63.97262191772461,4175800.0,0.0131347754893724,0.0130492623094929,2.1500015258789062,41.551073960670486,COF
2015-12-17,76.55000305175781,76.73999786376953,74.27999877929688,74.37999725341797,62.3138542175293,2890000.0,-0.0259293374332642,-0.0262714291346571,2.459999084472656,37.02256967760272,COF
2015-12-18,73.91999816894531,73.91999816894531,72.31999969482422,72.47000122070312,60.71365737915039,5097500.0,-0.0256796318968304,-0.026015109398146,1.5999984741210938,34.28714656068374,COF
2015-12-21,73.04000091552734,73.5,71.94999694824219,72.58000183105469,60.80584335327149,2503300.0,0.0015183729345344,0.0015172213718706,1.5500030517578125,29.911179156021348,COF
2015-12-22,72.62000274658203,73.01000213623047,71.0999984741211,72.7699966430664,60.96500015258789,3367300.0,0.0026174589568921,0.0026140393769702,1.910003662109375,32.5173968824256,COF
2015-12-23,73.16999816894531,73.91999816894531,72.95999908447266,73.69000244140625,61.73574066162109,2361100.0,0.0126423440843783,0.0125630968671694,0.9599990844726562,39.06230674172428,COF
2015-12-24,73.68000030517578,73.9000015258789,73.26000213623047,73.5199966430664,61.593360900878906,810700.0,-0.0023062776799354,-0.002308941234356,0.6399993896484375,30.196224111673544,COF
2015-12-28,73.1500015258789,73.41999816894531,72.27999877929688,73.1500015258789,61.28335952758789,1569800.0,-0.0050330322742071,-0.0050457406401537,1.1399993896484375,31.630995880972847,COF
2015-12-29,73.5999984741211,73.98999786376953,73.19000244140625,73.79000091552734,61.819557189941406,1506200.0,0.0087494821838567,0.0087114272773363,0.7999954223632812,38.43256745999065,COF
2015-12-30,73.62000274658203,73.80000305175781,73.16000366210938,73.20999908447266,61.33362579345703,1414600.0,-0.0078604800579749,-0.0078915364840115,0.6399993896484375,41.09571147937486,COF
2015-12-31,72.70999908447266,73.26000213623047,72.16000366210938,72.18000030517578,60.47072219848633,1722100.0,-0.0140690132665001,-0.0141689200000305,1.0999984741210938,37.05655504023444,COF
2016-01-04,70.7699966430664,70.91000366210938,69.86000061035156,70.73999786376953,59.264305114746094,3636200.0,-0.019950432868659,-0.020152129891129,1.0500030517578125,38.47955916715078,COF
2016-01-05,69.43000030517578,70.55000305175781,68.69999694824219,69.45999908447266,58.19197463989258,5216200.0,-0.0180940360774887,-0.0182597349659725,1.850006103515625,35.918054241233264,COF
2016-01-06,68.55000305175781,69.69000244140625,67.9800033569336,68.55000305175781,57.42959213256836,4223300.0,-0.0131011623517167,-0.0131877395855123,1.7099990844726562,22.76348104955628,COF
2016-01-07,66.33999633789062,67.0,64.8499984741211,65.08000183105469,54.522499084472656,5638300.0,-0.0506201235311767,-0.0519462691409352,2.1500015258789062,12.400095802392045,COF
2016-01-08,65.75,65.88999938964844,64.06999969482422,64.2300033569336,53.81039810180664,4731700.0,-0.0130606812714645,-0.0131467219568611,1.8199996948242188,13.410314373901429,COF
2016-01-11,64.81999969482422,65.54000091552734,64.0,64.76000213623047,54.25442886352539,3416800.0,0.0082517650376543,0.0082179053650517,1.5400009155273438,19.13551262178109,COF
2016-01-12,65.55999755859375,65.97000122070312,64.68000030517578,65.80000305175781,55.1257209777832,3680300.0,0.0160593730780855,0.0159317855178345,1.2900009155273438,24.739199680789696,COF
2016-01-13,66.27999877929688,66.66000366210938,63.40999984741211,63.63999938964844,53.31611251831055,5406000.0,-0.0328269350019378,-0.0333778284997857,3.2500038146972656,20.337995165580324,COF
2016-01-14,64.01000213623047,65.11000061035156,62.5099983215332,64.5999984741211,54.120361328125,4573000.0,0.0150845358340454,0.014971895561625,2.60000228881836,20.5444897385852,COF
2016-01-15,62.0,63.459999084472656,61.84000015258789,62.84999847412109,52.65427017211914,4827300.0,-0.0270894561682086,-0.0274631395306582,1.6199989318847656,18.636154719428703,COF
2016-01-19,63.68999862670898,63.70000076293945,61.5099983215332,62.18999862670898,52.10133743286133,3464500.0,-0.0105011946315153,-0.0105567212484974,2.19000244140625,18.32378796652104,COF
2016-01-20,60.79999923706055,61.369998931884766,58.91999816894531,60.7599983215332,50.903316497802734,5328000.0,-0.022994053398387,-0.0232625403646196,2.450000762939453,13.98560192786465,COF
2016-01-21,60.84999847412109,62.29999923706055,60.5099983215332,61.18000030517578,51.25517654418945,3747300.0,0.0069123206618946,0.0068885400964646,1.7900009155273438,16.45283457774204,COF
2016-01-22,62.150001525878906,62.59999847412109,60.52000045776367,61.09999847412109,51.18815612792969,4148100.0,-0.001307583365789,-0.001308438998874,2.0799980163574148,17.37333643326788,COF
2016-01-25,60.68999862670898,61.0099983215332,58.4900016784668,58.65999984741211,49.143985748291016,5711500.0,-0.0399344405868004,-0.0407537057965668,2.5199966430664062,16.407101738967256,COF
2016-01-26,59.09999847412109,60.5,59.09999847412109,60.380001068115234,50.58495330810547,5619900.0,0.029321340910257,0.0288996927564634,1.4000015258789134,25.35280552356416,COF
2016-01-27,61.29999923706055,64.58999633789062,61.2599983215332,63.29999923706055,53.0312728881836,8544900.0,0.0483606175373527,0.0472276274133618,3.329998016357422,37.1512570336987,COF
2016-01-28,63.790000915527344,63.790000915527344,62.119998931884766,62.9900016784668,52.77156066894531,6491500.0,-0.0048973408536863,-0.0049093721242999,1.670001983642578,43.94908455446349,COF
2016-01-29,63.4900016784668,65.69999694824219,63.27999877929688,65.62000274658203,54.97491455078125,6380200.0,0.0417526761366477,0.0409045602027972,2.4199981689453054,53.64831928324092,COF
2016-02-01,65.0,65.44999694824219,63.790000915527344,65.01000213623047,54.4638671875,4319500.0,-0.0092960101431205,-0.0093394877003915,1.6599960327148438,50.6534066092573,COF
2016-02-02,63.83000183105469,63.86000061035156,62.81999969482422,63.209999084472656,52.95587158203125,5195700.0,-0.0276880009323842,-0.0280785393318278,1.0400009155273438,43.489155823329405,COF
2016-02-03,63.65999984741211,64.01000213623047,59.86000061035156,63.150001525878906,52.90560150146485,6036600.0,-0.0009492824698112,-0.0009497333237627,4.150001525878906,48.62281696146685,COF
2016-02-04,63.0,64.36000061035156,62.84000015258789,63.72999954223633,53.39150238037109,4308500.0,0.0091842993013278,0.0091423800947083,1.520000457763672,47.501454148298,COF
2016-02-05,63.91999816894531,64.62999725341797,62.63999938964844,63.36000061035156,53.08152389526367,3507800.0,-0.0058057644248156,-0.0058226833918996,1.9899978637695312,51.5907223909494,COF
2016-02-08,62.33000183105469,62.45000076293945,60.09999847412109,60.88999938964844,51.01221466064453,3878300.0,-0.0389836063995099,-0.0397638112598536,2.3500022888183665,46.35645618857652,COF
2016-02-09,60.040000915527344,62.93000030517578,59.75,62.41999816894531,52.29402542114258,4424000.0,0.0251275262018166,0.0248170206580173,3.180000305175781,54.626530793538,COF
2016-02-10,62.91999816894531,64.12000274658203,62.18000030517578,62.2400016784668,52.14322280883789,3186400.0,-0.002883744578663,-0.0028879105811128,1.94000244140625,52.99435795643392,COF
2016-02-11,59.709999084472656,60.880001068115234,58.7400016784668,60.150001525878906,50.71823120117188,4823200.0,-0.02732841452647,-0.0277087815478865,2.139999389648437,48.54841644144507,COF
2016-02-12,61.209999084472656,62.84000015258789,60.619998931884766,62.540000915527344,52.73346328735352,5528000.0,0.0397338794838546,0.0389647952974219,2.220001220703125,61.10764318608612,COF
2016-02-16,63.709999084472656,65.12999725341797,63.08000183105469,64.20999908447266,54.1416015625,4309000.0,0.0267029356193295,0.0263526345953374,2.049995422363281,61.02846060454657,COF
2016-02-17,64.95999908447266,66.05000305175781,64.87000274658203,65.18000030517578,54.95949935913086,3806000.0,0.0151066420834762,0.0149936730667901,1.1800003051757812,56.65068924820172,COF
2016-02-18,65.4800033569336,66.68000030517578,65.18000030517578,65.93000030517578,55.59189987182617,4272100.0,0.0115066643632053,0.0114409661983285,1.5,59.4838748408419,COF
2016-02-19,65.5,65.87999725341797,64.76000213623047,65.7300033569336,55.42325210571289,2456700.0,-0.003033675166744,-0.0030382860869701,1.1199951171875,51.74662138163342,COF
2016-02-22,66.44000244140625,67.79000091552734,66.4000015258789,67.76000213623047,57.13493347167969,3007600.0,0.0308838132179969,0.0304165053944442,1.3899993896484375,59.51569441885018,COF
2016-02-23,67.61000061035156,67.61000061035156,65.31999969482422,65.72000122070312,55.41482162475586,3487000.0,-0.030106131965244,-0.0305686278680591,2.290000915527344,58.62960669227977,COF
2016-02-24,64.7699966430664,65.63999938964844,63.45000076293945,65.41000366210938,55.153446197509766,2894800.0,-0.0047167061010502,-0.0047278648614943,2.1899986267089844,57.77355572376931,COF
2016-02-25,65.76000213623047,66.41999816894531,64.87000274658203,66.41999816894531,56.00506210327149,2642200.0,0.0154408466646309,0.0153228498883365,1.5499954223632812,58.81530233624579,COF
2016-02-26,66.7300033569336,68.19000244140625,66.63999938964844,67.19999694824219,56.66275024414063,3105800.0,0.0117433695485666,0.0116749513039495,1.5500030517578125,61.802321298229344,COF
2016-02-29,66.93000030517578,67.18000030517578,65.69999694824219,65.7300033569336,55.42325210571289,3404300.0,-0.0218750084153551,-0.022117813857177,1.4800033569335938,65.37815711659704,COF
2016-03-01,66.66999816894531,68.0,66.1500015258789,67.98999786376953,57.32887649536133,4131800.0,0.0343831211133858,0.0338052307799124,1.8499984741210935,66.82129502417688,COF
2016-03-02,68.0199966430664,69.13999938964844,67.73999786376953,69.13999938964844,58.29854583740234,2397500.0,0.0169141521920366,0.0167727007129383,1.4000015258789062,69.49790844526999,COF
2016-03-03,68.97000122070312,69.66000366210938,68.69000244140625,69.66000366210938,58.73701095581055,2444600.0,0.0075210301064989,0.007492888175689,0.970001220703125,77.09404908565355,COF
2016-03-04,69.80999755859375,70.38999938964844,68.95999908447266,69.58999633789062,58.67798614501953,2939300.0,-0.0010048998038973,-0.0010054050542176,1.4300003051757812,73.14513884371215,COF
2016-03-07,68.94000244140625,69.62000274658203,68.77999877929688,69.5199966430664,58.61897277832031,2002700.0,-0.0010057156111896,-0.0010062216824726,0.8400039672851562,69.47917282107417,COF
2016-03-08,68.8499984741211,69.16999816894531,68.01000213623047,68.48999786376953,57.75047302246094,2713800.0,-0.0148160180005846,-0.0149268714962103,1.1599960327148438,62.08913318557003,COF
2016-03-09,69.04000091552734,69.30000305175781,68.25,68.69999694824219,57.92754364013672,2508100.0,0.0030661327675518,0.0030614417688482,1.0500030517578125,60.5323174555992,COF
2016-03-10,69.18000030517578,70.0,68.12000274658203,69.2300033569336,58.37444305419922,2155600.0,0.0077148000066906,0.0076851931137944,1.8799972534179688,62.98226837173288,COF
2016-03-11,70.19000244140625,71.12000274658203,70.01000213623047,71.02999877929688,59.8922119140625,2358000.0,0.0260005711481319,0.0256683034230153,1.1100006103515625,62.33976996392326,COF
2016-03-14,70.77999877929688,71.01000213623047,69.7300033569336,69.93000030517578,58.96468353271485,2550400.0,-0.0154866275882168,-0.0156077980477352,1.279998779296875,67.09995306850053,COF
2016-03-15,69.29000091552734,69.31999969482422,68.30999755859375,69.31999969482422,58.45033264160156,3395800.0,-0.0087230331835481,-0.0087613015441569,1.0100021362304688,65.50349926075492,COF
2016-03-16,69.20999908447266,70.08000183105469,68.8499984741211,69.37999725341797,58.500919342041016,3274100.0,0.0008654647142838,0.0008650904156439,1.2300033569335938,62.69292341884079,COF
2016-03-17,69.05000305175781,70.05999755859375,68.58999633789062,69.5,58.60210037231445,4067500.0,0.0017295630805707,0.0017280691087102,1.470001220703125,60.454513860756144,COF
2016-03-18,69.81999969482422,71.12000274658203,69.52999877929688,70.56999969482422,59.50431823730469,5089800.0,0.0153956574808447,0.0152783468633993,1.5900039672851562,72.83011604269197,COF
2016-03-21,70.30999755859375,71.38999938964844,70.08000183105469,70.80999755859375,59.70668411254883,2381000.0,0.0034008603281041,0.0033950904805482,1.30999755859375,66.4334849445141,COF
2016-03-22,70.27999877929688,70.77999877929688,69.94999694824219,70.45999908447266,59.41157150268555,1904900.0,-0.0049427064029713,-0.004954961976744,0.8300018310546875,58.4833170222256,COF
2016-03-23,70.5199966430664,70.7699966430664,70.0,70.20999908447266,59.20076370239258,2603800.0,-0.0035482616426573,-0.0035545716538019,0.7699966430664062,53.66172934106341,COF
2016-03-24,69.44000244140625,69.77999877929688,68.87999725341797,69.76000213623047,58.82134246826172,2090100.0,-0.0064090597891311,-0.0064296859897541,0.9000015258789062,51.07740949244209,COF
2016-03-28,69.80999755859375,69.97000122070312,68.95999908447266,69.19999694824219,58.34915542602539,1884400.0,-0.0080274781639182,-0.0080598718429241,1.0100021362304688,48.09073432132544,COF
2016-03-29,68.83000183105469,68.95999908447266,67.58000183105469,68.8499984741211,58.05404281616211,4411700.0,-0.0050577014818564,-0.0050705349441645,1.3799972534179688,52.33780983420084,COF
2016-03-30,69.30000305175781,70.0,69.04000091552734,69.1500015258789,58.306976318359375,2050000.0,0.0043568628458525,0.0043473991968473,0.9599990844726562,52.88828644869637,COF
2016-03-31,69.1500015258789,69.79000091552734,68.9800033569336,69.30999755859375,58.44190979003906,3222700.0,0.0023141908601629,0.0023115172445377,0.80999755859375,50.53917246812097,COF
2016-04-01,69.7300033569336,70.97000122070312,69.26000213623047,70.80000305175781,59.69825744628906,2894900.0,0.0214973750988565,0.0212695656186468,1.7099990844726562,48.38238812504136,COF
2016-04-04,70.58999633789062,70.88999938964844,69.72000122070312,69.83000183105469,58.880348205566406,1617400.0,-0.0137007221937514,-0.0137954432476944,1.1699981689453125,49.28352907624894,COF
2016-04-05,68.0999984741211,68.94999694824219,67.79000091552734,68.52999877929688,57.7842025756836,3455200.0,-0.0186164936738464,-0.0187919617380382,1.1599960327148438,44.84998413310736,COF
2016-04-06,68.01000213623047,68.41999816894531,67.19999694824219,68.2699966430664,57.564979553222656,3215900.0,-0.0037938227524004,-0.0038010375514988,1.220001220703125,42.9479046725007,COF
2016-04-07,67.66000366210938,67.9800033569336,66.0999984741211,66.58000183105469,56.13996887207031,2842900.0,-0.0247548195484865,-0.0250663724670916,1.8800048828125,34.533821848513966,COF
2016-04-08,67.02999877929688,67.72000122070312,66.41000366210938,66.66999816894531,56.21586227416992,2259300.0,0.0013518604235878,0.0013509474829716,1.30999755859375,26.950302650457573,COF
2016-04-11,66.83000183105469,67.69999694824219,66.7300033569336,67.19999694824219,56.66275024414063,3626200.0,0.0079494995165456,0.007918068708179,0.9699935913085938,29.37134419018051,COF
2016-04-12,67.55000305175781,68.45999908447266,67.41000366210938,68.30999755859375,57.59869384765625,2862000.0,0.0165177934265978,0.016382858533747,1.0499954223632812,38.6960180660102,COF
2016-04-13,69.0,70.87000274658203,68.9800033569336,70.83999633789062,59.73197555541992,3366100.0,0.0370369806198387,0.036367589768575,1.8899993896484373,52.671760997746,COF
2016-04-14,70.66000366210938,72.18000030517578,70.4800033569336,71.47000122070312,60.26319885253906,2871400.0,0.008893449315539,0.0088541355134459,1.6999969482421875,57.1428301461773,COF
2016-04-15,71.72000122070312,72.23999786376953,71.05000305175781,71.33999633789062,60.15357971191406,2862500.0,-0.0018190063374039,-0.0018206627384057,1.1899948120117188,59.27203529269248,COF
2016-04-18,70.88999938964844,71.9000015258789,70.55000305175781,71.66000366210938,60.42341995239258,1765400.0,0.0044858550691551,0.0044758236098981,1.3499984741210938,62.20674973802728,COF
2016-04-19,71.95999908447266,72.88999938964844,71.45999908447266,72.80000305175781,61.38466644287109,2349100.0,0.0159085085093804,0.0157832944217405,1.4300003051757812,64.77739704700423,COF
2016-04-20,73.3499984741211,75.55000305175781,73.30999755859375,75.43000030517578,63.60224151611328,4921500.0,0.0361258796658288,0.0354886419250464,2.2400054931640625,70.64769109130927,COF
2016-04-21,75.25,76.30000305175781,74.69000244140625,74.7300033569336,63.01201629638672,2962000.0,-0.009279943688416,-0.0093232706218353,1.6100006103515625,64.00571397246846,COF
2016-04-22,74.5,75.7300033569336,74.4800033569336,75.55999755859375,63.71186447143555,1783000.0,0.0111065827787033,0.0110453576060429,1.25,70.62641418972771,COF
2016-04-25,75.08000183105469,75.47000122070312,74.4800033569336,74.98999786376953,63.231239318847656,2478000.0,-0.0075437307725215,-0.0075723286232759,0.9899978637695312,74.54406631312679,COF
2016-04-26,75.02999877929688,76.0,74.62999725341797,75.95999908447266,64.04917907714844,2686100.0,0.0129356907615911,0.0128527393042587,1.3700027465820312,77.72172237342357,COF
2016-04-27,73.12999725341797,74.5,72.81999969482422,74.30999755859375,62.65787124633789,6388700.0,-0.021722492791589,-0.0219618994948009,1.6800003051757812,77.94634641170488,COF
2016-04-28,73.55999755859375,74.26000213623047,72.98999786376953,73.37000274658203,61.86528396606445,2641800.0,-0.0126494447466528,-0.0127301301116831,1.2700042724609375,72.82013573475325,COF
2016-04-29,72.98999786376953,73.29000091552734,71.87000274658203,72.38999938964844,61.0389404296875,2966500.0,-0.01335714448236,-0.0134471535446551,1.4199981689453125,67.15129786833235,COF
2016-05-02,72.87000274658203,73.7300033569336,72.0,73.58000183105469,62.04232406616211,2721000.0,0.0164384183180643,0.0163047701734417,1.7300033569335938,67.32403155375252,COF
2016-05-03,72.55999755859375,72.70999908447266,71.44000244140625,71.97000122070312,60.68478775024414,2184500.0,-0.0218808101783919,-0.0221237453897453,1.2699966430664062,53.95380687711087,COF
2016-05-04,71.16000366210938,71.16999816894531,69.2699966430664,69.68000030517578,58.75387191772461,4057500.0,-0.031818778710514,-0.0323359971516386,1.9000015258789065,44.38869936886855,COF
2016-05-05,69.93000030517578,70.33000183105469,68.61000061035156,69.12000274658203,58.28168869018555,5345400.0,-0.0080366316657441,-0.0080690994614891,1.720001220703125,43.223461636511125,COF
2016-05-06,68.80000305175781,69.43000030517578,68.43000030517578,69.38999938964844,58.50934982299805,3442600.0,0.0039062205973938,0.0038986111274577,1.0,43.04954066423608,COF
2016-05-09,70.30999755859375,70.37000274658203,69.25,69.5999984741211,58.68641662597656,2788900.0,0.0030262992754863,0.0030217292496896,1.1200027465820312,39.61028698069799,COF
2016-05-10,70.01000213623047,71.27999877929688,69.95999908447266,71.13999938964844,59.98495864868164,2650200.0,0.022126790105128,0.021885544854839,1.3199996948242188,35.01063680793962,COF
2016-05-11,70.83000183105469,71.44999694824219,70.3499984741211,70.3499984741211,59.31883239746094,2411900.0,-0.0111048880623899,-0.0111670076473089,1.0999984741210938,34.79178251758577,COF
2016-05-12,70.16999816894531,70.7300033569336,68.83999633789062,69.36000061035156,58.8184814453125,2109900.0,-0.0084349426973862,-0.0084707181444863,1.8900070190429688,29.512855542562264,COF
2016-05-13,69.1500015258789,69.95999908447266,68.33000183105469,68.70999908447266,58.267276763916016,2459700.0,-0.0093712837844849,-0.0094154705387809,1.6299972534179688,29.339461922567025,COF
2016-05-16,68.52999877929688,69.66000366210938,68.37999725341797,69.27999877929688,58.75064468383789,2678700.0,0.0082957012369113,0.0082614810308853,1.2800064086914062,27.31515491419316,COF
2016-05-17,68.87999725341797,69.66999816894531,68.41000366210938,68.83000183105469,58.36906051635742,2679000.0,-0.0064949783876233,-0.0065161625366309,1.2599945068359375,29.90032094096918,COF
2016-05-18,68.83000183105469,71.01000213623047,68.66000366210938,70.9800033569336,60.19229888916016,3636900.0,0.0312363837394948,0.0307584549330343,2.3499984741210938,42.85018854205559,COF
2016-05-19,70.37999725341797,71.79000091552734,69.87999725341797,70.52999877929688,59.810691833496094,3460700.0,-0.0063397986570802,-0.0063599805251243,1.910003662109375,44.54343014604948,COF
2016-05-20,70.76000213623047,71.56999969482422,70.45999908447266,70.93000030517578,60.149879455566406,2052300.0,0.0056710198740814,0.0056550001776837,1.1100006103515625,41.06542806766671,COF
2016-05-23,70.81999969482422,71.48999786376953,70.41999816894531,70.6500015258789,59.91242980957031,1889900.0,-0.0039476329486495,-0.0039554454188861,1.0699996948242188,45.92228969991916,COF
2016-05-24,70.91000366210938,71.8499984741211,69.5999984741211,71.62000274658203,60.73501968383789,2046000.0,0.0137298700266732,0.0136364693099376,2.25,61.84590961137542,COF
2016-05-25,72.04000091552734,73.52999877929688,71.8499984741211,73.2699966430664,62.13424682617188,2767100.0,0.0230382265391171,0.022776853367268,1.6800003051757812,70.73675141441306,COF
2016-05-26,73.02999877929688,73.16000366210938,72.2699966430664,72.55999755859375,61.5321159362793,1642400.0,-0.0096908053231435,-0.0097380667591599,0.8900070190429688,65.63983998572594,COF
2016-05-27,72.87999725341797,73.83000183105469,72.33000183105469,73.83000183105469,62.6091194152832,2811300.0,0.0175031113852677,0.0173516962024367,1.5,68.56705596263447,COF
2016-05-31,74.19000244140625,74.3499984741211,72.83000183105469,73.23999786376953,62.10879135131836,2363400.0,-0.0079912969330584,-0.0080233984827837,1.5199966430664062,60.87427830339771,COF
2016-06-01,72.51000213623047,73.31999969482422,71.83999633789062,73.22000122070312,62.09184265136719,1594400.0,-0.0002728872931256,-0.0002729245336381,1.4800033569335938,65.2092133024125,COF
2016-06-02,73.19000244140625,73.37999725341797,72.62000274658203,73.37999725341797,62.22750473022461,1495800.0,0.002184861538401,0.0021824781993093,0.7599945068359375,69.47672809362544,COF
2016-06-03,72.27999877929688,72.37999725341797,70.47000122070312,71.5999984741211,60.71804428100586,3478300.0,-0.024257126422837,-0.0245561764816086,1.909996032714844,62.6200909733075,COF
2016-06-06,71.66000366210938,73.33000183105469,71.38999938964844,72.8499984741211,61.778076171875,2422700.0,0.0174582680226533,0.017307623265156,1.94000244140625,64.71562908047409,COF
2016-06-07,73.0,73.05999755859375,72.31999969482422,72.3499984741211,61.35406112670898,2249700.0,-0.0068635197377522,-0.006887182022541,0.7399978637695312,64.44977829515875,COF
2016-06-08,71.75,72.55999755859375,71.43000030517578,72.0999984741211,61.142066955566406,3190400.0,-0.0034552589877425,-0.0034612421813769,1.1299972534179688,55.4473945379026,COF
2016-06-09,71.44999694824219,71.45999908447266,70.13999938964844,70.87000274658203,60.09900665283203,2749900.0,-0.017059617946714,-0.0172068096535574,1.3199996948242188,51.537008596510624,COF
2016-06-10,70.30000305175781,70.55000305175781,69.79000091552734,70.04000091552734,59.395111083984375,2506000.0,-0.0117122662761096,-0.0117813951675711,0.7600021362304688,46.12692901868944,COF
2016-06-13,69.45999908447266,70.41999816894531,68.95999908447266,69.0,58.5131950378418,2488900.0,-0.0148482935724382,-0.0149596329916713,1.4599990844726562,43.26530971962981,COF
2016-06-14,68.5199966430664,68.5199966430664,63.7599983215332,64.43000030517578,54.63776397705078,14942400.0,-0.0662317458187796,-0.0685269934022647,4.759998321533203,27.31862165656075,COF
2016-06-15,65.43000030517578,66.2300033569336,64.47000122070312,64.63999938964844,54.81585693359375,9490900.0,0.0032595213196824,0.0032542205954913,1.7600021362304688,20.05561604699018,COF
2016-06-16,64.0999984741211,64.44999694824219,62.72999954223633,64.25,54.48512649536133,5296300.0,-0.0060334811263296,-0.0060517561185393,1.7199974060058594,20.511160362244865,COF
2016-06-17,64.29000091552734,64.80000305175781,63.810001373291016,64.19000244140625,54.43423461914063,6191200.0,-0.000934050804214,-0.0009344873014947,0.9900016784667968,12.577634491070825,COF
2016-06-20,65.79000091552734,65.94999694824219,64.16999816894531,64.27999877929688,54.51055908203125,5160200.0,0.0014021408296569,0.0014011587481077,1.779998779296875,13.81261702397468,COF
2016-06-21,64.91999816894531,64.98999786376953,63.54999923706055,64.25,54.48512649536133,4496000.0,-0.0004665625724301,-0.0004666714466128,1.4399986267089844,13.801463948958885,COF
2016-06-22,64.30000305175781,64.83999633789062,63.88999938964844,63.93000030517578,54.213748931884766,2670200.0,-0.0049807641265119,-0.0049932094742464,0.9499969482421876,12.35076568833088,COF
2016-06-23,64.7699966430664,65.6500015258789,64.55999755859375,65.5999984741211,55.62995529174805,2948300.0,0.0261226420929243,0.0257872738085641,1.0900039672851562,25.884463427810573,COF
2016-06-24,62.54999923706055,64.27999877929688,61.75,61.880001068115234,52.47531509399414,8115300.0,-0.0567075810363244,-0.0583789500768733,2.529998779296875,13.212769995091309,COF
2016-06-27,60.84000015258789,60.84000015258789,58.02999877929688,58.150001525878906,49.31222152709961,8924600.0,-0.0602777431870351,-0.0621709188539536,2.8100013732910085,10.860133353700718,COF
2016-06-28,59.25,59.77000045776367,58.65999984741211,59.65999984741211,50.592716217041016,6530600.0,0.0259670858518858,0.0256356661676134,1.1100006103515625,17.938198593219738,COF
2016-06-29,60.56999969482422,61.970001220703125,60.209999084472656,61.91999816894531,52.509239196777344,4470700.0,0.0378814011786698,0.037181521162558,1.7600021362304688,28.0959728803886,COF
2016-06-30,62.41999816894531,63.52999877929688,61.41999816894531,63.5099983215332,53.85758590698242,6389700.0,0.0256782754964735,0.0253541259338468,2.1100006103515696,34.59187869393199,COF
2016-07-01,63.47999954223633,63.560001373291016,62.72999954223633,62.959999084472656,53.39117813110352,3152500.0,-0.0086600200886173,-0.0086977359673005,0.8300018310546875,35.410678809494115,COF
2016-07-05,62.13999938964844,62.36000061035156,60.650001525878906,60.86000061035156,51.61034393310547,3331300.0,-0.0333544652943443,-0.0339234125639506,1.7099990844726562,40.20847912494435,COF
2016-07-06,60.25,61.29999923706055,59.65999984741211,61.27999877929688,51.96649932861328,2840200.0,0.0069008529757026,0.0068771510695755,1.6399993896484375,40.889320185613705,COF
2016-07-07,61.20000076293945,62.54999923706055,61.20000076293945,61.88999938964844,52.48380279541016,4644900.0,0.0099545567525278,0.0099053365266097,1.3499984741210938,43.67631548813636,COF
2016-07-08,63.54999923706055,64.94000244140625,63.130001068115234,64.70999908447266,54.87520980834961,4949000.0,0.0455646672986238,0.0445570909614182,1.810001373291016,51.21383481245352,COF
2016-07-11,65.18000030517578,66.37999725341797,65.05999755859375,66.26000213623047,56.18964385986328,4910200.0,0.0239531485365487,0.0236707721883214,1.3199996948242188,54.32694557329606,COF
2016-07-12,67.02999877929688,68.11000061035156,66.98999786376953,67.8499984741211,57.53798294067383,4975400.0,0.0239962204454133,0.0237128356392284,1.1200027465820312,57.364954182543165,COF
2016-07-13,67.73999786376953,68.2300033569336,66.94999694824219,67.94000244140625,57.614295959472656,3611400.0,0.0013263068133186,0.0013254280453619,1.2800064086914062,58.28169619656232,COF
2016-07-14,69.30999755859375,69.5,68.12999725341797,68.8499984741211,58.3859977722168,3284800.0,0.0133942765400965,0.0133053662640674,1.3700027465820312,56.929607054986064,COF
2016-07-15,69.08999633789062,69.18000030517578,67.72000122070312,68.1500015258789,57.79239654541016,5763900.0,-0.0101668422131359,-0.0102188775438702,1.4599990844726562,65.34515228333072,COF
2016-07-18,68.44999694824219,68.54000091552734,67.81999969482422,68.12000274658203,57.76694869995117,2240300.0,-0.000440332067541,-0.0004404290421742,0.720001220703125,79.79679590698655,COF
2016-07-19,67.97000122070312,68.11000061035156,67.51000213623047,67.7300033569336,57.43621063232422,2136000.0,-0.0057253857970731,-0.0057418386476682,0.5999984741210938,75.84879018023742,COF
2016-07-20,68.04000091552734,68.16999816894531,67.16000366210938,67.61000061035156,57.33446502685547,2895300.0,-0.0017714540069516,-0.0017730248870363,1.0099945068359375,71.12107485543072,COF
2016-07-21,67.44000244140625,68.47000122070312,67.23999786376953,67.98999786376953,57.65670776367188,3503100.0,0.0056204019112322,0.0056046663848662,1.2300033569335938,68.27085683884167,COF
2016-07-22,66.5,67.33000183105469,65.0,67.02999877929688,56.84260559082031,8632900.0,-0.0141198171804828,-0.0142204502020888,2.3300018310546875,66.06156919175828,COF
2016-07-25,66.86000061035156,67.87000274658203,66.75,67.33999633789062,57.10549545288086,4373700.0,0.0046248735315364,0.0046142116644977,1.1200027465820312,79.77943076533154,COF
2016-07-26,67.30000305175781,67.9800033569336,66.91999816894531,67.69000244140625,57.402305603027344,2997700.0,0.0051975759564399,0.0051841151806518,1.0600051879882812,79.64852810585016,COF
2016-07-27,67.52999877929688,68.48999786376953,67.37000274658203,67.91000366210938,57.588863372802734,3110100.0,0.0032500048180217,0.0032447349673029,1.1199951171875,78.88676825285535,COF
2016-07-28,67.48999786376953,67.75,66.77999877929688,67.4800033569336,57.22422409057617,3079700.0,-0.0063317673048356,-0.0063518979635235,0.970001220703125,67.24790850412805,COF
2016-07-29,67.19000244140625,67.72000122070312,67.04000091552734,67.08000183105469,56.88502502441406,3632600.0,-0.0059275433009841,-0.0059451809188098,0.6800003051757812,55.95939412880843,COF
2016-08-01,67.27999877929688,67.52999877929688,66.68000030517578,67.02999877929688,56.84260559082031,3418500.0,-0.0007457047540287,-0.0007459829301189,0.8499984741210938,42.32205510089759,COF
2016-08-02,66.9000015258789,67.08999633789062,66.0,66.30000305175781,56.22356033325195,4409200.0,-0.0108905151538009,-0.0109502509119839,1.089996337890625,36.28774253047878,COF
2016-08-03,66.1500015258789,66.9800033569336,66.0,66.55000305175781,56.4355583190918,3965400.0,0.0037706254207894,0.0037635344321424,0.9800033569335938,28.38338775931267,COF
2016-08-04,66.22000122070312,66.6500015258789,66.08000183105469,66.19999694824219,56.47821044921875,2197400.0,0.0007557669561057,0.0007554815080722,0.5699996948242188,33.40878312647247,COF
2016-08-05,67.0999984741211,68.3499984741211,67.0999984741211,68.0999984741211,58.09918212890625,3695900.0,0.0287008328839484,0.0282966788015968,1.25,52.98985564462142,COF
2016-08-08,68.2300033569336,68.83000183105469,67.94999694824219,68.16999816894531,58.15890121459961,1749800.0,0.0010278816930824,0.0010273537844157,0.8800048828125,56.83719627638803,COF
2016-08-09,68.12999725341797,68.19999694824219,67.55999755859375,67.77999877929688,57.82619094848633,1793500.0,-0.0057207110032154,-0.0057371369457428,0.6399993896484375,54.45730389529555,COF
2016-08-10,67.73999786376953,67.83000183105469,66.61000061035156,66.8499984741211,57.03277587890625,2348300.0,-0.0137206870548828,-0.0138156856463757,1.220001220703125,44.78939018407248,COF
2016-08-11,67.04000091552734,68.0199966430664,66.80999755859375,67.94000244140625,57.962684631347656,2660200.0,0.0163048131203682,0.0161733170751633,1.2099990844726562,59.17655927313094,COF
2016-08-12,67.47000122070312,68.05999755859375,67.18000030517578,68.0,58.01388168334961,2098800.0,0.0008832760650678,0.000882886206316,0.8799972534179688,57.70963134100083,COF
2016-08-15,68.0199966430664,68.91000366210938,68.0199966430664,68.61000061035156,58.53429412841797,2741700.0,0.0089704813739039,0.0089304856153837,0.8900070190429688,59.25606842298982,COF
2016-08-16,68.2699966430664,68.95999908447266,68.19999694824219,68.62000274658203,58.54284286499024,2657300.0,0.0001460466329963,0.000146035969225,0.7600021362304688,58.03440968549892,COF
2016-08-17,68.5,68.66000366210938,67.97000122070312,68.29000091552734,58.26128005981445,2810200.0,-0.0048095171227867,-0.0048211200682563,0.69000244140625,58.85803321933518,COF
2016-08-18,68.29000091552734,68.58000183105469,68.11000061035156,68.20999908447266,58.19303512573242,2443600.0,-0.0011713600183855,-0.0011720465967379,0.470001220703125,61.714630484885845,COF
2016-08-19,68.04000091552734,68.68000030517578,67.98999786376953,68.55999755859375,58.49164962768555,2473500.0,0.005131447454286,0.0051183264451685,0.69000244140625,64.12094398556435,COF
2016-08-22,68.52999877929688,68.80999755859375,68.08000183105469,68.68000030517578,58.59402847290039,1878200.0,0.0017503155726759,0.0017487855554557,0.7299957275390625,72.26906476263919,COF
2016-08-23,68.93000030517578,69.31999969482422,68.79000091552734,68.79000091552734,58.68787384033203,1867800.0,0.0016016199923007,0.0016003387668427,0.529998779296875,71.63947824620938,COF
2016-08-24,68.86000061035156,69.33000183105469,68.47000122070312,68.62000274658203,58.54284286499024,2025600.0,-0.0024712255846304,-0.0024742841024728,0.8600006103515625,69.45358400613051,COF
2016-08-25,68.3499984741211,69.0999984741211,68.2699966430664,68.7699966430664,58.67079544067383,1732500.0,0.0021856228604864,0.0021832378613491,0.8300018310546875,57.49452083981446,COF
2016-08-26,69.0,69.63999938964844,68.75,69.16000366210938,59.0035400390625,2191900.0,0.0056713837930684,0.0056553620444512,0.8899993896484375,60.33433245991437,COF
2016-08-29,69.12999725341797,70.05999755859375,68.88999938964844,69.62999725341797,59.40451049804688,3015200.0,0.0067957017277087,0.006772715028461,1.1699981689453125,68.99380533492237,COF
2016-08-30,69.62999725341797,70.61000061035156,69.62999725341797,70.33000183105469,60.00170135498047,3091200.0,0.0100529547660059,0.0100027599401315,0.9800033569335938,87.49966272342164,COF
2016-08-31,70.38999938964844,71.72000122070312,70.38999938964844,71.5999984741211,61.085205078125,6129400.0,0.018057883337913,0.0178967763722957,1.3300018310546875,87.96656363521672,COF
2016-09-01,71.5999984741211,72.08999633789062,70.18000030517578,71.08000183105469,60.64156723022461,5574100.0,-0.007262607162127,-0.0072891082829679,1.909996032714844,79.16644084331473,COF
2016-09-02,71.23999786376953,71.91999816894531,70.87000274658203,71.63999938964844,61.11931991577149,2448200.0,0.0078783037340228,0.0078474319380764,1.0499954223632812,78.96725688456942,COF
2016-09-06,71.61000061035156,71.66000366210938,70.54000091552734,70.98999786376953,60.56476974487305,2561400.0,-0.0090732385710879,-0.0091146510875902,1.1200027465820312,70.18704886914492,COF
2016-09-07,70.61000061035156,71.80000305175781,70.44000244140625,71.7699966430664,61.230247497558594,2523100.0,0.0109878689457394,0.0109279409017945,1.3600006103515625,77.5317608721337,COF
2016-09-08,71.62999725341797,72.43000030517578,71.48999786376953,72.27999877929688,61.665340423583984,2686100.0,0.0071058495401761,0.0070807219563311,0.94000244140625,80.14811674461123,COF
2016-09-09,72.0199966430664,72.3499984741211,71.61000061035156,71.6500015258789,61.12786865234375,4064000.0,-0.008715945903295,-0.0087541519228556,0.7399978637695312,71.9772807500151,COF
2016-09-12,71.12000274658203,72.7699966430664,70.44000244140625,72.5,61.8530387878418,3288800.0,0.0118631673487972,0.0117933515939131,2.329994201660156,74.6134246348018,COF
2016-09-13,71.51000213623047,71.95999908447266,70.54000091552734,71.22000122070312,60.76102828979492,3504000.0,-0.0176549207516305,-0.0178126278258745,1.4199981689453125,63.60595225517848,COF
2016-09-14,71.0999984741211,71.30999755859375,70.27999877929688,70.58999633789062,60.223541259765625,2776600.0,-0.0088459172788484,-0.0088852746785429,1.029998779296875,60.48992423474035,COF
2016-09-15,70.4800033569336,71.11000061035156,69.69000244140625,70.98999786376953,60.56476974487305,3086100.0,0.0056660315545973,0.0056500399752347,1.4199981689453125,61.514517047720986,COF
2016-09-16,70.54000091552734,70.61000061035156,69.77999877929688,70.20999908447266,59.89933013916016,3214900.0,-0.0109872390915712,-0.0110480446030008,0.8300018310546875,55.23426306258759,COF
2016-09-19,70.55999755859375,71.33000183105469,70.41999816894531,70.9800033569336,60.556278228759766,3156000.0,0.010967536499546,0.0109078292354943,0.910003662109375,56.534510110311984,COF
2016-09-20,71.44999694824219,71.69999694824219,70.37999725341797,70.55999755859375,60.19793701171875,2514900.0,-0.0059174907626807,-0.0059350684894714,1.3199996948242188,51.14434974809267,COF
2016-09-21,70.7699966430664,71.77999877929688,70.56999969482422,71.68000030517578,61.15345001220703,4076400.0,0.0158728529235523,0.0157481965647481,1.2099990844726562,50.40400162594281,COF
2016-09-22,71.7699966430664,72.22000122070312,71.66000366210938,72.13999938964844,61.5458984375,3290800.0,0.006417437204518,0.0063969331300351,0.55999755859375,55.38617364352217,COF
2016-09-23,71.73999786376953,72.25,71.25,71.27999877929688,60.812198638916016,3099400.0,-0.0119211810569157,-0.0119928081580432,1.0,48.22491286617369,COF
2016-09-26,71.2300033569336,71.6500015258789,70.5999984741211,70.80999755859375,60.41120529174805,3075300.0,-0.0065939623322771,-0.0066157985462786,1.0500030517578125,49.0963950075465,COF
2016-09-27,70.4800033569336,71.83000183105469,70.1500015258789,71.80000305175781,61.25582504272461,2405500.0,0.0139811769504942,0.0138843418315007,1.6800003051757812,50.147396133538926,COF
2016-09-28,71.77999877929688,72.08999633789062,70.80999755859375,71.75,61.213172912597656,2498600.0,-0.0006962950886255,-0.0006965376146371,1.279998779296875,47.27084596798591,COF
2016-09-29,71.62000274658203,72.0,69.48999786376953,70.36000061035156,60.02731323242188,3169000.0,-0.01937262232541,-0.0195627308455526,2.5100021362304688,43.83953897756131,COF
2016-09-30,70.87000274658203,72.19000244140625,70.62999725341797,71.83000183105469,61.28142929077149,3198800.0,0.0208924236454455,0.0206771699148743,1.5600051879882812,46.97924150827464,COF
2016-10-03,71.5999984741211,72.68000030517578,71.55999755859375,72.12999725341797,61.5373649597168,3557400.0,0.0041763984931051,0.0041677015471178,1.1200027465820312,54.50035514222055,COF
2016-10-04,72.45999908447266,73.2300033569336,72.26000213623047,72.76000213623047,62.07483673095703,4098400.0,0.008734071918615,0.0086961505577708,0.970001220703125,60.73181540355819,COF
2016-10-05,73.01000213623047,74.06999969482422,73.01000213623047,73.69999694824219,62.87681579589844,3126200.0,0.0129195517407048,0.0128368062597369,1.05999755859375,62.72309911014364,COF
2016-10-06,73.62999725341797,73.75,72.38999938964844,73.04000091552734,62.31374740600586,3262300.0,-0.0089551034473553,-0.0089954413870914,1.3600006103515625,63.43784673434368,COF
2016-10-07,73.13999938964844,73.70999908447266,72.69000244140625,73.05000305175781,62.3222541809082,2695100.0,0.0001365152194574,0.0001365059021028,1.0199966430664062,60.5934763187956,COF
2016-10-10,73.5999984741211,73.88999938964844,73.23999786376953,73.33000183105469,62.5611572265625,1760100.0,0.0038333505229257,0.0038260219574795,0.6500015258789062,64.38222530939579,COF
2016-10-11,73.25,73.44000244140625,71.8499984741211,72.16000366210938,61.5629768371582,2254700.0,-0.0159552737458072,-0.0160839294525046,1.5900039672851562,52.479445923343306,COF
2016-10-12,71.80000305175781,72.43000030517578,71.73999786376953,72.05999755859375,61.4776496887207,2231700.0,-0.001386014010713,-0.0013869754165826,0.69000244140625,49.570833467265466,COF
2016-10-13,71.33999633789062,71.69000244140625,70.5,71.06999969482422,60.63301849365234,4824400.0,-0.0137388335329177,-0.01383408473955,1.19000244140625,48.8887700742239,COF
2016-10-14,71.70999908447266,72.19999694824219,71.2300033569336,71.52999877929688,61.02547454833984,2872600.0,0.0064726458361723,0.0064517882183813,0.9699935913085938,53.81358079717469,COF
2016-10-17,71.91000366210938,72.36000061035156,71.73999786376953,71.77999877929688,61.23876953125,3899900.0,0.0034951794228361,0.0034890854787278,0.6200027465820312,49.885107566146026,COF
2016-10-18,72.6500015258789,72.7699966430664,71.66000366210938,71.98999786376953,61.41793441772461,3121000.0,0.0029256774400598,0.002921405975076,1.1099929809570312,51.35444070937498,COF
2016-10-19,72.0999984741211,73.75,72.05999755859375,73.62000274658203,62.808570861816406,3347600.0,0.0226421884303955,0.0223896588565601,1.69000244140625,67.91199882075466,COF
2016-10-20,73.76000213623047,75.23999786376953,73.36000061035156,74.51000213623047,63.56785583496094,4502800.0,0.0120888751762082,0.0120163883295713,1.8799972534179688,65.72758717868376,COF
2016-10-21,73.81999969482422,75.0999984741211,73.69999694824219,74.88999938964844,63.89207077026367,3947400.0,0.0051002968567082,0.0050873343989345,1.4000015258789062,66.0465263790552,COF
2016-10-24,75.41999816894531,75.7300033569336,75.2300033569336,75.4000015258789,64.32716369628906,3107600.0,0.0068098109950114,0.0067867289623858,0.5,65.56605066900633,COF
2016-10-25,75.29000091552734,75.77999877929688,75.01000213623047,75.38999938964844,64.31863403320312,4391800.0,-0.0001325981528769,-0.0001326069447891,0.7699966430664062,61.19199595391535,COF
2016-10-26,73.4800033569336,76.16000366210938,72.94999694824219,75.43000030517578,64.35275268554688,4732300.0,0.0005304629499149,0.0005303223041804,3.2100067138671875,67.24363420511841,COF
2016-10-27,75.69999694824219,75.86000061035156,74.30000305175781,74.80000305175781,63.81526565551758,2693300.0,-0.0083521995190426,-0.008387274576574,1.55999755859375,61.58932435681652,COF
2016-10-28,74.86000061035156,75.08999633789062,73.94999694824219,74.62999725341797,63.67024230957031,3780500.0,-0.0022725494355867,-0.0022751355949148,1.1399993896484375,58.73647190049663,COF
2016-10-31,75.12999725341797,75.13999938964844,73.83999633789062,74.04000091552734,63.1668701171875,3469500.0,-0.0079059255018282,-0.0079373430301648,1.3000030517578125,63.70231900891192,COF
2016-11-01,74.43000030517578,74.51000213623047,72.41999816894531,73.2300033569336,62.47586441040039,3967300.0,-0.0109393690949883,-0.0109996439756122,2.090003967285156,57.72813831948814,COF
2016-11-02,73.08000183105469,73.33999633789062,72.19000244140625,72.61000061035156,61.94688034057617,4032200.0,-0.0084670148195046,-0.008503063617513,1.149993896484375,60.69455734870643,COF
2016-11-03,72.80000305175781,73.26000213623047,72.1500015258789,72.31999969482422,61.699462890625,5653300.0,-0.0039940259879255,-0.0040020234114359,1.1100006103515625,55.6187915091952,COF
2016-11-04,72.4000015258789,73.69000244140625,71.91000366210938,73.0999984741211,62.36491394042969,3646700.0,0.0107853621186999,0.0107276149457424,1.779998779296875,58.73009489156433,COF
2016-11-07,74.27999877929688,75.0,74.27999877929688,74.83999633789062,63.84940719604492,4126500.0,0.0238033400805011,0.0235244574705827,0.720001220703125,65.67658129344659,COF
2016-11-08,73.88999938964844,73.88999938964844,72.30000305175781,72.83999633789062,62.1430892944336,6617900.0,-0.0267240993541599,-0.0270876803146335,1.589996337890625,45.87722324893302,COF
2016-11-09,73.6500015258789,76.66000366210938,73.25,76.30000305175781,65.45445251464844,13256900.0,0.0532861056283444,0.0519149014967414,3.410003662109375,58.879881007870814,COF
2016-11-10,76.66999816894531,79.69000244140625,76.66999816894531,79.2300033569336,67.96794891357422,7306100.0,0.0384006939537577,0.0376817352588343,3.020004272460937,65.90629688483011,COF
2016-11-11,78.75,81.25,78.7300033569336,80.98999786376953,69.47777557373047,4614800.0,0.0222138034807566,0.0219706709595146,2.5199966430664062,68.54487628160263,COF
2016-11-14,80.9800033569336,83.81999969482422,80.94999694824219,83.76000213623047,71.85404205322266,5506700.0,0.0342018215158668,0.0336299422585208,2.8700027465820312,73.1792759159006,COF
2016-11-15,82.27999877929688,82.69000244140625,79.87000274658203,82.1500015258789,70.47286987304688,6241500.0,-0.0192219134889132,-0.019409056514013,2.8199996948242188,67.3850400960172,COF
2016-11-16,80.37000274658203,81.0,79.44000244140625,80.22000122070312,68.81723022460938,3710600.0,-0.0234932911263588,-0.0237736583626946,1.55999755859375,63.36006974112602,COF
2016-11-17,80.25,81.55999755859375,79.31999969482422,81.55999755859375,69.96675109863281,3073000.0,0.0167039689082453,0.0165659920075438,2.2399978637695312,65.96127655245587,COF
2016-11-18,81.38999938964844,82.38999938964844,81.06999969482422,82.01000213623047,70.35277557373047,2306500.0,0.005517255968531,0.0055020916631533,1.3199996948242188,68.32486616346154,COF
2016-11-21,82.7300033569336,83.3499984741211,82.06999969482422,83.20999908447266,71.38221740722656,3128900.0,0.0146325688659891,0.014526545838277,1.279998779296875,72.32681740383751,COF
2016-11-22,83.4000015258789,83.87999725341797,82.43000030517578,82.58999633789062,70.85033416748047,3812800.0,-0.0074512008601773,-0.0074790997304274,1.4499969482421875,72.31630585250772,COF
2016-11-23,82.87000274658203,84.80000305175781,82.87000274658203,84.62000274658203,72.59178161621094,3417000.0,0.0245792411453407,0.024282031870072,1.9300003051757808,75.39908507090044,COF
2016-11-25,84.26000213623047,84.79000091552734,83.94000244140625,84.56999969482422,72.54891204833984,1582700.0,-0.0005905567671247,-0.0005907312144563,0.8499984741210938,74.45752628909653,COF
2016-11-28,83.91000366210938,84.55000305175781,83.08999633789062,83.23999786376953,71.40797424316406,3390900.0,-0.0157264633329796,-0.0158514361426893,1.4600067138671875,68.45695049010614,COF
2016-11-29,83.41999816894531,83.55000305175781,82.44999694824219,82.5999984741211,70.85892486572266,2242700.0,-0.0076889084624042,-0.0077186205192547,1.100006103515625,72.55774884170584,COF
2016-11-30,83.80000305175781,84.52999877929688,83.31999969482422,84.04000091552734,72.09423065185547,3800700.0,0.017433312578108,0.0172830957229671,1.2099990844726562,69.25367877564258,COF
2016-12-01,84.44999694824219,86.7699966430664,84.16999816894531,86.61000061035156,74.29891204833984,5276900.0,0.0305805523763866,0.0301222865383153,2.5999984741210938,68.69297912850257,COF
2016-12-02,86.47000122070312,86.62000274658203,85.18000030517578,86.0,73.775634765625,5086800.0,-0.0070428660163205,-0.007067784062414,1.44000244140625,63.47501020201668,COF
2016-12-05,86.4800033569336,87.3499984741211,86.38999938964844,86.70999908447266,74.38468933105469,4257200.0,0.0082554974601651,0.0082216072337038,0.9599990844726562,58.92310564546893,COF
2016-12-06,87.0,87.88999938964844,85.69999694824219,87.83999633789062,75.35408782958984,3407500.0,0.0130322315956818,0.0129480427225393,2.19000244140625,67.72599296602314,COF
2016-12-07,87.5999984741211,89.79000091552734,87.26000213623047,89.58000183105469,76.84674835205078,2912300.0,0.0198086204140182,0.0196149826469434,2.529998779296875,79.5082394674613,COF
2016-12-08,89.91999816894531,91.37999725341795,89.08000183105469,90.61000061035156,77.73036193847656,3180800.0,0.0114983861435198,0.0114327821162536,2.299995422363267,79.09976470642064,COF
2016-12-09,90.61000061035156,90.62999725341795,89.3499984741211,90.4499969482422,77.59307861328125,3428100.0,-0.0017661480246801,-0.0017677095029079,1.2799987792968608,77.65394547661772,COF
2016-12-12,90.1500015258789,91.08000183105467,89.12000274658203,89.41999816894531,76.70951080322266,3387900.0,-0.011387198779188,-0.0114525293555534,1.959999084472642,70.57659699740265,COF
2016-12-13,89.73999786376953,90.08000183105467,88.31999969482422,89.44999694824219,76.73524475097656,2911800.0,0.0003354727136759,0.0003354164552868,1.7600021362304543,73.65530557431386,COF
2016-12-14,88.80000305175781,90.12000274658205,88.08999633789062,88.94999694824219,76.30630493164062,3596800.0,-0.0055898670907735,-0.0056055488644774,2.0300064086914205,66.69242626628889,COF
2016-12-15,89.56999969482422,91.63999938964844,89.04000091552734,90.36000061035156,77.51588439941406,3586200.0,0.0158516320356101,0.0157273070316445,2.5999984741210938,70.20230512530729,COF
2016-12-16,90.66000366210938,90.66000366210938,89.05000305175781,89.66999816894531,76.92396545410156,9370400.0,-0.0076360987157487,-0.0076654029931016,1.6100006103515625,73.48416636458484,COF
2016-12-19,89.95999908447266,90.19000244140624,89.12000274658203,90.04000091552734,77.24138641357422,3258100.0,0.0041264248092105,0.0041179344668498,1.0699996948242043,77.71985701391291,COF
2016-12-20,90.51000213623048,90.83999633789062,90.0,90.62000274658205,77.73892211914062,2066500.0,0.0064413098814986,0.006420653301176,0.839996337890625,76.19427625425118,COF
2016-12-21,90.79000091552734,90.91000366210938,90.12999725341795,90.44000244140624,77.58451080322266,2460600.0,-0.0019862806392056,-0.0019882559106569,0.7800064086914205,68.82995022404427,COF
2016-12-22,89.93000030517578,90.02999877929688,88.62999725341797,89.19000244140625,76.5121841430664,2620800.0,-0.013821401321663,-0.0139178062201779,1.4000015258789062,64.75476125246712,COF
2016-12-23,89.3499984741211,90.19000244140624,89.12000274658203,89.68000030517578,76.93254089355469,2980000.0,0.0054939844574595,0.0054789475746423,1.0699996948242043,64.02268810738724,COF
2016-12-27,90.2300033569336,90.2300033569336,89.6500015258789,89.76000213623047,77.0011978149414,2026000.0,0.0008924301808999,0.0008920322018474,0.5800018310546875,60.06298161451448,COF
2016-12-28,89.98999786376953,89.98999786376953,87.83999633789062,88.19000244140625,75.65436553955078,2231800.0,-0.0174910561602884,-0.0176458321354095,2.1500015258789062,42.58300271455419,COF
2016-12-29,88.41999816894531,88.55999755859375,86.94999694824219,87.11000061035156,74.72785949707031,2102700.0,-0.0122465641721112,-0.012322171257923,1.6100006103515625,31.42261815970892,COF
2016-12-30,87.08000183105469,87.58999633789062,86.27999877929688,87.23999786376953,74.83937072753906,2424800.0,0.0014922310262763,0.0014911187559305,1.30999755859375,32.90747321523284,COF
2017-01-03,88.55000305175781,89.5999984741211,87.79000091552734,88.87000274658203,76.23768615722656,3441100.0,0.0186842221693475,0.0185118162926517,1.80999755859375,47.24724537587254,COF
2017-01-04,89.12999725341797,90.7699966430664,89.12999725341797,90.3000030517578,77.46440887451172,2630900.0,0.0160907653303545,0.0159626811211447,1.6399993896484375,53.73125354783952,COF
2017-01-05,89.83999633789062,89.93000030517578,87.5999984741211,88.37999725341797,75.81735229492188,2223900.0,-0.0212621073796352,-0.0214914020010287,2.3300018310546875,47.77529384810848,COF
2017-01-06,88.7699966430664,89.18000030517578,88.08999633789062,88.5999984741211,76.00606536865234,1795800.0,0.0024890485887241,0.0024859560378954,1.0900039672851562,42.426886418794965,COF
2017-01-09,88.22000122070312,88.4000015258789,87.4000015258789,87.44000244140625,75.0109634399414,2122800.0,-0.0130924015588018,-0.0131788625317599,1.0,40.77757319541065,COF
2017-01-10,87.80999755859375,89.37000274658203,87.44000244140625,88.9800033569336,76.33204650878906,3141200.0,0.0176118664294373,0.0174585747281796,1.9300003051757808,46.00294709251281,COF
2017-01-11,88.98999786376953,89.25,88.01000213623047,89.13999938964844,76.46931457519531,1885100.0,0.0017983019280172,0.0017966869189977,1.2399978637695312,44.23684319891393,COF
2017-01-12,88.72000122070312,88.8499984741211,86.77999877929688,87.88999938964844,75.39697265625,2064300.0,-0.0140231663498282,-0.0141224199393216,2.0699996948242188,40.833922080745246,COF
2017-01-13,88.41999816894531,89.73999786376953,88.41999816894531,88.8499984741211,76.22052001953125,2327800.0,0.0109228173793656,0.0108635942747785,1.3199996948242188,48.75186669861902,COF
2017-01-17,88.19999694824219,88.19999694824219,86.05000305175781,86.37000274658203,74.09303283691406,2192300.0,-0.0279122627616817,-0.0283092139468307,2.149993896484375,39.39781358748043,COF
2017-01-18,86.94000244140625,87.31999969482422,85.7699966430664,87.27999877929688,74.87369537353516,1706400.0,0.0105362475624315,0.0104811281359873,1.5500030517578125,42.45734984809535,COF
2017-01-19,87.37000274658203,87.58999633789062,86.33999633789062,86.72000122070312,74.39329528808594,1696700.0,-0.0064161396476101,-0.0064368115415444,1.25,45.23646901980042,COF
2017-01-20,86.72000122070312,88.0,86.69000244140625,87.33999633789062,74.92516326904297,1684500.0,0.0071494074687428,0.0071239716173876,1.30999755859375,50.768192476757584,COF
2017-01-23,87.05000305175781,87.77999877929688,86.51000213623047,86.87000274658203,74.5219497680664,2821000.0,-0.0053815498476619,-0.0053960825494658,1.2699966430664062,48.79158580074832,COF
2017-01-24,87.5199966430664,89.13999938964844,86.98999786376953,88.7300033569336,76.11759185791016,2711800.0,0.021411706145771,0.0211856960486085,2.1500015258789062,49.54957120414803,COF
2017-01-25,87.83000183105469,88.83000183105469,87.12000274658203,88.37999725341797,75.81735229492188,5304100.0,-0.0039444175210999,-0.0039522172529122,1.7099990844726562,43.36111898709576,COF
2017-01-26,88.5,89.72000122070312,87.81999969482422,89.70999908447266,76.9582748413086,3004700.0,0.0150483037438269,0.0149362012567834,1.9000015258789065,54.79440021185477,COF
2017-01-27,89.95999908447266,90.0,88.93000030517578,89.1500015258789,76.4779052734375,2195200.0,-0.0062419482357373,-0.0062615106421302,1.0699996948242188,51.9353330575352,COF
2017-01-30,89.1500015258789,89.1500015258789,87.37999725341797,88.80999755859375,76.18623352050781,3550400.0,-0.0038138041554204,-0.0038210952502639,1.7700042724609375,55.11577876270186,COF
2017-01-31,88.27999877929688,88.66000366210938,86.68000030517578,87.38999938964844,74.96804809570312,2880400.0,-0.0159895740806871,-0.0161187865395588,1.9800033569335935,44.00904765096173,COF
2017-02-01,88.0999984741211,88.94999694824219,87.2300033569336,87.51000213623047,75.07099914550781,2263100.0,0.001373265710123,0.0013723236431413,1.7199935913085938,43.83975014822512,COF
2017-02-02,86.73999786376953,87.0,85.83999633789062,86.33999633789062,74.06730651855469,2147700.0,-0.0133699116619947,-0.0134600936497477,1.160003662109375,44.10653562414277,COF
2017-02-03,87.94000244140625,88.08000183105469,86.66000366210938,87.91999816894531,75.42272186279297,2891200.0,0.0182997790516215,0.0181343532177723,1.4199981689453125,46.62313983505962,COF
2017-02-06,87.3499984741211,88.4000015258789,87.18000030517578,87.62000274658203,75.16535949707031,1430600.0,-0.0034122656855428,-0.0034181007417199,1.220001220703125,55.39258868197877,COF
2017-02-07,88.0999984741211,88.41999816894531,87.19999694824219,88.11000061035156,75.58570861816406,3514000.0,0.0055923250271974,0.0055767460324732,1.220001220703125,53.71525889572116,COF
2017-02-08,87.5999984741211,87.91000366210938,87.05000305175781,87.54000091552734,75.09674072265625,2052600.0,-0.006469052211681,-0.0064900672103832,0.8600006103515625,53.66727335787675,COF
2017-02-09,87.13999938964844,88.69999694824219,87.11000061035156,88.54000091552734,76.30326080322266,1809200.0,0.0160662109827411,0.0159385153230289,1.589996337890625,56.71227480825257,COF
2017-02-10,88.88999938964844,88.88999938964844,88.08999633789062,88.4000015258789,76.18260192871094,1617300.0,-0.0015813069224247,-0.0015825585078173,0.8000030517578125,58.31744345559941,COF
2017-02-13,88.7699966430664,89.58000183105469,88.70999908447266,89.02999877929688,76.72550964355469,1791300.0,0.0071264002685518,0.0071011274764774,0.8700027465820312,53.403713452615584,COF
2017-02-14,89.01000213623047,90.51000213623048,88.69999694824219,90.18000030517578,77.71659088134766,2148200.0,0.0129172323833006,0.0128345164825719,1.8100051879882957,59.87021936464108,COF
2017-02-15,90.48999786376952,91.36000061035156,89.61000061035156,90.93000030517578,78.36294555664062,2297700.0,0.0083168171424268,0.0082824229870854,1.75,57.69557115831695,COF
2017-02-16,90.9800033569336,91.25,89.81999969482422,90.51000213623048,78.00096893310547,1801000.0,-0.0046192319719977,-0.0046299335922313,1.4300003051757812,58.45386119695877,COF
2017-02-17,90.33999633789062,92.04000091552734,90.08000183105467,91.80999755859376,79.12129211425781,4044700.0,0.0143629392874997,0.0142607694193613,1.9599990844726705,64.91884882131849,COF
2017-02-21,91.6999969482422,93.56999969482422,91.61000061035156,92.8499984741211,80.017578125,3825200.0,0.0113280001727964,0.0112643188489372,1.959999084472656,76.53500437003359,COF
2017-02-22,92.41999816894533,93.23999786376952,92.08999633789062,92.88999938964844,80.05204772949219,1821400.0,0.0004307754033536,0.0004306826462669,1.150001525878892,76.36489483537589,COF
2017-02-23,93.25,93.5199966430664,92.88999938964844,93.41000366210938,80.50019836425781,2143000.0,0.0055982407380756,0.0055826288274495,0.6299972534179688,86.17714345537517,COF
2017-02-24,92.52999877929688,92.8000030517578,91.7699966430664,92.61000061035156,79.81075286865234,2252300.0,-0.0085645192138008,-0.0086014054681761,1.030006408691392,76.67543560212532,COF
2017-02-27,92.38999938964844,93.72000122070312,92.05999755859376,93.66000366210938,80.71563720703125,1730400.0,0.0113378749836894,0.0112740830032786,1.6600036621093608,81.27841983971382,COF
2017-02-28,93.04000091552734,93.93000030517578,92.98999786376952,93.86000061035156,80.88798522949219,3122400.0,0.0021352494810749,0.0021329730757878,0.9400024414062642,80.74006514427458,COF
2017-03-01,95.0,96.91999816894533,94.80999755859376,96.12000274658205,82.83565521240234,3387900.0,0.0240786066976981,0.0237932880243046,2.1100006103515625,88.37576015296506,COF
2017-03-02,96.20999908447266,96.33000183105467,94.27999877929688,94.33000183105467,81.29303741455078,1625900.0,-0.0186226304831665,-0.018798214979985,2.0500030517577983,73.94516359099103,COF
2017-03-03,94.19000244140624,94.63999938964844,93.33000183105467,93.94000244140624,80.95693969726562,2539200.0,-0.0041343973355459,-0.0041429675862477,1.3099975585937642,72.44716263720497,COF
2017-03-06,93.5,93.68000030517578,92.8499984741211,93.0,80.1468505859375,1936800.0,-0.0100064196393466,-0.0100568203587143,0.8300018310546875,65.69164123953755,COF
2017-03-07,93.06999969482422,93.33999633789062,92.48999786376952,92.81999969482422,79.99171447753906,1641300.0,-0.0019356482165459,-0.0019375240045229,0.849998474121108,61.3012003629057,COF
2017-03-08,94.0199966430664,94.43000030517578,92.27999877929688,92.4000015258789,79.6297836303711,2028600.0,-0.004524604198471,-0.0045348712011683,2.1500015258789062,56.475733403220254,COF
2017-03-09,92.7699966430664,93.3499984741211,91.8499984741211,92.11000061035156,79.37982177734375,1653500.0,-0.00313904975791,-0.0031439869092844,1.5,57.12997351247328,COF
2017-03-10,92.81999969482422,93.0,91.56999969482422,92.19000244140624,79.44879913330078,1644300.0,0.0008689532731693,0.0008685759518411,1.4300003051757812,51.90011924712306,COF
2017-03-13,92.1999969482422,92.41000366210938,91.6500015258789,91.79000091552734,79.10405731201172,1830200.0,-0.0043391696923026,-0.0043486112112461,0.7600021362304688,44.33757844310245,COF
2017-03-14,91.36000061035156,91.77999877929688,90.77999877929688,91.75,79.06961059570312,1730800.0,-0.0004354608028855,-0.0004355556434749,1.0,43.910386156331455,COF
2017-03-15,91.01000213623048,91.95999908447266,89.12999725341797,89.91999816894531,77.49251556396484,3179000.0,-0.0199456532017369,-0.0201472529385469,2.8300018310546875,33.64579573786678,COF
2017-03-16,90.37999725341795,91.08999633789062,89.95999908447266,90.20999908447266,77.742431640625,1781900.0,0.003225035022303,0.0032198457509168,1.1299972534179688,38.1890027926511,COF
2017-03-17,90.43000030517578,90.6999969482422,88.01000213623047,88.2300033569336,76.03610229492188,3388300.0,-0.0219484946597871,-0.0221929463869687,2.689994812011733,25.51867882385436,COF
2017-03-20,88.11000061035156,88.2300033569336,86.58000183105469,86.77999877929688,74.78649139404297,2802000.0,-0.0164344418396412,-0.0165709853569202,1.6500015258789062,21.31306312284731,COF
2017-03-21,87.0999984741211,87.0999984741211,83.33999633789062,83.6500015258789,72.08905792236328,4559000.0,-0.0360684586400392,-0.0367350020800519,3.7600021362304688,2.80114785541096,COF
2017-03-22,83.08000183105469,84.44000244140625,82.1500015258789,83.68000030517578,72.11492156982422,3133700.0,0.0003587735532455,0.0003587092094037,2.290000915527344,3.4938184742185143,COF
2017-03-23,83.5999984741211,85.05999755859375,83.2300033569336,83.77999877929688,72.20110321044922,2671200.0,0.0011950597566907,0.0011943462411856,1.829994201660156,4.480677257810271,COF
2017-03-24,83.98999786376953,84.5199966430664,83.18000030517578,83.80000305175781,72.21835327148438,1966100.0,0.0002389168623209,0.0002388883262324,1.339996337890625,5.078698428452128,COF
2017-03-27,81.93000030517578,82.87000274658203,81.31999969482422,82.12999725341797,70.77915954589844,4282100.0,-0.019928365303148,-0.020129613359507,1.5500030517578125,4.433591597874113,COF
2017-03-28,82.01000213623047,84.62999725341797,81.9000015258789,84.16999816894531,72.53721618652344,3789300.0,0.0248386198974988,0.0245351561923232,2.7299957275390625,19.17630808141428,COF
2017-03-29,84.88999938964844,85.19000244140625,84.02999877929688,84.68000030517578,72.97673034667969,2488400.0,0.0060591539524494,0.0060408710944039,1.160003662109375,22.62375100793561,COF
2017-03-30,84.81999969482422,87.26000213623047,84.5199966430664,87.13999938964844,75.09674072265625,4081700.0,0.029050498232866,0.0286365307040066,2.7400054931640625,34.16931744954262,COF
2017-03-31,86.66999816894531,87.23999786376953,86.27999877929688,86.66000366210938,74.68305206298828,2661900.0,-0.0055087431982672,-0.0055239722785582,0.9599990844726562,33.9987827952191,COF
2017-04-03,86.87999725341797,86.91000366210938,84.66999816894531,85.80000305175781,73.94193267822266,3158800.0,-0.0099235283547405,-0.0099730947505515,2.2400054931640625,32.344242803800284,COF
2017-04-04,85.37999725341797,85.9000015258789,85.12000274658203,85.26000213623047,73.47657012939453,1840300.0,-0.0062936216565134,-0.0063135099836077,0.779998779296875,35.02577926666493,COF
2017-04-05,86.58000183105469,86.62000274658203,83.9800033569336,84.12999725341797,72.50273895263672,2483700.0,-0.0132536286743225,-0.013342241845813,2.639999389648437,31.46349876572134,COF
2017-04-06,83.93000030517578,84.75,82.55000305175781,84.2300033569336,72.58891296386719,4378900.0,0.0011885621491729,0.0011878563683692,2.1999969482421875,36.22588775849896,COF
2017-04-07,83.25,84.33000183105469,82.79000091552734,83.54000091552734,71.99427032470703,2767300.0,-0.0081919209818743,-0.0082256591464817,1.5400009155273438,38.226744747132784,COF
2017-04-10,83.55000305175781,83.81999969482422,82.52999877929688,82.7699966430664,71.3306655883789,2463300.0,-0.0092174659640988,-0.0092602096653247,1.2900009155273438,46.140298016022165,COF
2017-04-11,82.4000015258789,83.11000061035156,81.62000274658203,83.08999633789062,71.60645294189453,2351200.0,0.0038663224468853,0.0038588674317368,1.4899978637695312,47.47643649174464,COF
2017-04-12,82.63999938964844,83.16999816894531,82.02999877929688,82.41999816894531,71.02906036376953,2317100.0,-0.0080634154381802,-0.0080961005936768,1.1399993896484375,44.45351075705957,COF
2017-04-13,82.05000305175781,82.95999908447266,80.9000015258789,81.0199966430664,69.82254028320312,3400100.0,-0.0169862880683949,-0.0171322098665355,2.05999755859375,39.80929918000334,COF
2017-04-17,80.58000183105469,83.02999877929688,80.05000305175781,83.0,71.52890014648438,3759400.0,0.0244385245274689,0.0241446815547645,2.9799957275390625,53.1181858104935,COF
2017-04-18,82.55000305175781,83.22000122070312,81.16000366210938,81.9000015258789,70.58094024658203,3119400.0,-0.0132528236553478,-0.0133414260144406,2.05999755859375,41.275947127570895,COF
2017-04-19,82.43000030517578,82.91999816894531,81.58000183105469,81.91000366210938,70.58955383300781,2157800.0,0.0001220384199429,0.0001220309738607,1.339996337890625,38.92884842926454,COF
2017-04-20,82.33000183105469,84.05000305175781,82.33000183105469,83.72000122070312,72.14939880371094,2945300.0,0.0220973909878112,0.021856781749901,1.720001220703125,35.581790793879705,COF
2017-04-21,83.63999938964844,83.95999908447266,82.6500015258789,82.66999816894531,71.24451446533203,2524900.0,-0.012541813977421,-0.012621126371636,1.30999755859375,33.95021281202459,COF
2017-04-24,84.62999725341797,85.05000305175781,84.13999938964844,84.68000030517578,72.97673034667969,2897700.0,0.0243136737522515,0.0240228017339869,0.910003662109375,45.87632931997619,COF
2017-04-25,85.37000274658203,86.02999877929688,85.22000122070312,85.58000183105469,73.75234985351562,3480200.0,0.010628312657354,0.0105722291742681,0.80999755859375,51.14779563668095,COF
2017-04-26,82.0,84.26000213623047,81.98999786376953,83.05999755859375,71.5805892944336,7440300.0,-0.029446662559166,-0.02988891916008,2.270004272460937,46.51001765953932,COF
2017-04-27,83.19000244140625,83.62000274658203,82.26000213623047,82.30999755859375,70.93427276611328,3611600.0,-0.0090292149686251,-0.0090702253779477,1.3600006103515625,43.99252989234159,COF
2017-04-28,81.43000030517578,82.16999816894531,79.91000366210938,80.37999725341797,69.27101135253906,6153800.0,-0.0234479236723603,-0.0237272005147789,2.259994506835937,40.824686511472,COF
2017-05-01,81.16999816894531,81.98999786376953,80.76000213623047,81.56999969482422,70.29653930664062,3555300.0,0.0148045760279487,0.0146960580232729,1.2299957275390625,46.5987307816809,COF
2017-05-02,81.58000183105469,82.47000122070312,80.97000122070312,82.45999908447266,71.06353759765625,3046100.0,0.0109108968745943,0.010851802499137,1.5,48.27022935425234,COF
2017-05-03,82.08000183105469,82.81999969482422,81.77999877929688,82.48999786376953,71.08940887451172,2456600.0,0.000364058386763,0.000363992133588,1.0400009155273438,50.19927846583294,COF
2017-05-04,83.0199966430664,83.20999908447266,82.16999816894531,82.48999786376953,71.08940887451172,3176200.0,0.0,0.0,1.0400009155273438,54.54555906617999,COF
2017-05-05,82.87999725341797,82.98999786376953,82.0,82.2699966430664,70.8998031616211,2326600.0,-0.0026671443171699,-0.0026707074836372,0.9899978637695312,47.46709344080505,COF
2017-05-08,82.33999633789062,82.41000366210938,81.83999633789062,82.12000274658203,70.77056121826172,1760800.0,-0.0018228815539128,-0.0018245450243397,0.57000732421875,50.817348546833614,COF
2017-05-09,82.19999694824219,82.80999755859375,81.81999969482422,82.31999969482422,70.94288635253906,2786100.0,0.0024349832940546,0.0024320235259171,0.9899978637695312,51.50182052609117,COF
2017-05-10,82.0199966430664,82.44000244140625,81.52999877929688,81.66999816894531,70.38272857666016,2831700.0,-0.0078958977380099,-0.0079272354069083,0.910003662109375,41.793453645404725,COF
2017-05-11,80.98999786376953,81.27999877929688,79.66000366210938,80.16000366210938,69.42144012451172,3771600.0,-0.0136580162717251,-0.013752145033401,1.6199951171875,41.57559031577522,COF
2017-05-12,79.83000183105469,80.36000061035156,78.69000244140625,79.4000015258789,68.76322174072266,3953300.0,-0.009481485584403,-0.0095267210287273,1.6699981689453125,28.38382312304249,COF
2017-05-15,80.01000213623047,81.55000305175781,80.01000213623047,81.1500015258789,70.27880859375,2563500.0,0.0220406609036147,0.0218012766100612,1.5400009155273438,33.43749681689006,COF
2017-05-16,81.30999755859375,81.41999816894531,80.55999755859375,80.69000244140625,69.88042449951172,1985200.0,-0.0056686233334027,-0.0056847509551374,0.8600006103515625,40.24327453016719,COF
2017-05-17,80.69000244140625,80.69000244140625,78.16999816894531,78.47000122070312,67.95783233642578,3149600.0,-0.027512599942769,-0.0278981598128196,2.520004272460937,35.10149806841285,COF
2017-05-18,78.45999908447266,80.13999938964844,78.33999633789062,79.2699966430664,68.65065002441406,5927100.0,0.0101948173472996,0.0101432007152533,1.8000030517578125,46.56066215036444,COF
2017-05-19,79.56999969482422,81.0999984741211,79.25,80.2699966430664,69.51668548583984,2796300.0,0.0126151094143724,0.0125362018470223,1.8499984741210935,45.59858351353749,COF
2017-05-22,80.7300033569336,80.93000030517578,79.27999877929688,79.62999725341797,68.96241760253906,2404800.0,-0.0079731632690353,-0.0080051189069798,1.6500015258789062,37.84973087443748,COF
2017-05-23,79.69000244140625,80.68000030517578,79.11000061035156,80.33999633789062,69.5772933959961,1995100.0,0.0089160997371182,0.008876586018342,1.5699996948242188,41.81347903597021,COF
2017-05-24,80.3499984741211,80.3499984741211,79.75,79.91999816894531,69.21358489990234,1582300.0,-0.0052274021931798,-0.0052411128616825,0.5999984741210938,40.22917338937222,COF
2017-05-25,79.9000015258789,80.51000213623047,79.18000030517578,79.51000213623047,68.85851287841797,2122400.0,-0.0051300914697293,-0.0051432955671503,1.3300018310546875,39.547466836268285,COF
2017-05-26,79.5,80.11000061035156,79.08000183105469,79.79000091552734,69.10100555419922,2365600.0,0.0035216077961111,0.0035154214550332,1.029998779296875,41.548969418539805,COF
2017-05-30,79.4000015258789,79.58999633789062,78.2300033569336,78.27999877929688,67.79328918457031,2361700.0,-0.0189247082461513,-0.0191060723579816,1.3599929809570312,35.700826588265926,COF
2017-05-31,78.38999938964844,78.38999938964844,76.05000305175781,76.91999816894531,66.61547088623047,4272400.0,-0.0173736709415762,-0.0175263643099924,2.339996337890625,33.80492521394152,COF
2017-06-01,77.45999908447266,77.97000122070312,76.80999755859375,77.91999816894531,67.48149871826172,3298700.0,0.0130004009655699,0.0129166210863791,1.160003662109375,41.59151214685753,COF
2017-06-02,77.41999816894531,78.33999633789062,76.91000366210938,78.04000091552734,67.5854263305664,2529400.0,0.0015400904585505,0.0015389057354714,1.42999267578125,44.63727920497115,COF
2017-06-05,78.05000305175781,78.83000183105469,77.77999877929688,78.33000183105469,67.83658599853516,2017300.0,0.0037161808633165,0.0037092929224939,1.0500030517578125,37.43311351250341,COF
2017-06-06,77.7699966430664,78.43000030517578,77.0999984741211,78.2699966430664,67.78460693359375,2507300.0,-0.0007662393998207,-0.0007665331112748,1.3300018310546875,38.81692773786872,COF
2017-06-07,78.5199966430664,79.5199966430664,78.20999908447266,78.9000015258789,68.33020782470703,2442400.0,0.0080490382078601,0.0080168174815861,1.30999755859375,52.32923937983668,COF
2017-06-08,78.9000015258789,80.16000366210938,78.79000091552734,79.41999816894531,68.7805404663086,2328600.0,0.0065905352250184,0.0065689125988676,1.3700027465820312,50.83789314536967,COF
2017-06-09,80.06999969482422,80.41999816894531,79.30999755859375,80.06999969482422,69.34349060058594,3484200.0,0.0081847297282158,0.0081514164777129,1.1100006103515625,48.837295063075246,COF
2017-06-12,80.1500015258789,80.95999908447266,79.61000061035156,80.16999816894531,69.43006896972656,2638200.0,0.0012485435675471,0.0012477647851888,1.3499984741210938,53.34982304347731,COF
2017-06-13,80.5,80.91999816894531,79.8499984741211,80.56999969482422,69.77649688720703,2690700.0,0.00498959489197,0.0049771881161195,1.0699996948242188,51.48398141243656,COF
2017-06-14,79.45999908447266,80.19999694824219,78.45999908447266,80.08999633789062,69.36079406738281,2858400.0,-0.0059576338504955,-0.0059754513530603,1.7399978637695312,51.08821568722554,COF
2017-06-15,79.61000061035156,81.55000305175781,79.48999786376953,81.3499984741211,70.4520034790039,3871300.0,0.0157323661917856,0.0156098953528111,2.060005187988281,60.62337873716977,COF
2017-06-16,81.45999908447266,81.6500015258789,80.93000030517578,81.30999755859375,70.4173583984375,3266400.0,-0.0004917543697211,-0.0004918753205549,0.720001220703125,59.02591267719691,COF
2017-06-19,81.7300033569336,81.94999694824219,81.29000091552734,81.7300033569336,70.78109741210938,3232200.0,0.0051654737119468,0.0051521784172884,0.6599960327148438,73.53309504866247,COF
2017-06-20,81.62999725341797,81.75,81.08999633789062,81.22000122070312,70.33942413330078,2695800.0,-0.0062399891349103,-0.0062595392378306,0.660003662109375,83.17875932949957,COF
2017-06-21,81.30000305175781,81.30000305175781,80.69000244140625,80.87999725341797,70.04498291015625,2602300.0,-0.0041860055974659,-0.004194791445876,0.6100006103515625,75.42953844011437,COF
2017-06-22,80.7300033569336,80.83000183105469,80.06999969482422,80.38999938964844,69.6205825805664,2241000.0,-0.0060589682794869,-0.0060773983101503,0.7600021362304688,68.98169232170507,COF
2017-06-23,80.75,80.77999877929688,79.37000274658203,79.5199966430664,68.86715698242188,3163900.0,-0.0108218801138679,-0.0108808625785623,1.4099960327148438,58.788609856484605,COF
2017-06-26,79.88999938964844,80.83999633789062,79.62000274658203,80.58999633789062,69.79380798339844,2149000.0,0.0134556302536648,0.0133659072181671,1.2199935913085938,64.90996836267203,COF
2017-06-27,80.8499984741211,82.23999786376953,80.76000213623047,81.37999725341797,70.47799682617188,2045500.0,0.0098030020504997,0.0097552643541828,1.4799957275390625,65.61718142370069,COF
2017-06-28,82.12000274658203,83.5199966430664,82.05000305175781,82.9800033569336,71.86365509033203,3789300.0,0.0196608633411896,0.0194700850897463,1.4699935913085938,69.73397636864753,COF
2017-06-29,81.75,83.0,80.47000122070312,81.47000122070312,70.55591583251953,6081700.0,-0.0181975054868651,-0.0183651166065391,2.529998779296875,57.08483613683276,COF
2017-06-30,82.0199966430664,83.18000030517578,81.58999633789062,82.62000274658203,71.5518798828125,2969600.0,0.014115953829543,0.0140172515202938,1.5900039672851562,61.207695593652026,COF
2017-07-03,83.41999816894531,84.4800033569336,83.22000122070312,83.55999755859375,72.36593627929688,1558400.0,0.0113771489696377,0.0113129159436465,1.2600021362304688,63.033879338219656,COF
2017-07-05,83.38999938964844,83.80999755859375,82.05000305175781,82.69999694824219,71.62116241455078,2883500.0,-0.0102917740450649,-0.0103451005499878,1.7599945068359375,61.01268645897995,COF
2017-07-06,82.31999969482422,82.94000244140625,81.94000244140625,82.11000061035156,71.1102066040039,3517800.0,-0.0071341457373926,-0.0071597154396583,1.0,53.39899769912062,COF
2017-07-07,82.66000366210938,82.68000030517578,81.91999816894531,82.5,71.44795989990234,1635300.0,0.0047497161382092,0.0047384718273119,0.7600021362304688,55.16053144500076,COF
2017-07-10,82.37999725341797,82.4800033569336,81.95999908447266,82.05000305175781,71.0582275390625,2387600.0,-0.0054547724159773,-0.0054697040107543,0.5200042724609375,51.38407091515421,COF
2017-07-11,82.08000183105469,82.16000366210938,80.80000305175781,81.04000091552734,70.18352508544922,2743500.0,-0.0123096576414383,-0.0123860490255874,1.3600006103515625,49.25367464977421,COF
2017-07-12,80.98999786376953,82.37999725341797,80.63999938964844,82.19999694824219,71.18812561035156,2477500.0,0.0143139080529117,0.0142124312775209,1.7399978637695312,55.12408553434342,COF
2017-07-13,82.25,82.77999877929688,82.0199966430664,82.58999633789062,71.52588653564453,1641400.0,0.0047446245058018,0.0047334042515497,0.7600021362304688,58.60729303095058,COF
2017-07-14,81.83999633789062,82.86000061035156,81.18000030517578,82.5,71.44795989990234,1966200.0,-0.0010894885686366,-0.0010900824927287,1.6800003051757812,62.4167040459975,COF
2017-07-17,82.41000366210938,82.58999633789062,81.88999938964844,82.16999816894531,71.16215515136719,1922600.0,-0.0040001806760552,-0.0040082027992171,0.6999969482421875,57.01600107654417,COF
2017-07-18,81.72000122070312,81.87000274658203,80.97000122070312,81.56999969482422,70.64251708984375,1343000.0,-0.0073021686937126,-0.0073289600304435,0.9000015258789062,50.8580323349748,COF
2017-07-19,81.94999694824219,81.98999786376953,80.7699966430664,81.37999725341797,70.47799682617188,3167500.0,-0.0023289128197773,-0.0023316289551528,1.220001220703125,41.71844321086619,COF
2017-07-20,81.20999908447266,81.5199966430664,80.04000091552734,81.01000213623047,70.15756225585938,4966700.0,-0.0045465902088963,-0.0045569573856311,1.4799957275390625,47.30062421740178,COF
2017-07-21,85.37000274658203,88.23999786376953,84.55000305175781,87.94000244140625,76.15919494628906,9687000.0,0.0855450574029665,0.0820822179067865,3.689994812011719,68.60144624866162,COF
2017-07-24,87.5199966430664,87.55000305175781,86.6500015258789,87.12000274658203,75.44901275634766,3908500.0,-0.0093249697615929,-0.0093687194810662,0.9000015258789062,62.552815293557046,COF
2017-07-25,88.0,88.19999694824219,86.66000366210938,87.08999633789062,75.42304992675781,3267400.0,-0.0003441109252639,-0.0003441701450142,1.5399932861328125,66.4418639794167,COF
2017-07-26,87.18000030517578,87.22000122070312,85.62000274658203,85.70999908447266,74.22793579101562,2504300.0,-0.0158454761097932,-0.0159723577850326,1.5999984741210938,62.72982542270558,COF
2017-07-27,85.91999816894531,85.94999694824219,84.4000015258789,84.80000305175781,73.43982696533203,2884200.0,-0.01061741536101,-0.0106741822850357,1.5499954223632812,57.84439212405941,COF
2017-07-28,84.8499984741211,85.13999938964844,83.80999755859375,84.97000122070312,73.58704376220703,3164200.0,0.0020045907371826,0.0020025842262122,1.3300018310546875,60.15294804508188,COF
2017-07-31,85.41999816894531,86.6500015258789,85.16000366210938,86.18000030517578,74.63496398925781,2927400.0,0.0142405534109657,0.0141401091946077,1.4899978637695312,67.62691515465343,COF
2017-08-01,86.63999938964844,86.7300033569336,85.63999938964844,86.01000213623047,74.48775482177734,2276400.0,-0.0019723888056227,-0.0019743365259523,1.0900039672851562,64.01779283995066,COF
2017-08-02,85.8499984741211,86.0199966430664,85.37999725341797,85.70999908447266,74.22793579101562,2696300.0,-0.0034880770857353,-0.0034941746098319,0.6399993896484375,61.5556238567971,COF
2017-08-03,85.30999755859375,85.62999725341797,84.48999786376953,84.58999633789062,73.6014404296875,2505000.0,-0.0084401560497652,-0.0084759758590919,1.1399993896484375,58.79685525849125,COF
2017-08-04,85.33000183105469,85.41999816894531,84.26000213623047,84.41000366210938,73.4448471069336,2624000.0,-0.0021275850287671,-0.0021298515531807,1.1599960327148438,59.42416276246652,COF
2017-08-07,84.62000274658203,85.41999816894531,84.37999725341797,85.1500015258789,74.08871459960938,1388300.0,0.008766680278309,0.0087284760571902,1.0400009155273438,64.0832686901843,COF
2017-08-08,85.02999877929688,87.37000274658203,85.02999877929688,85.51000213623047,74.40194702148438,1993600.0,0.0042278020825137,0.004218890037368,2.340003967285156,65.84309202744262,COF
2017-08-09,84.95999908447266,85.27999877929688,84.44999694824219,85.13999938964844,74.07999420166016,1338100.0,-0.0043272096055665,-0.0043365990736395,0.8300018310546875,65.83502067000254,COF
2017-08-10,84.5,84.63999938964844,82.98999786376953,83.05999755859375,72.27018737792969,2037000.0,-0.0244304395975494,-0.0247338140266271,1.6500015258789062,26.267673306416768,COF
2017-08-11,83.37000274658203,83.47000122070312,82.33000183105469,82.80000305175781,72.04396057128906,1989300.0,-0.003130292238729,-0.0031352018518386,1.1399993896484375,27.916592033868284,COF
2017-08-14,83.80999755859375,84.70999908447266,83.52999877929688,84.26000213623047,73.31432342529297,1782700.0,0.0176331623626779,0.0174795018725187,1.1800003051757812,38.22457053413872,COF
2017-08-15,84.93000030517578,85.12000274658203,83.31999969482422,84.1500015258789,73.21861267089844,2313700.0,-0.0013054850665308,-0.0013063379545294,1.8000030517578125,43.57489208437429,COF
2017-08-16,84.7300033569336,85.0,83.5999984741211,83.81999969482422,72.93148040771484,1192600.0,-0.0039215747568748,-0.003929284293445,1.4000015258789062,46.54352779080432,COF
2017-08-17,83.79000091552734,84.04000091552734,81.95999908447266,81.98999786376953,71.33920288085938,1758100.0,-0.0218325134489801,-0.0220743694674893,2.0800018310546875,37.22615458386769,COF
2017-08-18,81.68000030517578,82.48999786376953,81.31999969482422,81.52999877929688,70.93897247314453,2415300.0,-0.0056102450203046,-0.0056260415542205,1.1699981689453125,27.327756545798835,COF
2017-08-21,81.63999938964844,81.7300033569336,81.08999633789062,81.41999816894531,70.84325408935547,1409900.0,-0.0013493060366119,-0.0013502171696926,0.6400070190429688,27.50148830830213,COF
2017-08-22,81.70999908447266,82.06999969482422,80.79000091552734,81.44000244140625,70.86065673828125,1878500.0,0.0002456500502339,0.0002456198832005,1.279998779296875,28.571497930734463,COF
2017-08-23,81.0199966430664,82.12000274658203,81.0,81.29000091552734,70.73015594482422,1150800.0,-0.0018416537393807,-0.001843351668614,1.1200027465820312,30.496681774791853,COF
2017-08-24,81.5,81.83999633789062,81.16000366210938,81.43000030517578,70.85192108154297,908800.0,0.0017215448643113,0.0017200647044822,0.67999267578125,32.30371421013936,COF
2017-08-25,81.75,82.37000274658203,81.44000244140625,81.48999786376953,70.90415954589844,1204500.0,0.0007372907263212,0.0007370190610363,0.9300003051757812,26.356614614959355,COF
2017-08-28,81.69000244140625,81.76000213623047,80.3499984741211,80.55000305175781,70.08629608154297,1356100.0,-0.0115347741175331,-0.0116018156625136,1.410003662109375,20.192442470135063,COF
2017-08-29,79.75,79.91000366210938,78.93000030517578,79.73999786376953,69.38147735595703,3162800.0,-0.0100564413443379,-0.0101073489376436,0.9800033569335938,19.178149379703285,COF
2017-08-30,79.73999786376953,80.75,79.52999877929688,80.08999633789062,69.68601989746094,2096300.0,0.0043893925743534,0.0043797872880917,1.220001220703125,28.876443734876645,COF
2017-08-31,80.5199966430664,80.66000366210938,79.5,79.61000061035156,69.26836395263672,3606100.0,-0.0059933964579808,-0.0060114289451965,1.160003662109375,28.00015964568334,COF
2017-09-01,79.86000061035156,80.76000213623047,79.61000061035156,80.30999755859375,69.87743377685547,2438600.0,0.008792900387184,0.0087544679625869,1.1500015258789062,19.56849520505192,COF
2017-09-05,79.63999938964844,79.75,78.27999877929688,78.66000366210938,68.44178009033203,2581400.0,-0.0205453121118902,-0.0207593031187278,1.470001220703125,15.815646283016832,COF
2017-09-06,78.98999786376953,80.0,78.80000305175781,79.47000122070312,69.14657592773438,3434300.0,0.0102977426430481,0.0102450821058366,1.1999969482421875,24.441978430275498,COF
2017-09-07,79.52999877929688,79.58000183105469,77.76000213623047,78.2300033569336,68.06765747070312,3655300.0,-0.0156033533483832,-0.0157263669606597,1.8199996948242188,26.262787299056725,COF
2017-09-08,77.44999694824219,78.55999755859375,76.9800033569336,78.20999908447266,68.05023956298828,2945500.0,-0.0002558910995628,-0.0002559238452765,1.5799942016601562,27.80752675063067,COF
2017-09-11,78.87999725341797,79.62000274658203,78.38999938964844,79.05999755859375,68.78982543945312,2388400.0,0.0108682332525849,0.0108095984607433,1.2300033569335938,35.64483490976119,COF
2017-09-12,79.38999938964844,80.0,79.19000244140625,79.56999969482422,69.23357391357422,2270300.0,0.006450786454047,0.0064300691785256,0.80999755859375,39.26524580228904,COF
2017-09-13,79.44000244140625,80.58000183105469,79.19999694824219,80.20999908447266,69.79043579101562,3485200.0,0.0080432346037278,0.0080110602013161,1.3800048828125,44.13037076007674,COF
2017-09-14,80.16999816894531,80.58000183105469,78.45999908447266,78.69999694824219,68.47657775878906,4228500.0,-0.0188257605406112,-0.0190052210604784,2.1200027465820312,37.08635531446992,COF
2017-09-15,78.5999984741211,80.12999725341797,78.56999969482422,80.04000091552734,69.64252471923828,4445800.0,0.0170269455426979,0.0168836118409965,1.55999755859375,43.88193709122579,COF
2017-09-18,80.19000244140625,80.54000091552734,79.69000244140625,80.25,69.82525634765625,3766200.0,0.0026238512913574,0.0026204150031182,0.8499984741210938,48.65104190897184,COF
2017-09-19,80.19999694824219,81.37000274658203,80.19999694824219,80.95999908447266,70.44300079345703,2693700.0,0.0088470057700191,0.0088081003106417,1.1700057983398438,55.53538066881607,COF
2017-09-20,81.20999908447266,82.06999969482422,80.6500015258789,81.80000305175781,71.17388153076172,3187500.0,0.0103754912350719,0.0103220352625951,1.4199981689453125,57.42826257038142,COF
2017-09-21,81.55999755859375,82.1500015258789,80.88999938964844,81.58000183105469,70.98246765136719,2699800.0,-0.0026893837356868,-0.0026930066251435,1.2600021362304688,58.75558742493268,COF
2017-09-22,81.30999755859375,82.08000183105469,81.1500015258789,81.94000244140625,71.29568481445312,1716700.0,0.0044125989621031,0.0044028919921377,0.9300003051757812,57.47016042763557,COF
2017-09-25,81.88999938964844,82.72000122070312,81.79000091552734,82.4800033569336,71.76555633544922,1812300.0,0.0065904622729824,0.0065688401244741,0.9300003051757812,69.48973292175546,COF
2017-09-26,82.68000030517578,83.1500015258789,82.25,82.80000305175781,72.04396057128906,1735000.0,0.0038793573136743,0.0038718520113284,0.9000015258789062,67.88376302787253,COF
2017-09-27,83.80000305175781,84.44000244140625,83.18000030517578,83.93000030517578,73.02716064453125,2402300.0,0.0136472240760456,0.0135549393854714,1.2600021362304688,80.9779873734293,COF
2017-09-28,83.94999694824219,84.44999694824219,83.33999633789062,84.12000274658203,73.1925277709961,1997800.0,0.0022644605788493,0.0022619005519842,1.1100006103515625,81.53682173444332,COF
2017-09-29,84.36000061035156,84.87999725341797,83.80000305175781,84.66000366210938,73.66236114501953,1978100.0,0.0064191439800171,0.0063986290208144,1.0799942016601562,80.90502694892142,COF
2017-10-02,84.9800033569336,86.02999877929688,84.69000244140625,85.91999816894531,74.75869750976562,3815400.0,0.0148832639587499,0.0147735950014136,1.339996337890625,82.36491843398252,COF
2017-10-03,85.93000030517578,86.38999938964844,85.52999877929688,86.37000274658203,75.15020751953125,2660000.0,0.0052369827566147,0.0052233174516325,0.8600006103515625,82.0165452268406,COF
2017-10-04,86.4000015258789,86.61000061035156,85.97000122070312,86.33999633789062,75.1241226196289,2034200.0,-0.0003471034979586,-0.0003471637523211,0.6399993896484375,96.92908610472864,COF
2017-10-05,86.45999908447266,87.43000030517578,86.04000091552734,87.08999633789062,75.77670288085938,1681700.0,0.008686693946958,0.0086491817028177,1.3899993896484375,96.6891009076286,COF
2017-10-06,87.05000305175781,87.22000122070312,86.43000030517578,87.04000091552734,75.73318481445312,1914800.0,-0.0005742934800775,-0.0005744584497418,0.7900009155273438,95.94061614546008,COF
2017-10-09,87.48999786376953,87.72000122070312,87.05999755859375,87.30000305175781,75.95941925048828,1436100.0,0.0029872563340553,0.0029828033497855,0.660003662109375,95.67742131117714,COF
2017-10-10,87.3499984741211,87.98999786376953,87.20999908447266,87.30000305175781,75.95941925048828,1299200.0,0.0,0.0,0.779998779296875,95.08217929662456,COF
2017-10-11,87.5,87.5,86.70999908447266,86.75,75.48087310791016,1570400.0,-0.0063000237139786,-0.0063199526091435,0.7900009155273438,90.2023567145637,COF
2017-10-12,86.4000015258789,86.5999984741211,84.5,84.58999633789062,73.6014404296875,2795700.0,-0.0248994559924572,-0.0252146912419856,2.0999984741210938,66.09957851940558,COF
2017-10-13,84.30000305175781,85.83000183105469,83.87999725341797,85.36000061035156,74.27140808105469,1931700.0,0.009102643201762,0.0090614638504511,1.9500045776367188,67.02110127971659,COF
2017-10-16,85.79000091552734,86.87000274658203,85.5199966430664,86.8499984741211,75.56787872314453,2217300.0,0.0174558511220759,0.0173052478326454,1.350006103515625,71.02806886875001,COF
2017-10-17,86.9800033569336,86.9800033569336,85.91000366210938,86.06999969482422,74.88921356201172,1450500.0,-0.0089808682286718,-0.0090214393174809,1.0699996948242188,61.53038653674079,COF
2017-10-18,86.33000183105469,86.7699966430664,85.94999694824219,86.66000366210938,75.40254211425781,1167600.0,0.0068545058471074,0.0068311205243056,0.8199996948242188,63.11969237876544,COF
2017-10-19,85.80999755859375,87.5,85.5999984741211,87.4800033569336,76.11602783203125,2045100.0,0.0094623562782842,0.0094178686037512,1.9000015258789065,64.15659601141306,COF
2017-10-20,88.55999755859375,89.68000030517578,88.4000015258789,89.66999816894531,78.02152252197266,3763100.0,0.0250340794733319,0.0247258603043254,1.279998779296875,67.21749443817741,COF
2017-10-23,89.61000061035156,90.0,89.01000213623047,89.72000122070312,78.06505584716797,2221200.0,0.0005579655944685,0.0005578099895449,0.9899978637695312,65.96767304250719,COF
2017-10-24,89.94000244140625,90.0,88.79000091552734,89.5199966430664,77.89103698730469,2685200.0,-0.0022291518013382,-0.0022316400587048,1.2099990844726562,64.91553627494285,COF
2017-10-25,91.0999984741211,92.0,89.97000122070312,90.81999969482422,79.02215576171875,5992500.0,0.0145218091601273,0.0144173774998093,2.029998779296875,66.63683892707743,COF
2017-10-26,91.0,92.72000122070312,90.9800033569336,92.5199966430664,80.5013198852539,3210100.0,0.0187183468898948,0.0185453145527097,1.7399978637695312,71.3063666581437,COF
2017-10-27,92.66999816894533,92.9800033569336,92.0,92.77999877929688,80.72754669189453,2235500.0,0.0028102248132464,0.0028062835137277,0.9800033569335938,71.30634709373363,COF
2017-10-30,92.0999984741211,93.4000015258789,92.0999984741211,92.43000030517578,80.42300415039062,1847600.0,-0.0037724736348823,-0.0037796073603911,1.3000030517578125,69.41702880970382,COF
2017-10-31,92.62999725341795,93.0,92.01000213623048,92.18000030517578,80.20549011230469,2184700.0,-0.0027046246330115,-0.0027082887383919,0.989997863769517,71.03014479799664,COF
2017-11-01,92.66000366210938,92.98999786376952,91.41000366210938,91.9000015258789,79.96185302734375,1701800.0,-0.0030376609459003,-0.0030422840024707,1.579994201660142,83.13692444670568,COF
2017-11-02,91.48999786376952,92.69000244140624,91.0,92.4499969482422,80.44039154052734,1337100.0,0.005984585087341,0.0059667485853393,1.6900024414062358,82.793720783661,COF
2017-11-03,92.08999633789062,92.4000015258789,91.41999816894533,91.5999984741211,79.70081329345703,2052000.0,-0.0091941154550161,-0.009236642199079,0.9800033569335797,73.35295679734031,COF
2017-11-06,91.8499984741211,92.37000274658205,91.33000183105467,92.3000030517578,80.30989074707031,1369900.0,0.0076420481604204,0.007612995630388,1.0400009155273722,80.87206649778616,COF
2017-11-07,92.29000091552734,92.55999755859376,89.95999908447266,90.12000274658205,78.4130859375,1846600.0,-0.0236185704142488,-0.0239019599131978,2.599998474121108,64.81168124319657,COF
2017-11-08,89.80000305175781,89.98999786376953,88.58000183105469,88.97000122070312,77.4124526977539,2240900.0,-0.012761049100193,-0.0128431706735936,1.4099960327148438,56.20305953111916,COF
2017-11-09,88.37999725341797,88.62000274658203,86.80999755859375,88.11000061035156,76.66419219970703,2148000.0,-0.0096658931731352,-0.0097129111443243,1.8100051879882808,42.696751904342015,COF
2017-11-10,87.19000244140625,87.52999877929688,86.77999877929688,87.1500015258789,76.17471313476562,1591700.0,-0.0063847156135987,-0.0064051850846821,0.75,40.29458101604676,COF
2017-11-13,86.62000274658203,87.18000030517578,86.01000213623047,86.94999694824219,75.99988555908203,2370400.0,-0.002295086761591,-0.002297724509893,1.1699981689453125,40.29123513684792,COF
2017-11-14,86.43000030517578,86.5999984741211,85.41000366210938,86.0,75.16956329345703,3369500.0,-0.0109253094200978,-0.0109854288966557,1.1899948120117188,29.591306379164152,COF
2017-11-15,85.18000030517578,87.95999908447266,85.16999816894531,87.62999725341797,76.5942611694336,2842800.0,0.0189531216300224,0.0187757488938619,2.790000915527344,29.18264907747817,COF
2017-11-16,87.91999816894531,88.55999755859375,86.94000244140625,87.1500015258789,76.17471313476562,2017600.0,-0.0054775387641626,-0.0054925954873132,1.6199951171875,26.23152189412086,COF
2017-11-17,86.93000030517578,88.2300033569336,86.88999938964844,87.83000183105469,76.76907348632812,1687300.0,0.0078025938937371,0.0077723110790055,1.3400039672851562,31.48460865181501,COF
2017-11-20,87.98999786376953,88.45999908447266,87.68000030517578,88.2699966430664,77.15367126464844,1602200.0,0.0050098009635195,0.0049972936659936,0.779998779296875,34.793160708746186,COF
2017-11-21,88.83999633789062,89.04000091552734,87.58000183105469,87.94999694824219,76.87396240234375,1298800.0,-0.0036253474101737,-0.0036319349082279,1.4599990844726562,34.66853340121459,COF
2017-11-22,87.9800033569336,88.13999938964844,87.0999984741211,87.26000213623047,76.27084350585938,1265200.0,-0.007845554953025,-0.0078764932442361,1.0400009155273438,29.5510450272061,COF
2017-11-24,87.80000305175781,87.80000305175781,87.23999786376953,87.37999725341797,76.37574005126953,506400.0,0.0013753164458198,0.0013743715643982,0.5600051879882812,32.61005576605707,COF
2017-11-27,87.33000183105469,87.37999725341797,86.56999969482422,86.87000274658203,75.9299545288086,1629500.0,-0.0058367424284424,-0.0058538427822367,0.80999755859375,26.695131644432976,COF
2017-11-28,87.22000122070312,89.8499984741211,86.69999694824219,89.75,78.44727325439453,2161700.0,0.0331531704609522,0.0326154564552388,3.1500015258789062,50.17063702713056,COF
2017-11-29,90.58000183105467,92.30999755859376,89.7300033569336,90.97000122070312,79.51365661621094,3229400.0,0.013593631971863,0.0135020674200754,2.5799942016601705,60.41922189039519,COF
2017-11-30,91.66999816894533,93.41999816894533,91.41000366210938,92.0,80.4139404296875,3712000.0,0.0113223797243027,0.0112587613402846,2.009994506835952,68.31767376161423,COF
2017-12-01,92.18000030517578,92.7699966430664,89.68000030517578,92.72000122070312,81.04325103759766,2647700.0,0.0078258894483651,0.0077954260079932,3.089996337890625,73.46247094440518,COF
2017-12-04,94.44000244140624,96.23999786376952,94.16000366210938,94.88999938964844,82.93998718261719,3425700.0,0.0234039987381502,0.0231343246883835,2.079994201660142,78.68505480935451,COF
2017-12-05,93.76000213623048,95.62000274658205,93.72000122070312,93.91000366210938,82.08338165283203,2262400.0,-0.0103280161823401,-0.0103817202323512,1.9000015258789205,78.51446666901612,COF
2017-12-06,93.62000274658205,94.19000244140624,93.11000061035156,93.87000274658205,82.04843139648438,1465600.0,-0.0004257896744005,-0.0004258803485636,1.0800018310546733,75.40698356286094,COF
2017-12-07,93.5199966430664,95.25,93.31999969482422,95.06999969482422,83.0972671508789,1745700.0,0.0127831298727238,0.0127021153503301,1.9300003051757808,80.46123259903435,COF
2017-12-08,95.5,95.79000091552734,94.18000030517578,95.79000091552734,83.72664642333984,1701800.0,0.0075740068721896,0.0075454680934902,1.6100006103515625,80.52126347186346,COF
2017-12-11,96.0,96.08999633789062,95.2300033569336,95.97000122070312,83.88395690917969,1404300.0,0.0018788580763697,0.0018770952302805,0.8599929809570312,80.12493204276048,COF
2017-12-12,96.13999938964844,96.66999816894533,95.88999938964844,96.20999908447266,84.09374237060547,1828100.0,0.0025009008773027,0.0024977788289093,0.7799987792968892,82.51947950193507,COF
2017-12-13,96.25,96.4000015258789,94.6999969482422,94.72000122070312,82.79139709472656,1907000.0,-0.0154868274281265,-0.0156080010311945,1.7000045776367043,77.62963585579061,COF
2017-12-14,95.0,95.45999908447266,93.8499984741211,94.05999755859376,82.21446990966797,2001500.0,-0.0069684436463669,-0.00699283663663,1.6100006103515625,73.78891023369454,COF
2017-12-15,95.0999984741211,97.30999755859376,94.8499984741211,96.30999755859376,84.18113708496094,4266600.0,0.0239211805106061,0.0236395514971962,2.4599990844726705,79.91111012774807,COF
2017-12-18,98.0,99.9499969482422,97.5999984741211,99.30999755859376,86.80333709716797,3005500.0,0.0311494962293101,0.0306741957155135,2.349998474121108,80.06271402864073,COF
2017-12-19,99.8000030517578,99.88999938964844,98.66000366210938,98.73999786376952,86.30513000488281,2461400.0,-0.0057394923852692,-0.0057560265672494,1.2299957275390625,75.47526514913028,COF
2017-12-20,99.43000030517578,99.43000030517578,98.30999755859376,98.58999633789062,86.17402648925781,2031200.0,-0.0015190697889868,-0.0015202247452864,1.120002746582017,72.92961479962486,COF
2017-12-21,98.8000030517578,99.7300033569336,98.70999908447266,99.5199966430664,86.98690032958984,1581800.0,0.009432933256674,0.0093887209587348,1.0200042724609375,73.31953600754802,COF
2017-12-22,100.0,101.43000030517578,99.62000274658205,100.5,87.84347534179688,2065500.0,0.0098471724933466,0.0097990050409717,1.809997558593736,70.94833498040464,COF
2017-12-26,100.3000030517578,100.5999984741211,99.2699966430664,99.91999816894533,87.3365249633789,1170700.0,-0.0057710646857428,-0.005787781626939,1.3300018310546875,73.13322214800908,COF
2017-12-27,99.62999725341795,99.91000366210938,99.22000122070312,99.75,87.18791198730469,1183700.0,-0.0017016131124582,-0.0017030625004822,0.69000244140625,72.40836296091288,COF
2017-12-28,100.08999633789062,100.58000183105467,99.63999938964844,100.3000030517578,87.66867065429688,1040900.0,0.005514051845423,0.005498905115937,0.9400024414062358,70.97032502826104,COF
2017-12-29,100.62999725341795,100.62999725341795,99.55999755859376,99.58000183105467,87.03934478759766,1119400.0,-0.0071784579599801,-0.0072043470595974,1.0699996948241903,65.19636184953782,COF
2018-01-02,100.08000183105467,100.1999969482422,98.76000213623048,99.61000061035156,87.06556701660156,1663700.0,0.0003012686856489,0.000301223313351,1.4399948120117188,64.77268862791331,COF
2018-01-03,99.5,99.77999877929688,98.75,99.44000244140624,86.91698455810547,2323700.0,-0.0017065582133952,-0.0017080160426795,1.029998779296875,63.18366235961221,COF
2018-01-04,100.36000061035156,102.16000366210938,99.69000244140624,101.41999816894533,88.6476058959961,2149100.0,0.0199111985613544,0.0197155632722513,2.470001220703139,76.29491993869422,COF
2018-01-05,101.58000183105467,101.6999969482422,100.73999786376952,101.43000030517578,88.65636444091797,2058500.0,9.880182136168258e-05,9.87969407832011e-05,0.9599990844726848,80.4798649626236,COF
2018-01-08,101.41999816894533,101.4499969482422,100.51000213623048,100.8000030517578,88.10572052001953,1763400.0,-0.0062109914428691,-0.0062303598900412,0.9399948120117188,71.44244629207076,COF
2018-01-09,101.0500030517578,101.97000122070312,100.63999938964844,101.69000244140624,88.88361358642578,2164200.0,0.0088290869402685,0.0087903384609415,1.3300018310546875,64.23456815903776,COF
2018-01-10,101.69000244140624,103.6999969482422,101.3000030517578,103.13999938964844,90.1510009765625,2620600.0,0.0142589543673803,0.0141582516258427,2.3999938964844034,73.80958228869295,COF
2018-01-11,103.48999786376952,104.45999908447266,102.9000015258789,104.41999816894533,91.26982879638672,2177700.0,0.0124105978603066,0.0123342176904493,1.55999755859375,78.11001472171415,COF
2018-01-12,104.91999816894533,106.4000015258789,104.55999755859376,105.43000030517578,92.1526336669922,2298000.0,0.009672472078094,0.0096259931902002,1.840003967285142,78.27760779881845,COF
2018-01-16,106.0,106.47000122070312,103.73999786376952,104.41999816894533,91.26982879638672,2675500.0,-0.0095798116177084,-0.0096259931902003,2.730003356933608,68.70240579022104,COF
2018-01-17,105.01000213623048,105.54000091552734,103.25,104.38999938964844,91.24358367919922,2287300.0,-0.0002875552363098,-0.0002875965882443,2.290000915527344,72.50742327524213,COF
2018-01-18,104.43000030517578,104.63999938964844,103.12999725341795,103.41000366210938,90.38702392578124,2637800.0,-0.0093876163000078,-0.00943195769476,1.510002136230483,67.03932771470122,COF
2018-01-19,102.6999969482422,104.41000366210938,102.11000061035156,104.37999725341795,91.2348403930664,2928900.0,0.0093798471336032,0.0093361295311407,2.3000030517578125,68.2796249787843,COF
2018-01-22,104.33000183105467,105.54000091552734,103.75,105.48999786376952,92.2050552368164,2407000.0,0.0106342581361464,0.010578112109893,1.7900009155273438,75.58452020900485,COF
2018-01-23,105.1999969482422,105.91999816894533,103.87000274658205,105.70999908447266,92.39735412597656,2904100.0,0.002085556899958,0.0020833851451877,2.049995422363281,75.97967271132113,COF
2018-01-24,104.25,106.5,104.02999877929688,105.26000213623048,92.00403594970705,4170600.0,-0.0042568121131829,-0.0042658981320174,2.470001220703125,74.20977032361506,COF
2018-01-25,105.55999755859376,105.9000015258789,103.69000244140624,104.26000213623048,91.12993621826172,2615700.0,-0.0095006672525012,-0.0095460864959554,2.2099990844726705,62.8622503759481,COF
2018-01-26,104.68000030517578,104.9800033569336,103.6500015258789,104.9000015258789,91.68936920166016,3036500.0,0.0061388497195757,0.0061200837434797,1.3300018310546875,64.86716330835158,COF
2018-01-29,104.54000091552734,105.7699966430664,104.33999633789062,104.5999984741211,91.42713165283205,2258000.0,-0.0028600649247717,-0.0028641627256414,1.4300003051757812,66.75459405870481,COF
2018-01-30,104.0999984741211,104.91000366210938,103.45999908447266,103.47000122070312,90.43943786621094,1821800.0,-0.0108030709130368,-0.0108618477806943,1.4500045776367188,57.68555571552077,COF
2018-01-31,103.52999877929688,104.45999908447266,103.37999725341795,103.95999908447266,90.86773681640624,2231100.0,0.0047357542273636,0.0047245758215415,1.0800018310547017,53.86061925082345,COF
2018-02-01,103.7699966430664,104.75,103.0199966430664,104.72000122070312,91.5320281982422,1754600.0,0.0073105307242122,0.0072839383188923,1.7300033569335938,51.48502444433121,COF
2018-02-02,104.31999969482422,104.87999725341795,101.51000213623048,101.56999969482422,88.7787094116211,1826600.0,-0.0300803865140834,-0.0305420836137714,3.369995117187472,34.23198180691459,COF
2018-02-05,100.54000091552734,102.06999969482422,95.58000183105467,97.0,84.78424835205078,3056400.0,-0.0449934571705706,-0.0460370873945832,6.4899978637695455,26.519024474323103,COF
2018-02-06,94.83000183105467,98.8000030517578,93.13999938964844,98.44000244140624,86.04290771484375,3956900.0,0.0148454387136467,0.0147363237689993,5.660003662109361,32.713623986078915,COF
2018-02-07,97.91000366210938,99.62999725341795,97.88999938964844,98.12000274658205,85.7632064819336,2481300.0,-0.0032507180468275,-0.0032560131090209,1.739997863769517,34.0181544217584,COF
2018-02-08,98.2699966430664,98.33000183105467,91.5999984741211,91.8000030517578,80.2391128540039,3962500.0,-0.0644109969126838,-0.0665789982025453,6.73000335693358,21.27871068746228,COF
2018-02-09,92.31999969482422,93.5,88.75,92.0199966430664,80.78340911865234,5557800.0,0.0067834282470045,0.0067605243173818,4.75,19.48727564742765,COF
2018-02-12,93.16000366210938,96.5500030517578,92.91999816894533,95.19000244140624,83.56632232666016,2766500.0,0.0344490686685474,0.0338689841916291,3.630004882812472,29.27651002049255,COF
2018-02-13,94.5999984741211,95.51000213623048,93.66000366210938,95.30999755859376,83.6716537475586,2109200.0,0.0012604529906998,0.00125965928671,1.849998474121108,30.178767177983147,COF
2018-02-14,94.5999984741211,97.47000122070312,94.5999984741211,97.37999725341795,85.48889923095703,2506000.0,0.0217187709577386,0.0214862787257509,2.8700027465820312,37.1572639477524,COF
2018-02-15,98.29000091552734,99.31999969482422,97.27999877929688,98.66999816894533,86.62137603759766,2089200.0,0.0132470626809817,0.0131600876135981,2.040000915527344,38.75529418934156,COF
2018-02-16,98.2699966430664,100.2699966430664,98.18000030517578,99.52999877929688,87.37635040283203,2136000.0,0.0087157974136393,0.0086780341175519,2.089996337890625,41.20456787841078,COF
2018-02-20,98.7699966430664,99.76000213623048,98.08000183105467,98.45999908447266,86.43701934814453,2388500.0,-0.0107504038605056,-0.010808606965871,1.6800003051758097,41.29128755243688,COF
2018-02-21,97.9800033569336,99.06999969482422,97.36000061035156,97.38999938964844,85.49767303466797,2833800.0,-0.0108674075131296,-0.010926889119272,1.7099990844726562,38.569682608197226,COF
2018-02-22,97.97000122070312,98.5500030517578,96.43000030517578,96.66999816894533,84.86560821533203,1731200.0,-0.0073927721878424,-0.0074202341585947,2.120002746582017,35.790861917283365,COF
2018-02-23,97.36000061035156,99.05999755859376,97.08000183105467,99.04000091552734,86.94619750976562,1351900.0,0.0245162833117797,0.0242205824814717,1.979995727539091,45.97877342301574,COF
2018-02-26,99.19000244140624,100.77999877929688,98.8000030517578,100.75,88.4473648071289,2104700.0,0.0172654738258641,0.0171181192126884,1.9799957275390767,59.02592661382436,COF
2018-02-27,100.51000213623048,101.66999816894533,99.22000122070312,99.25,87.13056182861328,1797100.0,-0.0148879842987644,-0.0149999227517535,2.4499969482422017,52.672324947635474,COF
2018-02-28,99.9800033569336,100.4800033569336,97.9000015258789,97.93000030517578,85.97173309326172,1511300.0,-0.0132999112025811,-0.0133891471246764,2.5800018310546875,50.49112552774611,COF
2018-03-01,98.01000213623048,99.0999984741211,95.87000274658205,96.51000213623048,84.72515106201172,2135900.0,-0.0144999057992435,-0.0146060568026021,3.2299957275390483,63.231628776115855,COF
2018-03-02,95.86000061035156,96.91000366210938,94.2699966430664,96.72000122070312,84.90949249267578,1878600.0,0.0021757580642038,0.0021733945303246,2.6400070190429688,62.43395780472754,COF
2018-03-05,96.05999755859376,98.18000030517578,95.5999984741211,97.9000015258789,85.94540405273438,2321700.0,0.0122001855110362,0.012126363072904,2.5800018310546875,58.013077646147046,COF
2018-03-06,98.47000122070312,98.47000122070312,96.58000183105467,98.04000091552734,86.06829071044922,1768300.0,0.001429822328131,0.0014288011055147,1.889999389648452,58.06267145227263,COF
2018-03-07,96.70999908447266,97.80999755859376,96.23999786376952,97.62999725341795,85.70836639404297,2099600.0,-0.0041818457580051,-0.0041906141288312,1.5699996948242472,50.81858797416123,COF
2018-03-08,98.22000122070312,98.38999938964844,96.62999725341795,98.1500015258789,86.16486358642578,2161800.0,0.0053261683962575,0.0053120345254037,1.760002136230483,48.2068365331134,COF
2018-03-09,99.01000213623048,100.9000015258789,98.91000366210938,100.79000091552734,88.48249816894531,1880200.0,0.0268976759905721,0.0265422920883527,1.9899978637695312,53.86983930231056,COF
2018-03-12,100.76000213623048,101.19000244140624,100.1500015258789,100.45999908447266,88.19278717041016,1745300.0,-0.0032742181169206,-0.00327959009829,1.0400009155273295,56.43501953446129,COF
2018-03-13,101.02999877929688,101.44000244140624,98.43000030517578,98.81999969482422,86.75303649902344,2115600.0,-0.0163250387880901,-0.0164597604705003,3.0100021362304545,54.43820530816292,COF
2018-03-14,99.45999908447266,99.5999984741211,96.69000244140624,97.1999969482422,85.33087921142578,1992800.0,-0.0163931701412395,-0.0165290249281757,2.909996032714858,51.55788419584422,COF
2018-03-15,97.83999633789062,99.25,97.61000061035156,98.0500030517578,86.07707977294922,1971900.0,0.0087447893238572,0.0087067751104719,1.6399993896484375,46.80433737346194,COF
2018-03-16,98.31999969482422,100.33999633789062,98.08999633789062,99.36000061035156,87.22713470458984,2735700.0,0.0133607568318325,0.013272289046826,2.25,45.394414022995385,COF
2018-03-19,99.04000091552734,99.36000061035156,97.12999725341795,98.6500015258789,86.60383605957031,1654600.0,-0.0071456966588486,-0.0071713494268663,2.230003356933608,47.90212276406015,COF
2018-03-20,98.94000244140624,99.5199966430664,98.36000061035156,98.66999816894533,86.62137603759766,1270900.0,0.0002025311905962,0.0002025106839234,1.1599960327148438,52.84619261988772,COF
2018-03-21,98.77999877929688,99.83999633789062,98.02999877929688,98.18000030517578,86.19120025634766,1437000.0,-0.004966161944406,-0.0049785343057321,1.80999755859375,56.91788170068762,COF
2018-03-22,97.0,97.4000015258789,94.3499984741211,94.6500015258789,83.09225463867188,2300400.0,-0.0359543156199122,-0.0366165950587069,3.0500030517578125,43.27481417357427,COF
2018-03-23,94.95999908447266,95.5999984741211,92.38999938964844,92.38999938964844,81.10820770263672,3220800.0,-0.0238776399155712,-0.0241673314881093,3.209999084472656,33.27251131442574,COF
2018-03-26,94.11000061035156,95.23999786376952,92.66000366210938,95.06999969482422,83.4609375,2854200.0,0.0290072961048404,0.0285945473076697,2.579994201660142,42.18825217139668,COF
2018-03-27,95.5999984741211,96.3499984741211,92.79000091552734,93.62000274658205,82.18805694580078,2037400.0,-0.015251213230132,-0.0153687091502935,3.55999755859375,40.00004334483416,COF
2018-03-28,93.8499984741211,95.25,93.20999908447266,94.2699966430664,82.7586669921875,2026300.0,0.0069427367867207,0.0069187469623618,2.040000915527344,40.3865226953748,COF
2018-03-29,94.6999969482422,96.4499969482422,94.36000061035156,95.81999969482422,84.11936950683594,2922300.0,0.0164418128529897,0.0163081098044473,2.089996337890639,36.98257769927297,COF
2018-04-02,95.52999877929688,95.7300033569336,92.12000274658205,93.75,82.30213928222656,2824200.0,-0.0216029938795689,-0.0218397545888858,3.610000610351548,33.89329633994973,COF
2018-04-03,94.26000213623048,95.83999633789062,93.75,95.44000244140624,83.78579711914062,2715300.0,0.0180269656396947,0.0178664066180724,2.089996337890625,41.90615921218024,COF
2018-04-04,93.62999725341795,96.58000183105467,93.58000183105467,96.3499984741211,84.58467102050781,2038700.0,0.0095347174441895,0.0094895489116407,3.0,47.89289430540505,COF
2018-04-05,97.30999755859376,98.06999969482422,96.79000091552734,97.5199966430664,85.6117935180664,1996300.0,0.0121431281243566,0.0120699918177811,1.279998779296875,48.706666564872805,COF
2018-04-06,96.7300033569336,97.18000030517578,93.8000030517578,94.72000122070312,83.1537094116211,3041900.0,-0.0287119800372666,-0.029132232673665,3.379997253417983,39.44484159117365,COF
2018-04-09,95.4800033569336,97.5999984741211,95.16999816894533,95.5,83.83847045898438,1689800.0,0.0082348827515754,0.0082011611073124,2.430000305175767,42.85706966082402,COF
2018-04-10,96.62999725341795,97.33999633789062,95.9000015258789,96.81999969482422,84.99727630615234,2031000.0,0.0138218867880572,0.0137272356848407,1.4399948120117188,46.03851576375728,COF
2018-04-11,95.87999725341795,96.79000091552734,95.19000244140624,95.3499984741211,83.70677947998047,1668500.0,-0.0151828021114891,-0.0152992409332312,1.599998474121108,44.18412179056709,COF
2018-04-12,96.31999969482422,97.5999984741211,96.29000091552734,96.87999725341795,85.04995727539062,2345600.0,0.0160462247353738,0.015918844908128,1.30999755859375,54.99332925460453,COF
2018-04-13,97.91000366210938,98.36000061035156,95.93000030517578,96.38999938964844,84.61978912353516,1999700.0,-0.0050578291352056,-0.0050706632464365,2.430000305175781,59.7277489920778,COF
2018-04-16,97.45999908447266,97.68000030517578,96.51000213623048,96.9000015258789,85.06752014160156,2300000.0,0.0052910911585086,0.0052771425164092,1.1699981689452983,54.97569546507528,COF
2018-04-17,97.6999969482422,98.22000122070312,97.18000030517578,97.4800033569336,85.57669067382812,2569500.0,0.005985486956467,0.0059676450888595,1.0400009155273438,61.0159402568993,COF
2018-04-18,97.86000061035156,98.69000244140624,97.0500030517578,97.13999938964844,85.27819061279297,1873400.0,-0.0034881000735688,-0.0034941976781296,1.6399993896484375,58.3381095481036,COF
2018-04-19,97.26000213623048,98.72000122070312,97.26000213623048,98.3499984741211,86.34043884277344,2431400.0,0.0124562707340218,0.0123793296673713,1.459999084472642,57.49853182085124,COF
2018-04-20,98.58000183105467,99.08000183105467,97.38999938964844,97.9800033569336,86.01563262939453,2121500.0,-0.0037619245133833,-0.0037690183479742,1.6900024414062358,63.94204741731188,COF
2018-04-23,98.16999816894533,98.38999938964844,96.83000183105467,97.5,85.59423828125,2390300.0,-0.004899043758245,-0.0049110834110703,1.5599975585937642,57.37817586899844,COF
2018-04-24,98.18000030517578,99.1500015258789,96.45999908447266,97.41999816894533,85.52400207519531,2660500.0,-0.0008205716583854,-0.0008209085115961,2.69000244140625,54.07458691525442,COF
2018-04-25,94.0500030517578,95.08000183105467,91.66999816894533,92.76000213623048,81.43304443359375,6256700.0,-0.0478340295395047,-0.0490159206669925,3.4100036621093466,35.679934909389246,COF
2018-04-26,92.9000015258789,93.27999877929688,91.47000122070312,91.66000366210938,80.46736907958984,4205100.0,-0.0118585196061457,-0.0119293927070309,1.80999755859375,39.745328221491405,COF
2018-04-27,91.69000244140624,92.54000091552734,91.1999969482422,91.72000122070312,80.52005767822266,2252600.0,0.0006547821711517,0.000654567894837,1.340003967285142,36.69020674426589,COF
2018-04-30,92.13999938964844,92.6500015258789,90.58999633789062,90.62000274658205,79.55435943603516,2627300.0,-0.0119932631698633,-0.0120657626035317,2.060005187988281,27.825554505669388,COF
2018-05-01,90.3499984741211,90.54000091552734,88.80000305175781,89.66999816894531,78.72035217285156,3944200.0,-0.010483489139953,-0.0105388280150114,1.7399978637695312,28.900502128412384,COF
2018-05-02,89.83000183105469,90.33000183105467,88.97000122070312,89.18000030517578,78.29020690917969,3184200.0,-0.0054642192495197,-0.0054792027023641,1.3600006103515483,19.00171712379665,COF
2018-05-03,88.83000183105469,88.83000183105469,86.94999694824219,87.91999816894531,77.18408966064453,4507600.0,-0.0141284241312364,-0.0142291804600595,1.8800048828125,17.892486947629763,COF
2018-05-04,87.33999633789062,89.81999969482422,86.97000122070312,89.05999755859375,78.18486022949219,2138200.0,0.0129660215369222,0.0128826822922617,2.8499984741210938,21.635245437738178,COF
2018-05-07,89.25,89.55000305175781,88.52999877929688,88.91999816894531,78.06193542480469,2371600.0,-0.0015722328380032,-0.001573470093057,1.0200042724609375,18.011891446706088,COF
2018-05-08,89.72000122070312,95.87999725341795,89.72000122070312,90.18000030517578,79.1680908203125,6228900.0,0.0141702276466531,0.0140707684427269,6.1599960327148295,25.66439070044456,COF
2018-05-09,90.91999816894533,92.27999877929688,90.54000091552734,92.11000061035156,80.86238098144531,2495600.0,0.0214011749377451,0.0211753855516232,1.7399978637695312,29.227540620888306,COF
2018-05-10,92.11000061035156,93.2300033569336,91.5199966430664,92.66999816894533,81.35404968261719,3154900.0,0.0060803144206784,0.0060619038990999,1.7100067138671875,32.54445713528237,COF
2018-05-11,92.30999755859376,93.5500030517578,92.08000183105467,92.62999725341795,81.67145538330078,2217300.0,0.0039015353497688,0.003893944099341,1.470001220703125,35.195639141994505,COF
2018-05-14,93.04000091552734,93.5199966430664,92.75,93.19000244140624,82.16520690917969,2108500.0,0.0060455825546592,0.0060273813415652,0.7699966430664062,37.716748974638,COF
2018-05-15,93.0,95.7300033569336,93.0,94.6500015258789,83.45247650146484,3078400.0,0.0156668453802839,0.015545387292405,2.7300033569335938,59.29023947661216,COF
2018-05-16,94.68000030517578,96.73999786376952,94.5,95.75,84.42230987548828,4249400.0,0.0116213851844937,0.0115543755511739,2.239997863769517,68.18743816266814,COF
2018-05-17,95.94000244140624,97.1999969482422,95.16000366210938,96.73999786376952,85.29520416259766,2221000.0,0.0103396162506899,0.0102865280461123,2.0399932861328267,70.41894381893442,COF
2018-05-18,96.56999969482422,96.9800033569336,96.1999969482422,96.43000030517578,85.02186584472656,2169700.0,-0.0032046153186998,-0.0032097610947997,0.780006408691392,74.85100914300695,COF
2018-05-21,97.33000183105467,97.87000274658205,96.43000030517578,96.54000091552734,85.11888122558594,2874200.0,0.0011410638886302,0.0011404133700397,1.4400024414062642,81.17103803851722,COF
2018-05-22,96.56999969482422,97.26000213623048,96.5199966430664,96.73999786376952,85.29520416259766,2812500.0,0.0020714903024208,0.0020693477247599,0.7400054931640767,84.99084221862974,COF
2018-05-23,96.16999816894533,96.47000122070312,94.83999633789062,95.66999816894533,84.35179901123047,2381400.0,-0.0110604712261287,-0.0111220930368006,1.6300048828125,86.39522667261706,COF
2018-05-24,95.12000274658205,95.6999969482422,93.81999969482422,95.33000183105467,84.05204010009766,2797300.0,-0.0035536753767742,-0.0035600046804253,1.879997253417983,82.07499401479326,COF
2018-05-25,95.16000366210938,95.33000183105467,94.2699966430664,94.80999755859376,83.59354400634766,1487600.0,-0.0054549073788568,-0.0054698397138727,1.060005187988267,79.170210488963,COF
2018-05-29,93.4800033569336,93.4800033569336,90.75,91.66000366210938,80.81620025634766,2169000.0,-0.0332243809377086,-0.0337888486521215,2.7300033569335938,57.38877384956688,COF
2018-05-30,92.37000274658205,93.43000030517578,92.05999755859376,93.20999908447266,82.18283081054688,2394200.0,0.0169103539867536,0.0167689656755529,1.370002746582017,56.098999768830446,COF
2018-05-31,93.0500030517578,94.23999786376952,92.47000122070312,94.0,82.87937927246094,3516300.0,0.0084755958762212,0.0084398796822788,1.769996643066392,56.91444990267865,COF
2018-06-01,94.94000244140624,95.27999877929688,94.12999725341795,94.7699966430664,83.55826568603516,1758400.0,0.0081912584231889,0.0081578921499203,1.1500015258789205,58.28166252094626,COF
2018-06-04,95.37999725341795,95.6999969482422,95.0199966430664,95.44000244140624,84.14901733398438,1784600.0,0.0070699366854851,0.0070450618566115,0.6800003051757955,58.63390046619118,COF
2018-06-05,94.87999725341795,95.12999725341795,93.37999725341795,94.3499984741211,83.18795776367188,1750200.0,-0.0114209244594989,-0.0114866440823137,1.75,48.81512279375529,COF
2018-06-06,94.69000244140624,96.5199966430664,94.63999938964844,96.45999908447266,85.04834747314453,2230900.0,0.0223636901239698,0.0221172896559941,1.8799972534179688,52.59705403882794,COF
2018-06-07,96.9000015258789,97.81999969482422,96.1999969482422,96.76000213623048,85.31285858154297,2101800.0,0.0031101263723196,0.0031052999339266,1.620002746582017,50.077130865145655,COF
2018-06-08,96.61000061035156,97.06999969482422,95.63999938964844,96.97000122070312,85.49800109863281,1851900.0,0.0021701595769749,0.0021678081820005,1.4300003051757812,52.09635549631573,COF
2018-06-11,97.08999633789062,97.52999877929688,96.1999969482422,96.26000213623048,84.87199401855469,1759900.0,-0.0073218914130629,-0.0073488280251689,1.3300018310546733,48.9613717595826,COF
2018-06-12,96.5999984741211,96.66999816894533,95.58000183105467,96.2699966430664,84.88081359863281,1983800.0,0.0001039162585976,0.0001039108596772,1.0899963378906534,48.23178278876648,COF
2018-06-13,96.47000122070312,97.20999908447266,95.87999725341795,96.01000213623048,84.65157318115234,1672300.0,-0.0027007330368492,-0.0027043865959919,1.3300018310547017,51.362165820079845,COF
2018-06-14,97.68000030517578,98.25,95.88999938964844,96.27999877929688,84.88963317871094,3146000.0,0.0028122335901443,0.0028082866593243,2.3600006103515625,53.82746178116338,COF
2018-06-15,97.16999816894533,97.63999938964844,96.4000015258789,97.26000213623048,85.75370788574219,4260500.0,0.0101788012820385,0.01012734615735,1.2399978637695312,59.51826589167874,COF
2018-06-18,96.37000274658205,97.51000213623048,95.88999938964844,97.43000030517578,85.9035873413086,1643600.0,0.0017477897954698,0.0017462641882537,1.6200027465820457,79.17079342192295,COF
2018-06-19,96.08000183105467,96.52999877929688,95.68000030517578,96.33999633789062,84.9425277709961,2640400.0,-0.011187653508509,-0.0112507060181824,0.8499984741210938,66.595827265645,COF
2018-06-20,97.0999984741211,97.36000061035156,95.62000274658205,95.6999969482422,84.37825012207031,2402000.0,-0.0066430522346482,-0.0066652155152285,1.739997863769517,59.15938428946004,COF
2018-06-21,95.22000122070312,95.9499969482422,94.0999984741211,95.26000213623048,83.99031066894531,1806500.0,-0.0045976238256157,-0.0046082254052339,1.849998474121108,52.737506973200674,COF
2018-06-22,96.12999725341795,96.1999969482422,94.93000030517578,95.01000213623048,83.76988220214844,1967100.0,-0.0026244511425337,-0.0026279010518344,1.2699966430664205,47.47945277740018,COF
2018-06-25,94.5999984741211,94.97000122070312,93.58000183105467,94.4800033569336,83.30259704589844,1750200.0,-0.0055781999922404,-0.0055938162506349,1.3899993896484517,50.815692388535794,COF
2018-06-26,94.68000030517578,94.68000030517578,93.27999877929688,93.73999786376952,82.6501235961914,1511800.0,-0.007832570326079,-0.0078634060257646,1.4000015258789062,29.393864702504416,COF
2018-06-27,93.58999633789062,94.37999725341795,92.30999755859376,92.33000183105467,81.40692138671875,2520400.0,-0.0150417465259536,-0.0151560209680529,2.0699996948241903,21.27095788725866,COF
2018-06-28,92.31999969482422,92.83000183105467,91.5199966430664,92.4499969482422,81.51271057128906,1444800.0,0.0012995109355353,0.0012986673019945,1.310005187988267,20.3410809755034,COF
2018-06-29,93.25,93.73999786376952,91.86000061035156,91.9000015258789,81.02780151367188,2288800.0,-0.0059488766134588,-0.0059666416697302,1.8799972534179543,20.777434179543874,COF
2018-07-02,92.22000122070312,93.86000061035156,91.93000030517578,93.77999877929688,82.6854019165039,2460400.0,0.0204571810152389,0.0202507435586949,1.9300003051757808,36.65601028354883,COF
2018-07-03,93.98999786376952,94.16000366210938,92.83999633789062,92.94000244140624,81.94477844238281,871100.0,-0.0089571249211436,-0.0089974811290415,1.32000732421875,34.51065483232992,COF
2018-07-05,93.48999786376952,93.5,92.4800033569336,92.66000366210938,81.69790649414062,1447700.0,-0.0030126623432849,-0.0030172095455688,1.0199966430664062,31.7540844898422,COF
2018-07-06,92.61000061035156,93.43000030517578,92.0199966430664,92.9000015258789,81.90951538085938,1359100.0,0.0025901384233624,0.0025867897958624,1.410003662109375,26.252674641103223,COF
2018-07-09,94.9000015258789,96.80999755859376,93.79000091552734,96.55999755859376,85.1364974975586,3123300.0,0.0393969137980432,0.0386406543729061,3.0199966430664205,46.566617402398016,COF
2018-07-10,96.73999786376952,97.12000274658205,95.63999938964844,96.01000213623048,84.65157318115234,1518700.0,-0.005695845268008,-0.0057121284551138,1.480003356933608,48.63975277570901,COF
2018-07-11,95.0,95.88999938964844,95.0,95.31999969482422,84.04319763183594,1264400.0,-0.0071868191748131,-0.0072127687644928,0.8899993896484375,48.44002205196991,COF
2018-07-12,95.98999786376952,96.4499969482422,95.08000183105467,95.23999786376952,83.97266387939453,2539100.0,-0.0008392559353868,-0.0008396083078169,1.3699951171875284,49.91533557201748,COF
2018-07-13,94.9499969482422,95.1999969482422,93.55999755859376,94.58999633789062,83.39955139160156,1952700.0,-0.006824988767965,-0.0068483855196188,1.6399993896484375,48.28141463580435,COF
2018-07-16,94.66000366210938,96.0,94.66000366210938,95.91000366210938,84.56340789794922,1751300.0,0.0139551890499121,0.0138587119340154,1.339996337890625,55.49571036821197,COF
2018-07-17,96.0999984741211,96.6999969482422,95.66999816894533,95.9800033569336,84.6251220703125,1698700.0,0.000729797602738,0.0007295314299612,1.029998779296875,59.07619294049339,COF
2018-07-18,95.91000366210938,97.23999786376952,95.8000030517578,97.08999633789062,85.60381317138672,1869900.0,0.0115650184854214,0.0114986548336121,1.4399948120117188,69.76758058569492,COF
2018-07-19,95.9499969482422,96.6999969482422,94.3499984741211,95.37000274658205,84.0873031616211,2705600.0,-0.0177154492724457,-0.017874246076878,2.349998474121108,60.703997239127,COF
2018-07-20,98.36000061035156,99.19000244140624,97.05999755859376,97.2300033569336,85.72726440429688,5853400.0,0.0195030781225515,0.0193153302750454,2.130004882812472,67.82616043914828,COF
2018-07-23,97.29000091552734,99.66999816894533,97.2699966430664,99.3499984741211,87.59642028808594,2986100.0,0.0218035171981456,0.021569220067714,2.4000015258789205,68.33438055595273,COF
2018-07-24,100.0,100.27999877929688,98.54000091552734,98.95999908447266,87.2525863647461,3388800.0,-0.0039252051877125,-0.0039329290239819,1.7399978637695312,70.42072196727895,COF
2018-07-25,99.04000091552734,99.11000061035156,97.62999725341795,98.91999816894533,87.21730041503906,2065000.0,-0.0004044115043136,-0.0004044933006997,1.480003356933608,71.58619463196189,COF
2018-07-26,99.12000274658205,99.52999877929688,96.33999633789062,96.4800033569336,85.06597137451172,5637400.0,-0.0246663108155131,-0.0249756212194369,3.19000244140625,60.71855120809518,COF
2018-07-27,96.73999786376952,98.5,94.33999633789062,94.47000122070312,83.29376983642578,4732600.0,-0.0208332604618554,-0.0210533347759002,4.160003662109375,43.05652180412567,COF
2018-07-30,94.5,95.8499984741211,93.66000366210938,93.7699966430664,82.67655181884766,2974400.0,-0.0074101342608244,-0.007437725694361,2.1899948120117188,42.63149565239173,COF
2018-07-31,94.33000183105467,94.58000183105467,93.45999908447266,94.31999969482422,83.1615219116211,3616500.0,0.0058658722709681,0.0058487350261541,1.120002746582017,46.680031233786266,COF
2018-08-01,94.51000213623048,95.70999908447266,94.51000213623048,95.19000244140624,83.9285888671875,3479700.0,0.0092238205594841,0.0091815409143389,1.1999969482421733,49.8423065983374,COF
2018-08-02,94.56999969482422,95.87000274658205,94.29000091552734,95.7699966430664,84.43997192382812,2026000.0,0.0060930734514059,0.0060745857393475,1.5800018310547017,53.738975273465854,COF
2018-08-03,95.54000091552734,96.76000213623048,95.36000061035156,96.68000030517578,85.5998306274414,1916900.0,0.0137358963674167,0.0136424140127715,1.4000015258789205,53.72567884223829,COF
2018-08-06,96.5199966430664,97.01000213623048,95.87999725341795,96.52999877929688,85.46703338623047,1662300.0,-0.0015513727099404,-0.0015525773346254,1.1300048828125284,53.01107114576836,COF
2018-08-07,96.79000091552734,97.9800033569336,96.56999969482422,97.30999755859376,86.15763854980469,2465300.0,0.0080803689587929,0.0080478975807345,1.410003662109375,52.02241537538287,COF
2018-08-08,97.26000213623048,97.87000274658205,97.01000213623048,97.62999725341795,86.4409408569336,1601100.0,0.0032881856083502,0.003282791347705,0.8600006103515625,59.44555554058671,COF
2018-08-09,97.5,98.11000061035156,97.3499984741211,97.62000274658205,86.4321060180664,1276800.0,-0.0001022066486042,-0.0001022118720597,0.7600021362304688,53.25476474165162,COF
2018-08-10,96.63999938964844,96.95999908447266,95.88999938964844,96.0999984741211,85.08629608154297,1810900.0,-0.0155707178561879,-0.0156932147233582,1.0699996948242188,37.820248461644965,COF
2018-08-13,96.12000274658205,96.77999877929688,95.75,95.80999755859376,84.82954406738281,1518100.0,-0.0030175483712923,-0.0030221103500179,1.029998779296875,38.14258630229455,COF
2018-08-14,96.05999755859376,98.2300033569336,96.05999755859376,97.8000030517578,86.59149932861328,1950800.0,0.0207705379134288,0.0205577714299565,2.170005798339829,47.380288527564055,COF
2018-08-15,96.87999725341795,97.56999969482422,96.3000030517578,97.26000213623048,86.1133804321289,2441500.0,-0.0055215454194865,-0.0055368454974375,1.2699966430664205,55.09892855869454,COF
2018-08-16,97.9000015258789,99.27999877929688,97.55999755859376,98.91999816894533,87.5831069946289,2112000.0,0.0170673425561127,0.0169233317435168,1.7200012207031108,71.51467421003568,COF
2018-08-17,98.88999938964844,99.44000244140624,98.61000061035156,99.16999816894533,87.80445861816406,1448500.0,0.0025273323946903,0.0025241440610298,0.8300018310546733,76.78448319147901,COF
2018-08-20,99.0,100.0,98.95999908447266,99.88999938964844,88.44194793701172,1982500.0,0.0072603297017057,0.007234100387149,1.0400009155273438,77.14857509559246,COF
2018-08-21,99.81999969482422,101.18000030517578,99.44000244140624,100.48999786376952,88.97318267822266,2105800.0,0.0060065925005323,0.0059886248375191,1.7399978637695457,76.58065672861001,COF
2018-08-22,100.38999938964844,100.87999725341795,100.04000091552734,100.4499969482422,88.937744140625,1147300.0,-0.0003983058325093,-0.0003983851773471,0.8399963378906108,74.95082056022238,COF
2018-08-23,100.5500030517578,100.5500030517578,99.3000030517578,99.54000091552734,88.13204193115234,1631400.0,-0.0090591707408129,-0.0091004545485869,1.25,64.62164572040797,COF
2018-08-24,100.0,100.0,99.31999969482422,99.45999908447266,88.06121826171875,1046500.0,-0.0008036086295256,-0.0008039316960313,0.6800003051757812,65.08747875706064,COF
2018-08-27,100.0,101.26000213623048,99.8499984741211,100.9000015258789,89.33621215820312,1557000.0,0.014478494865868,0.0143746822925391,1.4100036621093892,67.30960029648293,COF
2018-08-28,101.0199966430664,101.08999633789062,100.31999969482422,100.54000091552734,89.01744842529297,1453700.0,-0.003568135756032,-0.003574516735742,0.7699966430664062,63.97693880422816,COF
2018-08-29,100.7699966430664,100.7699966430664,99.94000244140624,100.13999938964844,88.6633071899414,1758400.0,-0.0039783350524674,-0.0039862696787552,0.8299942016601705,61.666653368971154,COF
2018-08-30,99.9499969482422,99.9499969482422,99.11000061035156,99.25,87.87529754638672,1337600.0,-0.0088876635502277,-0.00892739441682,0.8399963378906392,65.48670691843509,COF
2018-08-31,98.76000213623048,99.19000244140624,98.48999786376952,99.08999633789062,87.73362731933594,1990200.0,-0.0016121735118563,-0.0016134744619988,0.7000045776367188,66.33449312279751,COF
2018-09-04,99.23999786376952,99.98999786376952,98.70999908447266,99.83000183105467,88.38880920410156,1875400.0,0.0074678536016854,0.0074401072345575,1.2799987792968608,61.54690727359529,COF
2018-09-05,99.9000015258789,100.88999938964844,99.69000244140624,99.8499984741211,88.40650939941406,2303600.0,0.0002002538044338,0.0002002337563172,1.1999969482422017,65.65868428812416,COF
2018-09-06,99.8499984741211,100.1500015258789,98.13999938964844,98.1500015258789,86.90135955810547,1759400.0,-0.017025328242612,-0.0171719254361147,2.0100021362304688,45.36708482738168,COF
2018-09-07,98.33000183105467,98.63999938964844,97.75,98.37000274658205,87.09615325927734,1798200.0,0.0022415495242238,0.0022390410000437,0.8899993896484375,45.16916935251394,COF
2018-09-10,98.8000030517578,99.4000015258789,98.43000030517578,98.47000122070312,87.18470001220703,1394500.0,0.0010166551519914,0.0010161387081429,0.970001220703125,40.73119973001856,COF
2018-09-11,98.16000366210938,99.1999969482422,97.94000244140624,98.62999725341795,87.32635498046875,1686300.0,0.0016247686605779,0.0016234501519655,1.259994506835966,37.11920581176221,COF
2018-09-12,98.62999725341795,98.9499969482422,97.33999633789062,97.41000366210938,86.24617004394531,1791800.0,-0.0123695181914443,-0.0124466574587007,1.6100006103515767,31.904938737659307,COF
2018-09-13,97.55999755859376,98.1999969482422,96.93000030517578,97.0,85.8831558227539,2288400.0,-0.0042090474395145,-0.0042179304143594,1.2699966430664205,33.92419284467715,COF
2018-09-14,97.2699966430664,98.2300033569336,97.20999908447266,97.98999786376952,86.75968170166016,2333200.0,0.0102060278352513,0.0101542980061484,1.0200042724609375,41.65717108190981,COF
2018-09-17,97.95999908447266,98.5199966430664,97.06999969482422,97.0999984741211,85.97168731689453,1945900.0,-0.0090824951095982,-0.0091239924255224,1.4499969482421875,26.99731788815249,COF
2018-09-18,97.51000213623048,97.68000030517578,96.93000030517578,97.02999877929688,85.90969848632812,3039500.0,-0.0007210377334797,-0.0007212978062086,0.75,27.979699800090174,COF
2018-09-19,97.25,99.31999969482422,97.22000122070312,98.95999908447266,87.6185302734375,5684200.0,0.0198910229836428,0.0196957813762428,2.0999984741210938,43.78940551248595,COF
2018-09-20,100.08000183105467,100.5500030517578,99.11000061035156,99.26000213623048,87.88414764404297,2624600.0,0.0030315204988777,0.0030269347062222,1.4400024414062358,50.056092409343066,COF
2018-09-21,99.4800033569336,100.0500030517578,98.87000274658205,99.01000213623048,87.66278076171875,4900600.0,-0.0025188488283555,-0.0025220264651783,1.1800003051757528,49.555461513862745,COF
2018-09-24,99.0999984741211,99.29000091552734,97.22000122070312,97.62999725341795,86.4409408569336,1980000.0,-0.0139379551295127,-0.0140360005271116,2.0699996948242188,38.58921792358636,COF
2018-09-25,97.79000091552734,97.95999908447266,96.94000244140624,97.47000122070312,86.29928588867188,3388500.0,-0.001638748570497,-0.0016400927876924,1.0199966430664205,37.832408495701216,COF
2018-09-26,98.08999633789062,98.08999633789062,95.97000122070312,96.19000244140624,85.16600799560547,3195700.0,-0.0131319498347687,-0.0132189362615175,2.1199951171875,39.53004514689312,COF
2018-09-27,96.12999725341795,96.23999786376952,94.9499969482422,95.45999908447266,84.5196304321289,2278200.0,-0.0075896191296169,-0.0076185668500115,1.290000915527315,35.258271623908044,COF
2018-09-28,94.83000183105467,95.70999908447266,94.58000183105467,94.93000030517578,84.05038452148438,2708400.0,-0.0055519162618836,-0.0055673854312303,1.129997253417983,32.81545292017793,COF
2018-10-01,95.58000183105467,96.29000091552734,94.69000244140624,94.9499969482422,84.06809997558594,2703200.0,0.000210771838849,0.0002107496295857,1.599998474121108,31.88980184483444,COF
2018-10-02,95.1500015258789,95.91999816894533,94.6500015258789,95.52999877929688,84.58162689208984,1987000.0,0.0061084634558534,0.0060898824222746,1.2699966430664205,40.12606772429112,COF
2018-10-03,96.19000244140624,97.31999969482422,95.88999938964844,96.7300033569336,85.64409637451172,2660600.0,0.0125614689792783,0.0124832282587643,1.4300003051757812,48.69057787747747,COF
2018-10-04,96.75,98.13999938964844,95.88999938964844,96.62999725341795,85.5555648803711,2829700.0,-0.0010337139147745,-0.0010342485654857,2.25,42.78145404583616,COF
2018-10-05,97.12999725341795,97.25,95.75,96.05999755859376,85.05086517333984,1986400.0,-0.0058990868418313,-0.0059165551866819,1.5,44.2856791147523,COF
2018-10-08,95.75,96.91000366210938,94.94000244140624,96.43000030517578,85.37846374511719,2694300.0,0.0038517958766166,0.003844396704859,1.9700012207031392,46.80853989439718,COF
2018-10-09,96.19000244140624,96.58999633789062,95.4800033569336,96.0,84.99775695800781,2081600.0,-0.0044590493950079,-0.0044690206082236,1.1099929809570312,31.26581588132636,COF
2018-10-10,96.1999969482422,96.77999877929688,93.51000213623048,93.56999969482422,82.84626770019531,2803900.0,-0.0253123062868049,-0.0256381734361343,3.269996643066392,21.63515852867519,COF
2018-10-11,93.08999633789062,93.68000030517578,90.88999938964844,90.94000244140624,80.51768493652344,2957800.0,-0.0281072742117793,-0.028509845027709,2.790000915527344,17.485984410303686,COF
2018-10-12,92.9000015258789,93.2699966430664,89.33999633789062,90.79000091552734,80.3848648071289,3555300.0,-0.0016495771022134,-0.001650939152599,3.930000305175781,19.409730839605945,COF
2018-10-15,90.58999633789062,91.37000274658205,89.9000015258789,90.5500030517578,80.17237091064453,2461600.0,-0.0026434565386683,-0.0026469566395079,1.4700012207031392,19.27181423510801,COF
2018-10-16,91.01000213623048,91.80999755859376,89.97000122070312,91.62999725341795,81.12860107421875,1851400.0,0.0119271783123386,0.0118566100867704,1.8399963378906392,29.38518341343851,COF
2018-10-17,91.5500030517578,92.29000091552734,90.37000274658205,91.4800033569336,80.99577331542969,2393100.0,-0.0016372494660366,-0.0016385912236715,1.9199981689452983,31.01152844617989,COF
2018-10-18,91.25,92.3000030517578,90.0999984741211,90.3499984741211,79.99529266357422,2089200.0,-0.0123522575426152,-0.012429180782638,2.2000045776367045,29.332210331153437,COF
2018-10-19,90.4000015258789,92.2699966430664,90.06999969482422,91.62999725341795,81.12860107421875,2299800.0,0.0141671887546026,0.0140677720063097,2.1999969482421875,36.54785896141368,COF
2018-10-22,91.06999969482422,91.87000274658205,88.51000213623047,88.54000091552734,78.39271545410156,2656000.0,-0.0337228250443307,-0.034304555330399,3.3600006103515767,26.464661000573884,COF
2018-10-23,86.80999755859375,87.44999694824219,85.51000213623047,87.04000091552734,77.06462860107422,6864400.0,-0.016941457447088,-0.0170866056205955,1.9399948120117188,18.01985705559088,COF
2018-10-24,88.48999786376953,90.3000030517578,85.66999816894531,85.86000061035156,76.01985931396484,6766200.0,-0.013557053424829,-0.0136497893782727,4.630004882812486,16.820741363693813,COF
2018-10-25,86.63999938964844,89.05000305175781,86.0999984741211,88.2699966430664,78.1536865234375,4032900.0,0.0280693391007194,0.0276826152453726,2.9500045776367188,28.44511417310632,COF
2018-10-26,87.25,87.48999786376953,84.94000244140625,85.75,75.92247009277344,3918000.0,-0.0285490874444539,-0.0289645389187628,2.549995422363281,23.59063065458764,COF
2018-10-29,86.76000213623047,88.16000366210938,85.13999938964844,86.45999908447266,76.55113220214844,4185200.0,0.0082803168628049,0.0082462231145274,3.020004272460937,26.731933724694684,COF
2018-10-30,86.8499984741211,87.93000030517578,85.94999694824219,87.83999633789062,77.77296447753906,2824700.0,0.0159609954842225,0.0158349581479303,1.9800033569335935,35.270029957549056,COF
2018-10-31,88.86000061035156,90.2300033569336,88.62000274658203,89.30000305175781,79.06561279296875,3450300.0,0.0166207926380768,0.0164841789378484,1.6100006103515625,45.51416697935149,COF
2018-11-01,89.30999755859375,89.86000061035156,88.7699966430664,89.30000305175781,79.06561279296875,2128800.0,0.0,0.0,1.0900039672851562,45.89076156260233,COF
2018-11-02,89.30000305175781,89.8499984741211,86.86000061035156,87.2699966430664,77.26828002929688,4372900.0,-0.0227321676286522,-0.0229945269735378,2.9899978637695312,41.76710006484319,COF
2018-11-05,87.69000244140625,88.61000061035156,87.69000244140625,88.05000305175781,77.95890045166016,4166800.0,0.0089379551622144,0.0088982480657471,0.9199981689453124,40.8767205831394,COF
2018-11-06,87.8499984741211,89.44000244140625,87.6500015258789,89.18000030517578,78.95939636230469,2894800.0,0.0128336329123177,0.0127519797082207,1.7900009155273438,44.4175711649246,COF
2018-11-07,89.73999786376953,90.69000244140624,88.58000183105469,90.54000091552734,80.16352844238281,2045400.0,0.0152500162811906,0.0151349036209019,2.1100006103515483,50.45610107320576,COF
2018-11-08,89.9000015258789,91.4800033569336,89.80000305175781,90.86000061035156,80.80384063720703,1814400.0,0.0079875749890978,0.0079558431735016,1.6800003051757812,49.09536582991849,COF
2018-11-09,90.2699966430664,90.98999786376952,89.87000274658203,90.4000015258789,80.3947525024414,1755400.0,-0.0050627313199423,-0.0050755903637676,1.1199951171874858,56.40732885653019,COF
2018-11-12,90.4499969482422,90.88999938964844,88.93000030517578,89.12000274658203,79.25642395019531,1749800.0,-0.0141592394629428,-0.0142604378916228,1.959999084472656,57.10087998777973,COF
2018-11-13,89.58000183105469,90.95999908447266,89.33000183105469,89.9000015258789,79.95010375976562,2026300.0,0.008752348074728,0.0087142683066016,1.6299972534179688,63.02943418598569,COF
2018-11-14,90.7699966430664,91.44000244140624,88.0,88.91999816894531,79.07855224609375,2414700.0,-0.0109011930277252,-0.0109610464121025,3.440002441406236,53.34613741179484,COF
2018-11-15,88.23999786376953,89.48999786376953,87.52999877929688,89.16000366210938,79.29197692871094,2886000.0,0.0026988946630308,0.0026952591865394,1.959999084472656,64.2750202659985,COF
2018-11-16,88.5199966430664,88.7699966430664,87.43000030517578,87.63999938964844,77.94021606445312,3519700.0,-0.0170478895421303,-0.0171948777654928,1.339996337890625,55.54515308484356,COF
2018-11-19,87.91999816894531,88.19000244140625,86.83000183105469,87.7300033569336,78.02025604248047,2202000.0,0.0010269406741334,0.0010264137312878,1.3600006103515625,51.0861923250407,COF
2018-11-20,87.2300033569336,87.36000061035156,85.51000213623047,86.01000213623047,76.49063110351562,2790400.0,-0.0196054847363227,-0.0198002217301222,1.8499984741210935,38.92041798743096,COF
2018-11-21,86.22000122070312,87.7300033569336,85.70999908447266,86.44000244140625,76.8730239868164,1859700.0,0.004999212031383,0.0049867574623566,2.020004272460937,40.86633287334519,COF
2018-11-23,85.75,86.4800033569336,85.31999969482422,85.62999725341797,76.15267944335938,723000.0,-0.0093705763881563,-0.0094147564507836,1.160003662109375,44.89464871032481,COF
2018-11-26,86.86000061035156,88.33999633789062,86.61000061035156,87.97000122070312,78.23368835449219,2682900.0,0.0273267982997318,0.0269600870477376,1.7299957275390625,51.11555608691531,COF
2018-11-27,87.80000305175781,88.61000061035156,87.4800033569336,88.19000244140625,78.42935943603516,1806000.0,0.002501110271784,0.0024979877010003,1.1299972534179688,47.69776586557549,COF
2018-11-28,88.52999877929688,90.41000366210938,87.6500015258789,90.41000366210938,80.40363311767578,2448300.0,0.0251726355517514,0.0248610233370235,2.7600021362304688,50.97750535638521,COF
2018-11-29,89.58000183105469,89.93000030517578,88.44000244140625,88.87000274658203,79.03404998779297,2118400.0,-0.0170338463173466,-0.0171805910832434,1.4899978637695312,43.198748877062044,COF
2018-11-30,88.51000213623047,89.87000274658203,88.41000366210938,89.68000030517578,79.75442504882812,2488400.0,0.0091147430904328,0.0090734545197944,1.4599990844726562,47.59674002619479,COF
2018-12-03,90.66999816894533,91.5999984741211,89.12000274658203,90.47000122070312,80.4570083618164,2360400.0,0.0088093333073135,0.0087707575164499,2.4799957275390625,54.658370016015056,COF
2018-12-04,90.11000061035156,90.19000244140624,84.30999755859375,84.88999938964844,75.49457550048828,3617600.0,-0.0616780683543687,-0.0636621781496072,5.880004882812486,37.01395877963967,COF
2018-12-06,83.18000030517578,84.68000030517578,81.8499984741211,84.61000061035156,75.24555206298828,3904400.0,-0.0032985606694138,-0.0033040129136658,2.8300018310546875,38.40770888893299,COF
2018-12-07,84.54000091552734,85.63999938964844,81.88999938964844,82.66999816894531,73.5202865600586,2660900.0,-0.0229284715923867,-0.0231954173289533,3.75,34.00695865271554,COF
2018-12-10,83.11000061035156,83.26000213623047,80.31999969482422,82.44999694824219,73.32463073730469,3234600.0,-0.0026612494579176,-0.0026647968773661,2.94000244140625,36.33494158783508,COF
2018-12-11,83.62000274658203,83.8499984741211,80.88999938964844,81.36000061035156,72.35527801513672,2243800.0,-0.0132200150538882,-0.0133081773193062,2.959999084472656,34.06707911614046,COF
2018-12-12,82.55999755859375,83.31999969482422,81.72000122070312,82.04000091552734,72.96000671386719,2151300.0,0.008357768988241,0.00832303622841,1.5999984741210938,39.5250430527915,COF
2018-12-13,82.08999633789062,82.38999938964844,80.01000213623047,80.38999938964844,71.49260711669922,2261500.0,-0.0201123829788391,-0.0203173904023925,2.3799972534179688,35.00248816526522,COF
2018-12-14,79.56999969482422,81.2300033569336,78.52999877929688,78.7300033569336,70.01636505126953,3657600.0,-0.020648877205163,-0.0208650462126113,2.7000045776367188,33.587121414639654,COF
2018-12-17,78.30999755859375,78.8499984741211,76.45999908447266,76.91000366210938,68.39778137207031,4669300.0,-0.0231172194959565,-0.0233886131506734,2.389999389648437,23.02447777783358,COF
2018-12-18,77.79000091552734,78.13999938964844,75.29000091552734,76.20999908447266,67.7752456665039,3592700.0,-0.0091016944274835,-0.0091433679071232,2.8499984741210938,21.44899339452212,COF
2018-12-19,76.0199966430664,77.44999694824219,74.08000183105469,74.66999816894531,66.40569305419922,3585000.0,-0.020207268875774,-0.0204142285393865,3.3699951171875,11.231661119290834,COF
2018-12-20,74.27999877929688,75.3499984741211,73.76000213623047,74.48999786376953,66.24562072753906,4242800.0,-0.0024105211360343,-0.0024134311194328,1.589996337890625,12.03817821846758,COF
2018-12-21,74.16999816894531,75.95999908447266,72.0,72.38999938964844,64.37802124023438,4942500.0,-0.0281920444973399,-0.028597070685888,3.959999084472656,7.266466507217615,COF
2018-12-24,71.27999877929688,72.88999938964844,70.75,70.77999877929688,62.94624328613281,1749800.0,-0.0222401671644847,-0.0224912088023323,2.139999389648437,3.2303499576353545,COF
2018-12-26,71.05000305175781,74.41000366210938,69.9000015258789,74.41000366210938,66.17448425292969,3156200.0,0.0512856812140853,0.050013873430879,4.510002136230469,22.565423085681644,COF
2018-12-27,73.11000061035156,74.98999786376953,72.08000183105469,74.98999786376953,66.69026947021484,3261300.0,0.007794321680147,0.0077641028767342,2.909996032714844,25.206092975990543,COF
2018-12-28,75.44000244140625,75.98999786376953,74.2300033569336,74.66000366210938,66.39679718017578,2481000.0,-0.0044005263791914,-0.0044102371943354,1.7599945068359375,27.48723290366448,COF
2018-12-31,74.98999786376953,75.69999694824219,74.37999725341797,75.58999633789062,67.223876953125,2542900.0,0.0124566215250538,0.0123796761425538,1.3199996948242188,31.45940646951567,COF
2019-01-02,74.48999786376953,77.36000061035156,74.38999938964844,77.26000213623047,68.70905303955078,3290800.0,0.0220929847212083,0.0218524707359609,2.970001220703125,39.25574017271101,COF
2019-01-03,76.5999984741211,77.4800033569336,75.9800033569336,76.16000366210938,67.7308120727539,3599200.0,-0.0142374392241118,-0.0143397639511446,1.5,34.923113269180774,COF
2019-01-04,77.68000030517578,79.61000061035156,77.66000366210938,79.54000091552734,70.7367172241211,2851300.0,0.0443801729135973,0.0434235734741986,1.9499969482421875,47.99820097515875,COF
2019-01-07,79.19000244140625,80.5,78.6500015258789,79.9800033569336,71.12799072265625,2665400.0,0.0055314059499742,0.0055161639048762,1.8499984741210935,53.12336948250028,COF
2019-01-08,80.66999816894531,81.16000366210938,78.9000015258789,80.0199966430664,71.16357421875,3117700.0,0.0005002741639714,0.0005001490685714,2.2600021362304688,58.52992360391496,COF
2019-01-09,80.69999694824219,80.93000030517578,79.79000091552734,80.56999969482422,71.6527099609375,1903900.0,0.0068734004377568,0.006849886307499,1.1399993896484375,62.05762012020918,COF
2019-01-10,80.0,80.37999725341797,79.56999969482422,79.94999694824219,71.10132598876953,3485200.0,-0.0076952284493994,-0.0077249894968616,0.80999755859375,65.38469614358976,COF
2019-01-11,79.37000274658203,81.02999877929688,79.04000091552734,80.94000244140625,71.98175811767578,1832300.0,0.0123827807240235,0.0123067411720262,1.9899978637695312,67.94664370047258,COF
2019-01-14,80.20999908447266,81.6500015258789,79.91999816894531,81.4000015258789,72.39085388183594,2452900.0,0.0056833255377197,0.0056672363743206,1.7300033569335938,77.58749127924081,COF
2019-01-15,81.0,81.62999725341797,80.5199966430664,81.5199966430664,72.49757385253906,2829300.0,0.0014742189790621,0.0014731333850676,1.1100006103515625,86.18606726919354,COF
2019-01-16,82.4000015258789,84.30999755859375,82.16000366210938,83.62000274658203,74.36515808105469,3767800.0,0.0257606445191436,0.025434429589891,2.149993896484375,84.59814551506237,COF
2019-01-17,83.19999694824219,84.05999755859375,82.2300033569336,83.6500015258789,74.39180755615234,2312200.0,0.0003583596913572,0.0003582954958592,1.829994201660156,83.93425980085655,COF
2019-01-18,83.88999938964844,85.25,82.94000244140625,84.97000122070312,75.56571960449219,2671600.0,0.015780125351219,0.0156569136799354,2.30999755859375,87.49097656496156,COF
2019-01-22,84.0,84.16000366210938,82.80000305175781,83.4000015258789,74.16949462890625,4800800.0,-0.0184769626080942,-0.0186497939242585,1.3600006103515625,77.137006146527,COF
2019-01-23,79.7699966430664,80.58000183105469,77.70999908447266,78.19999694824219,69.54501342773438,8586700.0,-0.0623501781198542,-0.0643787239003409,2.8700027465820312,52.6227652123542,COF
2019-01-24,78.19999694824219,80.83999633789062,78.19999694824219,80.18000030517578,71.30587768554688,5529200.0,0.0253197773790387,0.0250045418661456,2.639999389648437,60.69146788048873,COF
2019-01-25,80.9800033569336,81.30000305175781,79.54000091552734,79.62000274658203,70.80786895751953,3486900.0,-0.0069841189000368,-0.0070086220135294,1.7600021362304688,50.25033419050739,COF
2019-01-28,78.73999786376953,79.55000305175781,78.44000244140625,79.4800033569336,70.6833267211914,3848600.0,-0.0017588756470392,-0.0017604242849842,1.1100006103515625,48.40560711563787,COF
2019-01-29,79.5999984741211,80.0,78.87999725341797,79.55999755859375,70.75448608398438,2454200.0,0.0010067347717468,0.0010062283541534,1.1200027465820312,48.53690108992956,COF
2019-01-30,79.9000015258789,81.25,79.19000244140625,80.87999725341797,71.92839813232422,2720900.0,0.0165913444265064,0.016455211757262,2.05999755859375,50.93995474898903,COF
2019-01-31,80.27999877929688,80.80999755859375,79.9000015258789,80.58999633789062,71.67047119140625,3220200.0,-0.0035858846799767,-0.0035923293756822,0.9099960327148438,51.9801157613488,COF
2019-02-01,80.94000244140625,81.33999633789062,80.43000030517578,80.87999725341797,71.92839813232422,2438600.0,0.003598789524198,0.0035923293756821,0.9099960327148438,49.80594969230513,COF
2019-02-04,80.8499984741211,81.62000274658203,80.30000305175781,81.38999938964844,72.38195037841797,3282300.0,0.0063056074912075,0.0062858103268057,1.3199996948242188,49.96772564530733,COF
2019-02-05,81.55999755859375,81.5999984741211,80.5,80.86000061035156,71.9106216430664,2305700.0,-0.0065116887965497,-0.0065329823302868,1.0999984741210938,47.92714661154361,COF
2019-02-06,80.68000030517578,81.19999694824219,79.58999633789062,80.13999938964844,71.27030944824219,3552900.0,-0.0089042783971811,-0.0089441583956428,1.6100006103515625,38.03303624003314,COF
2019-02-07,79.91000366210938,80.02999877929688,78.36000061035156,79.02999877929688,70.28316497802734,3395600.0,-0.0138507111566805,-0.0139475272774169,1.6699981689453125,35.21145016366792,COF
2019-02-08,77.91000366210938,78.58999633789062,76.81999969482422,77.83000183105469,69.56807708740234,3187500.0,-0.0101743837354018,-0.0102264965561614,1.7699966430664062,27.67483745791968,COF
2019-02-11,78.08000183105469,78.4000015258789,77.75,78.04000091552734,69.75578308105469,2649200.0,0.0026981627423239,0.002694529235626,0.6500015258789062,31.94646421398336,COF
2019-02-12,78.81999969482422,80.31999969482422,78.76000213623047,79.79000091552734,71.31999206542969,2113800.0,0.0224240760448122,0.0221763529210028,1.55999755859375,59.68485607383886,COF
2019-02-13,80.08000183105469,80.63999938964844,79.75,79.98999786376953,71.49879455566406,1809800.0,0.0025070458514682,0.0025039084546552,0.8899993896484375,51.27226693555041,COF
2019-02-14,79.44999694824219,80.47000122070312,78.5199966430664,79.61000061035156,71.15910339355469,2087800.0,-0.0047510054431045,-0.0047623273439736,1.9500045776367188,52.36575617145964,COF
2019-02-15,80.2699966430664,81.70999908447266,80.05999755859375,81.56999969482422,72.91104888916016,2704700.0,0.0246201176245308,0.0243219269432582,1.6500015258789062,62.30689862715314,COF
2019-02-19,81.55000305175781,82.58000183105469,81.13999938964844,82.19999694824219,73.47418212890625,2952500.0,0.0077235651979465,0.0076938911632186,1.44000244140625,64.25017069376021,COF
2019-02-20,82.41000366210938,82.81999969482422,81.81999969482422,82.72000122070312,73.93895721435547,2167500.0,0.0063256925355603,0.0063057693171614,1.0,61.38025444149832,COF
2019-02-21,82.9800033569336,82.9800033569336,81.62000274658203,82.06999969482422,73.35798645019531,1736900.0,-0.0078574378926642,-0.0078884702210662,1.3600006103515625,59.21476255070107,COF
2019-02-22,82.06999969482422,82.44000244140625,81.0199966430664,81.19999694824219,72.58032989501953,2096600.0,-0.0106008437909314,-0.0106574330198318,1.4200057983398438,53.368698424813175,COF
2019-02-25,81.98999786376953,82.62999725341797,81.38999938964844,81.41999816894531,72.77698516845703,2514300.0,0.0027094844253525,0.002705820389367,1.2399978637695312,52.0969171130921,COF
2019-02-26,81.16000366210938,81.66999816894531,80.25,80.9000015258789,72.31217193603516,2682600.0,-0.0063868162626683,-0.0064072992342158,1.4199981689453125,52.13297799910518,COF
2019-02-27,80.70999908447266,82.33000183105469,80.5,82.26000213623047,73.52780151367188,2676400.0,0.0168108569427567,0.0166711183958554,1.8300018310546875,61.30077239423882,COF
2019-02-28,82.43000030517578,83.87000274658203,81.91000366210938,83.58000183105469,74.70770263671875,4649900.0,0.0160470066934814,0.0159196145166238,1.959999084472656,71.72943577123304,COF
2019-03-01,84.0,85.4800033569336,83.80999755859375,84.26000213623047,75.31550598144531,3081600.0,0.0081357520479798,0.0081028352321339,1.6700057983398438,78.52692295166767,COF
2019-03-04,84.29000091552734,84.91999816894531,82.51000213623047,83.30999755859375,74.46633911132812,2918400.0,-0.0112747947325267,-0.0113388370617589,2.409996032714844,71.9398640302812,COF
2019-03-05,83.30000305175781,83.56999969482422,81.66000366210938,82.97000122070312,74.16243743896484,1963800.0,-0.0040810610000437,-0.0040894112558321,1.909996032714844,64.99995571255678,COF
2019-03-06,82.76000213623047,83.45999908447266,82.48999786376953,82.51000213623047,73.75128936767578,1713300.0,-0.0055438856311517,-0.0055593099987991,0.970001220703125,61.6021962665669,COF
2019-03-07,82.22000122070312,82.29000091552734,80.80999755859375,81.27999877929688,72.65184020996094,3035600.0,-0.0149075245618244,-0.015019758523267,1.4800033569335938,57.130715695621625,COF
2019-03-08,80.44000244140625,81.43000030517578,80.08000183105469,81.37000274658203,72.7322769165039,2111600.0,0.0011071530509139,0.0011065406089777,1.3499984741210938,48.98372361723611,COF
2019-03-11,81.95999908447266,83.26000213623047,81.86000061035156,82.8499984741211,74.05517578125,2926600.0,0.0181886078757684,0.0180251739298597,1.4000015258789062,53.04019418405967,COF
2019-03-12,82.98999786376953,84.02999877929688,82.73999786376953,82.94999694824219,74.14456176757812,2153200.0,0.0012070187584478,0.0012062908969423,1.2900009155273438,51.11987280764816,COF
2019-03-13,83.36000061035156,84.33000183105469,83.19999694824219,83.73999786376953,74.85070037841797,1779500.0,0.0095238085438198,0.0094787429837992,1.1300048828125,58.02104420792326,COF
2019-03-14,83.62000274658203,83.94999694824219,83.19000244140625,83.20999908447266,74.37696075439453,1794900.0,-0.0063291274714649,-0.0063492413123624,0.7599945068359375,59.98009811932314,COF
2019-03-15,83.11000061035156,84.5199966430664,82.93000030517578,84.33000183105469,75.3780746459961,2993500.0,0.0134599999979485,0.0133702189361474,1.589996337890625,63.2633847638166,COF
2019-03-18,84.54000091552734,85.62000274658203,84.37000274658203,84.9000015258789,75.88756561279297,2529600.0,0.0067591400972979,0.006736399523509,1.25,68.14882974488144,COF
2019-03-19,85.37999725341797,85.87000274658203,84.16000366210938,84.41000366210938,75.44959259033203,2342100.0,-0.0057713410480926,-0.0057880595934902,1.7099990844726562,60.59124236749227,COF
2019-03-20,84.12999725341797,84.2300033569336,82.79000091552734,82.94999694824219,74.14456176757812,2462100.0,-0.017296724580606,-0.017448060537603,1.44000244140625,46.93867901834669,COF
2019-03-21,82.19999694824219,83.51000213623047,81.4800033569336,82.88999938964844,74.09093475341797,2569500.0,-0.0007232764329805,-0.0007235381235704,2.029998779296875,42.916231581902,COF
2019-03-22,82.13999938964844,82.2699966430664,79.68000030517578,80.0,71.50772857666016,3119800.0,-0.0348653473647616,-0.0354876509678769,2.589996337890625,35.74512665370294,COF
2019-03-25,79.86000061035156,80.48999786376953,78.44999694824219,79.36000061035156,70.93566131591797,2327500.0,-0.0080000759656195,-0.0080322482755127,2.040000915527344,34.844706074587535,COF
2019-03-26,80.0,80.68000030517578,79.41999816894531,80.66000366210938,72.09765625,1668600.0,0.0163809699173309,0.0162482492635358,1.2600021362304688,42.745029519289794,COF
2019-03-27,80.37999725341797,80.97000122070312,79.81999969482422,80.06999969482422,71.57028198242188,1902000.0,-0.0073147213794224,-0.0073416051321845,1.1500015258789062,45.00410914683398,COF
2019-03-28,80.33000183105469,81.05999755859375,80.05000305175781,80.95999908447266,72.3658218383789,1268600.0,0.0111155054014238,0.0110541821785493,1.0099945068359375,48.41218208600769,COF
2019-03-29,81.73999786376953,82.33000183105469,81.41999816894531,81.69000244140625,73.01832580566406,2945600.0,0.0090167423060909,0.0089763342031767,0.910003662109375,45.23032388396837,COF
2019-04-01,82.3499984741211,84.87999725341797,82.2699966430664,84.4800033569336,75.51213836669922,3036500.0,0.0341532421281796,0.0335829683239676,2.6100006103515625,55.15148589003672,COF
2019-04-02,84.5,85.56999969482422,84.01000213623047,84.68000030517578,75.69093322753906,2342100.0,0.0023677631796306,0.0023649644453492,1.55999755859375,53.29599522110472,COF
2019-04-03,85.11000061035156,86.19999694824219,84.93000030517578,85.30999755859375,76.2540283203125,2852600.0,0.0074393995259733,0.0074118636757835,1.2699966430664062,57.31194472628539,COF
2019-04-04,85.5199966430664,86.73999786376953,85.12000274658203,86.69999694824219,77.4964828491211,2137200.0,0.0162936248245082,0.0161623082151236,1.6199951171875,58.099769898204464,COF
2019-04-05,87.0,87.25,85.9000015258789,86.54000091552734,77.35348510742188,1554000.0,-0.0018452158916375,-0.0018469203995937,1.3499984741210938,55.76658161198137,COF
2019-04-08,85.80000305175781,86.13999938964844,85.29000091552734,86.04000091552734,76.90656280517578,2023200.0,-0.0057776621392746,-0.0057944173978235,0.8499984741210938,55.72734470596704,COF
2019-04-09,85.5,85.70999908447266,84.58999633789062,85.0999984741211,76.06634521484375,1212100.0,-0.010925174129294,-0.0109852921114403,1.1200027465820312,57.84106445130105,COF
2019-04-10,85.2699966430664,85.77999877929688,84.52999877929688,85.62999725341797,76.54006958007812,1413200.0,0.006227778709446,0.0062084662366813,1.25,59.66150584572675,COF
2019-04-11,86.12000274658203,86.69000244140625,85.62000274658203,86.25,77.09424591064453,1390900.0,0.0072403426545961,0.0072142572097458,1.0699996948242188,76.23843480130434,COF
2019-04-12,87.3499984741211,88.69000244140625,86.94000244140625,87.83000183105469,78.50653839111328,1637100.0,0.0183190387789207,0.0181532666512839,1.75,82.95726279990436,COF
2019-04-15,87.80999755859375,87.94999694824219,86.55000305175781,86.87999725341797,77.65739440917969,1215400.0,-0.0108162198886317,-0.01087514044528,1.399993896484375,74.88012760895721,COF
2019-04-16,87.44999694824219,88.3499984741211,87.02999877929688,87.91000366210938,78.57804107666016,1888400.0,0.0118552350936416,0.011785512306445,1.3199996948242188,80.29380859499967,COF
2019-04-17,88.0999984741211,88.25,87.30000305175781,87.91999816894531,78.58700561523438,2337000.0,0.0001140845260505,0.0001140780189059,0.9499969482421876,78.85588952830409,COF
2019-04-18,87.70999908447266,88.29000091552734,87.5,88.11000061035156,78.75682830810547,1413900.0,0.0021609513117544,0.0021586198146987,0.7900009155273438,77.86474637630153,COF
2019-04-22,87.87000274658203,88.2300033569336,87.30999755859375,87.61000061035156,78.30989837646484,1060800.0,-0.0056748086641095,-0.0056909715673902,0.9200057983398438,66.95574494529151,COF
2019-04-23,87.80999755859375,88.63999938964844,87.4000015258789,88.19000244140625,78.82833099365234,1789000.0,0.0066202693137871,0.006598451570846,1.2399978637695312,68.26230032374532,COF
2019-04-24,88.0,88.61000061035156,87.52999877929688,87.79000091552734,78.47077941894531,1759900.0,-0.0045358257646711,-0.0045461438348225,1.0800018310546875,63.21969090326714,COF
2019-04-25,87.70999908447266,88.76000213623047,87.37000274658203,88.05000305175781,78.70317077636719,2135600.0,0.0029615018372783,0.0029571252294711,1.3899993896484375,58.181806895224575,COF
2019-04-26,90.6999969482422,94.13999938964844,90.6999969482422,93.7300033569336,83.78024291992188,4310300.0,0.0645091181647692,0.0625137709932175,3.440002441406236,76.10743879519387,COF
2019-04-29,93.8499984741211,94.37999725341795,92.27999877929688,92.37999725341795,82.57352447509766,2466400.0,-0.0144033772494264,-0.0145081128011088,2.0999984741210795,71.68244923694873,COF
2019-04-30,93.0199966430664,93.26000213623048,91.58000183105467,92.83000183105467,82.97576904296875,2211300.0,0.0048713503562802,0.0048595237213704,1.6800003051758097,77.35297990762655,COF
2019-05-01,92.55999755859376,93.48999786376952,92.23999786376952,92.58000183105467,82.7523193359375,2210800.0,-0.002692951323121,-0.0026965838394608,1.25,75.09019196992574,COF
2019-05-02,92.66000366210938,93.26000213623048,92.1500015258789,92.91999816894533,83.05620574951172,2062700.0,0.0036722404400604,0.0036655142269541,1.1100006103515767,74.57618483322892,COF
2019-05-03,93.22000122070312,94.3000030517578,93.12000274658205,94.26000213623048,84.25397491455078,1694500.0,0.0144211880885987,0.0143181917940033,1.1800003051757528,74.11844331207908,COF
2019-05-06,92.0500030517578,94.08000183105467,91.87999725341795,93.61000061035156,83.67295837402344,2208400.0,-0.0068960134060926,-0.0069199007883556,2.2000045776367188,75.82475097963948,COF
2019-05-07,92.41000366210938,92.61000061035156,90.9000015258789,91.5999984741211,81.8763198852539,1901500.0,-0.0214721520988709,-0.0217060327644385,1.7099990844726562,63.16900207140246,COF
2019-05-08,91.18000030517578,91.6500015258789,90.16999816894533,90.22000122070312,80.6428451538086,2183300.0,-0.0150650973709367,-0.0151797286954612,1.4800033569335795,57.47719489272151,COF
2019-05-09,89.12000274658203,90.3499984741211,88.37000274658203,90.1999969482422,80.62495422363281,2240800.0,-0.0002218539058443,-0.0002218785190625,1.9799957275390625,56.87040014366002,COF
2019-05-10,89.6500015258789,90.7699966430664,88.31999969482422,90.38999938964844,81.1546630859375,1348800.0,0.0065700361309404,0.0065485475128726,2.4499969482421875,60.39886548399602,COF
2019-05-13,88.48999786376953,88.87999725341797,87.31999969482422,87.54000091552734,78.59586334228516,1819400.0,-0.0315299164133395,-0.0320376860425718,1.55999755859375,49.26053381352929,COF
2019-05-14,88.23999786376953,90.05000305175781,88.0999984741211,89.26000213623047,80.14012145996094,1640700.0,0.0196480839067896,0.0194575519868857,1.9500045776367188,54.9373277720964,COF
2019-05-15,88.30000305175781,90.05999755859375,87.23999786376953,89.37999725341797,80.24786376953125,1900000.0,0.0013444240863067,0.0013435211574337,2.8199996948242188,54.60259625474432,COF
2019-05-16,89.87000274658203,91.55999755859376,89.87000274658203,90.9800033569336,81.68437957763672,1631000.0,0.017900985030967,0.0177426491846652,1.689994812011733,42.02494221393357,COF
2019-05-17,90.02999877929688,91.37999725341795,89.93000030517578,90.54000091552734,81.28936004638672,1518100.0,-0.0048359249747934,-0.0048476558951554,1.4499969482421733,44.79185103130744,COF
2019-05-20,90.41000366210938,91.87999725341795,90.0,91.37999725341795,82.04351806640625,1460100.0,0.0092774505739641,0.0092346793643954,1.8799972534179543,46.32402667571581,COF
2019-05-21,91.97000122070312,92.2699966430664,91.5999984741211,92.1999969482422,82.77973937988281,1859200.0,0.0089735463669495,0.0089335233537981,0.6699981689453125,50.103918123852814,COF
2019-05-22,91.66000366210938,92.16000366210938,91.25,91.26000213623048,81.935791015625,1117200.0,-0.0101951077712973,-0.0102474338328981,0.910003662109375,45.92076923034189,COF
2019-05-23,90.41000366210938,90.41000366210938,88.5999984741211,89.25,80.13114929199219,1584300.0,-0.0220250723311948,-0.0222712456064011,1.8100051879882808,35.62477089259977,COF
2019-05-24,89.87000274658203,90.87999725341795,89.7300033569336,90.77999877929688,81.50482177734375,1175700.0,0.017142802736374,0.0169975228790497,1.1499938964843608,42.836248759750575,COF
2019-05-28,90.36000061035156,90.91000366210938,88.69000244140625,88.75,79.6822280883789,2016500.0,-0.0223617897594308,-0.0226156055670049,2.220001220703125,42.762902931942335,COF
2019-05-29,88.22000122070312,89.55999755859375,87.55000305175781,89.44000244140625,80.30172729492188,1605000.0,0.0077746220381269,0.0077445554014845,2.009994506835937,48.82734411841383,COF
2019-05-30,89.55000305175781,90.1999969482422,87.66999816894531,88.3499984741211,79.32310485839844,1376400.0,-0.0121868167658372,-0.0122616849086238,2.529998779296889,45.80194890184833,COF
2019-05-31,87.22000122070312,87.58000183105469,85.72000122070312,85.87000274658203,77.09649658203125,2785100.0,-0.0280701099678581,-0.0284716067197243,1.8600006103515625,38.20458234652332,COF
2019-06-03,85.9800033569336,87.41999816894531,85.87000274658203,87.08000183105469,78.1828842163086,2050000.0,0.0140912711010339,0.0139929120660143,1.5499954223632812,48.68727894970675,COF
2019-06-04,88.37000274658203,89.94000244140625,87.98999786376953,89.91999816894531,80.73269653320312,2047400.0,0.0326134337771419,0.0320929030409424,1.9500045776367188,51.77041943007402,COF
2019-06-05,90.0,90.1999969482422,88.5199966430664,89.9000015258789,80.71472930908203,1666600.0,-0.0002225520129097,-0.0002225767812838,1.6800003051757957,51.40236348194434,COF
2019-06-06,89.80000305175781,90.66999816894533,89.61000061035156,90.36000061035156,81.12773895263672,1474500.0,0.0051169055151401,0.0051038586416011,1.0599975585937642,48.218426393856696,COF
2019-06-07,90.16000366210938,90.9499969482422,90.04000091552734,90.26000213623048,81.0379638671875,1296200.0,-0.0011065892703066,-0.0011072019922759,0.909996032714858,49.17935126136982,COF
2019-06-10,90.91999816894533,91.73999786376952,90.36000061035156,90.43000030517578,81.19058227539062,1402800.0,0.001883295197955,0.0018815240209711,1.3799972534179543,47.10188959411522,COF
2019-06-11,91.30999755859376,92.23999786376952,90.9800033569336,91.33999633789062,82.00759887695312,1194400.0,0.0100629479265372,0.0100126535908058,1.2599945068359233,47.39074253208784,COF
2019-06-12,91.37999725341795,91.70999908447266,90.01000213623047,90.5500030517578,81.2983169555664,1011000.0,-0.0086489780349616,-0.0086865975159278,1.6999969482421875,47.82602813219248,COF
2019-06-13,90.5999984741211,91.44000244140624,90.48999786376952,90.7699966430664,81.49583435058594,1313300.0,0.002429538549088,0.0024265919918585,0.9500045776367188,55.226923130870624,COF
2019-06-14,91.0,91.0,89.58000183105469,90.56999969482422,81.31626892089844,1310000.0,-0.0022033694251786,-0.0022058004151596,1.4199981689453125,49.20510758740471,COF
2019-06-17,90.56999969482422,91.0500030517578,89.73999786376953,89.94999694824219,80.75962829589844,1416800.0,-0.0068453783281852,-0.0068689154053771,1.310005187988267,55.08480007835122,COF
2019-06-18,90.0,91.87000274658205,89.9000015258789,91.29000091552734,81.96272277832031,2205600.0,0.0148972265946272,0.0147873527805847,1.9700012207031392,57.4298074140407,COF
2019-06-19,91.41999816894533,92.04000091552734,90.22000122070312,90.4800033569336,81.23548889160156,1715500.0,-0.0088727394853104,-0.0089123366357723,1.8199996948242188,58.75110497276146,COF
2019-06-20,91.55999755859376,91.94000244140624,90.5,91.62999725341795,82.26797485351562,1365300.0,0.0127097894775001,0.0126296980196594,1.4400024414062358,76.56834262797045,COF
2019-06-21,91.7300033569336,92.36000061035156,90.83999633789062,91.5199966430664,82.16921997070312,3195400.0,-0.0012004049326403,-0.0012011259957444,1.5200042724609375,72.79267489388803,COF
2019-06-24,91.0,91.18000030517578,87.98999786376953,88.72000122070312,79.65530395507812,3038200.0,-0.0305943760512916,-0.0310721541138831,3.19000244140625,43.8144004765701,COF
2019-06-25,88.56999969482422,89.72000122070312,88.06999969482422,88.81999969482422,79.74506378173828,1859200.0,0.0011268531058619,0.0011262186834566,1.6500015258789062,44.47840820227648,COF
2019-06-26,89.0,89.70999908447266,88.6500015258789,89.37999725341797,80.24786376953125,1559000.0,0.0063050923022536,0.0062852983659441,1.05999755859375,45.04041993034991,COF
2019-06-27,89.58999633789062,90.38999938964844,88.98999786376953,89.33000183105469,80.2029800415039,1439600.0,-0.0005593136803772,-0.0005594701546219,1.4000015258789062,45.26951853628808,COF
2019-06-28,90.20999908447266,91.08999633789062,89.33999633789062,90.73999786376952,81.46891021728516,3156300.0,0.0157840790345464,0.015660805935291,1.75,51.40019758825648,COF
2019-07-01,92.3000030517578,92.83000183105467,91.2300033569336,92.04000091552734,82.63606262207031,1732900.0,0.0143263534724136,0.0142247009930915,1.5999984741210795,53.05405152891662,COF
2019-07-02,91.8000030517578,91.97000122070312,90.62999725341795,91.0999984741211,81.79214477539062,1637900.0,-0.0102124643878458,-0.0102649693784021,1.3400039672851705,52.36878489938511,COF
2019-07-03,91.77999877929688,93.0,91.5500030517578,92.98999786376952,83.48902130126953,1297000.0,0.0207462040583321,0.0205339324335892,1.4499969482422017,58.35857159037173,COF
2019-07-05,93.0,93.12999725341795,91.9499969482422,92.54000091552734,83.08499145507812,1106900.0,-0.0048393170730013,-0.0048510644828187,1.1800003051757528,57.28020580406659,COF
2019-07-08,92.06999969482422,92.45999908447266,91.4800033569336,91.8000030517578,82.4206314086914,1409800.0,-0.0079961499032701,-0.0080282905588988,0.9799957275390624,56.776730313456966,COF
2019-07-09,91.0199966430664,92.45999908447266,91.01000213623048,92.29000091552734,82.86054992675781,1982500.0,0.0053374805621788,0.0053232866967227,1.4499969482421733,53.90630705272984,COF
2019-07-10,92.22000122070312,92.6500015258789,90.0,90.16000366210938,80.94815063476562,2495500.0,-0.0230797320761519,-0.0233502393546663,2.6500015258789062,48.8667111211682,COF
2019-07-11,90.61000061035156,91.22000122070312,90.16999816894533,90.70999908447266,81.44196319580078,1492000.0,0.0061003563041632,0.0060818244596908,1.0500030517577983,46.597557917284455,COF
2019-07-12,91.11000061035156,91.36000061035156,90.56999969482422,91.06999969482422,81.76519012451172,1499800.0,0.0039688008003175,0.0039609458866206,0.7900009155273438,48.36596951076898,COF
2019-07-15,91.37999725341795,91.37999725341795,89.38999938964844,89.75,80.58007049560547,2104800.0,-0.0144941830025902,-0.0146002498218916,1.989997863769517,54.19046058385935,COF
2019-07-16,90.1500015258789,90.5199966430664,89.54000091552734,89.93000030517578,80.74169158935547,2270400.0,0.002005720431317,0.0020037116596672,0.9799957275390624,54.486869475136224,COF
2019-07-17,89.55000305175781,89.8499984741211,88.1500015258789,88.19000244140625,79.17943572998047,1875000.0,-0.0193488125975919,-0.0195384510433427,1.6999969482421875,45.60878036972024,COF
2019-07-18,88.29000091552734,89.18000030517578,87.83999633789062,88.76000213623047,79.69120025634766,2881700.0,0.0064633515211249,0.0064425536326223,1.3400039672851562,47.974334320598736,COF
2019-07-19,92.02999877929688,92.13999938964844,90.2300033569336,90.6500015258789,81.38811492919922,4118000.0,0.021293626741635,0.0210700852433039,1.909996032714844,49.69075633000476,COF
2019-07-22,90.5199966430664,92.20999908447266,90.33999633789062,91.72000122070312,82.34878540039062,2917100.0,0.0118035719592117,0.0117344531711194,1.8700027465820312,48.882788643098834,COF
2019-07-23,91.93000030517578,94.5,91.8000030517578,94.33999633789062,84.70108032226562,2275600.0,0.0285650226708,0.0281646489883581,2.6999969482422017,60.124893514417245,COF
2019-07-24,94.26000213623048,97.12999725341795,93.73999786376952,96.91999816894533,87.01748657226562,3945000.0,0.0273480130499714,0.0269807372743556,3.389999389648437,61.77348559406992,COF
2019-07-25,96.8499984741211,96.87000274658205,95.5500030517578,95.9000015258789,86.10169982910156,2427700.0,-0.0105241690979378,-0.0105799398042105,1.3199996948242472,59.7334828699209,COF
2019-07-26,95.98999786376952,98.62000274658205,95.58999633789062,98.08000183105467,88.0589599609375,3221300.0,0.0227319569267598,0.0224774359477351,3.0300064086914205,66.7912826662583,COF
2019-07-29,98.02999877929688,98.27999877929688,96.58999633789062,96.91999816894533,87.01748657226562,2427900.0,-0.0118270007859946,-0.0118974961435245,1.69000244140625,61.95139755926148,COF
2019-07-30,91.4800033569336,92.0,89.29000091552734,91.20999908447266,81.8908920288086,12268200.0,-0.0589145325313382,-0.0607213173058399,2.709999084472656,52.28762961605323,COF
2019-07-31,91.3000030517578,93.41000366210938,90.94000244140624,92.41999816894533,82.97726440429688,5102800.0,0.0132660952710845,0.0131788711976362,2.470001220703139,53.62137578987868,COF
2019-08-01,92.41999816894533,93.6500015258789,91.06999969482422,91.3000030517578,81.9717025756836,3517000.0,-0.0121185222944179,-0.0121925502667212,2.5800018310546875,50.47191851228857,COF
2019-08-02,90.6999969482422,90.6999969482422,88.27999877929688,89.8499984741211,81.02484130859375,2802100.0,-0.0115510747896887,-0.0116183066893465,2.4199981689453267,51.02757171427172,COF
2019-08-05,88.18000030517578,88.58000183105469,85.8499984741211,86.62000274658203,78.1120834350586,3189100.0,-0.0359489488222696,-0.0366110281205511,2.7300033569335938,44.60990680700455,COF
2019-08-06,87.1500015258789,88.41999816894531,85.88999938964844,88.30000305175781,79.62706756591797,2810000.0,0.0193950034903231,0.0192093174897039,2.529998779296875,50.919324107501,COF
2019-08-07,86.52999877929688,88.19999694824219,85.36000061035156,87.94999694824219,79.31146240234375,2824500.0,-0.0039635412080565,-0.0039714168546986,2.839996337890625,49.21377840976404,COF
2019-08-08,88.4000015258789,89.47000122070312,87.94000244140625,88.76000213623047,80.04188537597656,2597700.0,0.0092095511986325,0.00916740186863,1.529998779296875,47.09652217153084,COF
2019-08-09,88.37000274658203,88.5999984741211,87.22000122070312,87.70999908447266,79.09501647949219,2000800.0,-0.0118296675801262,-0.0119001948589642,1.3799972534179688,42.97826029688756,COF
2019-08-12,86.6500015258789,87.08999633789062,85.30999755859375,85.69000244140625,77.2734375,1983000.0,-0.0230302623423118,-0.0232996021809162,1.779998779296875,33.59513331747142,COF
2019-08-13,85.51000213623047,87.94999694824219,85.33000183105469,87.20999908447266,78.64415740966797,3063400.0,0.0177385652044788,0.0175830729700902,2.6199951171875,30.70025410391004,COF
2019-08-14,85.20999908447266,85.7699966430664,83.4000015258789,83.44999694824219,75.25345611572266,3022600.0,-0.0431144716356066,-0.0440715097678659,2.3699951171875,27.556375774729872,COF
2019-08-15,83.94000244140625,85.08000183105469,83.2699966430664,83.66999816894531,75.45183563232422,2113900.0,0.0026361515715171,0.0026326830183804,1.8100051879882808,21.870251605538243,COF
2019-08-16,84.51000213623047,85.7699966430664,83.2699966430664,85.5,77.1020736694336,1797000.0,0.0218714100628507,0.0216356620089684,2.5,28.461280178881523,COF
2019-08-19,86.8499984741211,87.44999694824219,86.25,86.97000122070312,78.42769622802734,2066400.0,0.0171930856785669,0.017046957136676,1.1999969482421875,40.98908672811469,COF
2019-08-20,86.52999877929688,86.6500015258789,85.11000061035156,85.22000122070312,76.84959411621094,1838000.0,-0.0201217450940812,-0.0203269447225042,1.5400009155273438,34.45416960227932,COF
2019-08-21,86.36000061035156,86.58000183105469,85.77999877929688,86.0199966430664,77.57100677490234,1073200.0,0.0093873320606026,0.009343544875591,0.8000030517578125,38.67216344537419,COF
2019-08-22,86.23999786376953,86.80000305175781,85.23999786376953,85.7300033569336,77.30951690673828,2074700.0,-0.0033709742729375,-0.0033766688077335,1.5600051879882812,40.08659104946251,COF
2019-08-23,85.12000274658203,85.88999938964844,82.68000030517578,83.11000061035156,74.94684600830078,2172400.0,-0.0305611908206293,-0.0310379221455018,3.209999084472656,41.29893684758909,COF
2019-08-26,83.55000305175781,84.31999969482422,83.1500015258789,84.27999877929688,76.00192260742188,1428900.0,0.0140776651095395,0.0139794950461087,1.1699981689453125,39.77616458835483,COF
2019-08-27,84.81999969482422,85.02999877929688,82.62999725341797,83.11000061035156,74.94684600830078,1927800.0,-0.0138822356451554,-0.0139794950461088,2.4000015258789062,38.18353069482399,COF
2019-08-28,82.76000213623047,84.86000061035156,82.66999816894531,84.58999633789062,76.2814712524414,1818500.0,0.0178076238724282,0.0176509256853432,2.19000244140625,40.14182286422663,COF
2019-08-29,85.62999725341797,86.62000274658203,85.55000305175781,86.22000122070312,77.75137329101562,1861600.0,0.0192694505551658,0.0190861457386422,1.0699996948242188,46.571568512175126,COF
2019-08-30,86.88999938964844,87.2699966430664,86.20999908447266,86.62000274658203,78.1120834350586,1879100.0,0.004639276822711,0.004628548546159,1.05999755859375,52.31226506181228,COF
2019-09-03,85.75,86.0,84.47000122070312,85.3499984741211,76.96683502197266,2647500.0,-0.0146616037202244,-0.0147701472870581,1.529998779296875,45.31716340021862,COF
2019-09-04,86.25,86.47000122070312,85.3499984741211,85.95999908447266,77.51691436767578,2334300.0,0.0071469659048093,0.0071215473823388,1.1200027465820312,57.51049579864268,COF
2019-09-05,86.9800033569336,88.9000015258789,86.81999969482422,88.31999969482422,79.64510345458984,1872600.0,0.0274545124025409,0.0270843962404564,2.0800018310546875,62.33426988985736,COF
2019-09-06,88.41999816894531,88.68000030517578,87.79000091552734,88.19000244140625,79.52787780761719,1594200.0,-0.0014718500182436,-0.0014729342535001,0.8899993896484375,57.842665699760985,COF
2019-09-09,88.9800033569336,91.3499984741211,88.7699966430664,90.95999908447266,82.02580261230469,2531200.0,0.031409423632932,0.0309262393322992,2.5800018310546875,60.8130905962698,COF
2019-09-10,91.3499984741211,92.45999908447266,90.8000030517578,91.83000183105467,82.81034851074219,2184500.0,0.0095646232460004,0.0095191718244023,1.659996032714858,68.81055198369744,COF
2019-09-11,91.83000183105467,92.0999984741211,90.12000274658205,92.08999633789062,83.0447998046875,1921800.0,0.0028311835194716,0.00282718326793,1.9799957275390483,67.82156698218144,COF
2019-09-12,91.8499984741211,93.20999908447266,91.01000213623048,92.91000366210938,83.7842788696289,3212000.0,0.0089045800180214,0.0088651680373364,2.1999969482421733,70.44419990441097,COF
2019-09-13,93.91999816894533,94.66000366210938,93.12000274658205,93.62000274658205,84.4245376586914,1787700.0,0.0076417532942996,0.0076127030005156,1.5400009155273295,83.57836989239871,COF
2019-09-16,92.88999938964844,94.38999938964844,92.6500015258789,94.33999633789062,85.07382202148438,2402100.0,0.0076907067636884,0.007661284036517,1.7399978637695312,83.09221175061393,COF
2019-09-17,94.12000274658205,94.19000244140624,92.7699966430664,93.83000183105467,84.6139144897461,1887900.0,-0.005405981779238,-0.0054206469758062,1.4200057983398295,86.86391317553768,COF
2019-09-18,93.44000244140624,94.26000213623048,92.51000213623048,93.9000015258789,84.6770248413086,1450300.0,0.0007458625681493,0.0007455845508972,1.75,85.45324736747826,COF
2019-09-19,93.86000061035156,94.7300033569336,93.25,93.2699966430664,84.10889434814453,1373500.0,-0.006709381845061,-0.006731990932847,1.4800033569335938,79.06017630848615,COF
2019-09-20,93.33000183105467,94.19000244140624,92.7300033569336,92.73999786376952,83.63097381591797,2808200.0,-0.0056821640081053,-0.0056983689171356,1.459999084472642,74.9593540818439,COF
2019-09-23,92.06999969482422,93.18000030517578,91.72000122070312,92.8499984741211,83.73017120361328,1696800.0,0.001186132160958,0.0011854292619722,1.4599990844726562,83.78389502375015,COF
2019-09-24,93.22000122070312,93.31999969482422,90.91999816894533,91.3499984741211,82.37749481201172,3304700.0,-0.016155184829518,-0.0162871025272024,2.400001525878892,72.47708493568258,COF
2019-09-25,91.23999786376952,91.9499969482422,90.2300033569336,91.29000091552734,82.32337188720703,2124000.0,-0.000657011055364,-0.00065722698171,1.719993591308608,65.32499576544217,COF
2019-09-26,91.41999816894533,91.94000244140624,90.8000030517578,91.12999725341795,82.17911529541016,1621600.0,-0.0017523163652057,-0.0017538534674497,1.1399993896484375,65.12354195081997,COF
2019-09-27,91.8000030517578,92.26000213623048,90.76000213623048,91.33999633789062,82.36847686767578,1357200.0,0.0023042542084437,0.0023016034858932,1.5,52.65363178000999,COF
2019-09-30,91.8499984741211,91.8499984741211,90.86000061035156,90.9800033569336,82.04383087158203,1619300.0,-0.0039413864191673,-0.0039491741523322,0.9899978637695312,43.608947943609074,COF
2019-10-01,91.68000030517578,92.0999984741211,88.87000274658203,89.06999969482422,80.3214340209961,1491600.0,-0.0209936180732698,-0.021217117650882,3.2299957275390625,31.807233336833026,COF
2019-10-02,88.12000274658203,88.1500015258789,85.91999816894531,86.25,77.77842712402344,2300100.0,-0.0316603771828565,-0.032172403221325,2.2300033569335938,17.66971981209643,COF
2019-10-03,86.0999984741211,86.29000091552734,83.7300033569336,85.83000183105469,77.39970397949219,2507000.0,-0.004869256920397,-0.0048811503757756,2.55999755859375,11.088760287131096,COF
2019-10-04,85.93000030517578,87.37999725341797,85.66999816894531,87.31999969482422,78.74333953857422,2008800.0,0.0173596989393918,0.0172107408069322,1.7099990844726562,17.439448485005443,COF
2019-10-07,86.98999786376953,87.94999694824219,86.86000061035156,86.87999725341797,78.3465347290039,1330800.0,-0.005039217435983,-0.005051957108842,1.089996337890625,17.5533931804609,COF
2019-10-08,85.69999694824219,86.5,84.36000061035156,84.4000015258789,76.11014556884766,1895700.0,-0.0285448382355618,-0.028960164843301,2.139999389648437,13.795600574690395,COF
2019-10-09,85.16999816894531,86.1500015258789,85.0199966430664,85.69000244140625,77.2734375,1645700.0,0.0152843214588265,0.0151686929314312,1.1300048828125,22.49629625536529,COF
2019-10-10,85.9000015258789,87.80999755859375,85.73999786376953,87.02999877929688,78.48179626464844,1648100.0,0.0156374402866241,0.0155164353585473,2.0699996948242188,30.431598315334853,COF
2019-10-11,88.51000213623047,90.4000015258789,88.2699966430664,88.81999969482422,80.09600830078125,2472300.0,0.0205679802573519,0.0203593157059905,2.1300048828125,37.61521273503398,COF
2019-10-14,88.5199966430664,89.31999969482422,88.30000305175781,88.61000061035156,79.90660095214844,1836600.0,-0.0023647539078544,-0.0023675543541587,1.0199966430664062,40.85437656479353,COF
2019-10-15,89.04000091552734,90.75,88.27999877929688,90.12999725341795,81.27731323242188,1542200.0,0.0171539305131285,0.0170084630497463,2.470001220703125,46.47202585055648,COF
2019-10-16,90.11000061035156,91.13999938964844,89.79000091552734,89.94000244140625,81.1059799194336,2181300.0,-0.0021080090639602,-0.0021102340424669,1.3499984741210938,46.38730417040372,COF
2019-10-17,90.54000091552734,91.08999633789062,89.58000183105469,90.01000213623047,81.16912078857422,1385100.0,0.0007784983203871,0.00077819544775,1.5099945068359375,45.92777645953163,COF
2019-10-18,89.91999816894531,90.5199966430664,89.56999969482422,89.80000305175781,80.9797592163086,2182300.0,-0.0023329262461627,-0.0023356517583688,0.9499969482421876,46.35361490701417,COF
2019-10-21,90.70999908447266,91.72000122070312,90.56999969482422,91.31999969482422,82.35045623779297,1301900.0,0.0169264151282919,0.0167847596092476,1.1500015258789062,57.124838722121964,COF
2019-10-22,91.12999725341795,92.55999755859376,90.73999786376952,92.16000366210938,83.10794067382812,2162500.0,0.0091983028466517,0.0091562561014766,1.8199996948242472,71.39756370105715,COF
2019-10-23,91.9000015258789,92.86000061035156,91.80999755859376,92.79000091552734,83.67607879638672,1986800.0,0.0068361472796967,0.0068128867728774,1.0500030517577983,74.82160518821897,COF
2019-10-24,92.8499984741211,93.12999725341795,91.29000091552734,91.9800033569336,82.94562530517578,2205600.0,-0.0087295377809037,-0.0087678634021588,1.8399963378906108,67.4661713073832,COF
2019-10-25,91.5,93.44000244140624,90.45999908447266,93.25,84.09089660644531,2764600.0,0.0138074949348543,0.0137130399414441,2.9800033569335795,72.47710420683146,COF
2019-10-28,93.36000061035156,95.38999938964844,93.36000061035156,95.16999816894533,85.82229614257812,2846100.0,0.0205896191621781,0.0203805182871465,2.029998779296875,89.56629686059573,COF
2019-10-29,94.7300033569336,95.63999938964844,93.97000122070312,94.45999908447266,85.18203735351562,2367700.0,-0.0074602850056449,-0.0074882521137121,1.6699981689453125,83.65296086164379,COF
2019-10-30,94.63999938964844,94.83000183105467,93.31999969482422,94.52999877929688,85.24515533447266,1802900.0,0.0007409775924362,0.0007407032040754,1.5100021362304543,81.88763159011725,COF
2019-10-31,93.9499969482422,94.68000030517578,92.4800033569336,93.25,84.09089660644531,2472300.0,-0.0135404613141759,-0.0136329693775099,2.1999969482421875,69.68888420957637,COF
2019-11-01,94.3499984741211,95.4000015258789,93.94000244140624,95.25,85.8944320678711,2315000.0,0.021447451914641,0.0212206918717249,1.4599990844726705,75.46027793475236,COF
2019-11-04,95.79000091552734,96.18000030517578,95.36000061035156,96.16999816894533,86.72407531738281,2160800.0,0.0096588711228238,0.0096125224387891,0.8199996948242188,74.27668259454371,COF
2019-11-05,96.75,97.5199966430664,96.44000244140624,97.3000030517578,87.74308776855469,2509000.0,0.0117500526519609,0.0116815568143217,1.0799942016601705,77.50386503823938,COF
2019-11-06,97.31999969482422,97.48999786376952,96.72000122070312,97.04000091552734,87.50860595703125,2462100.0,-0.002672367903691,-0.0026759450531916,0.769996643066392,75.90269729036505,COF
2019-11-07,97.91999816894533,99.62000274658205,97.4800033569336,97.6999969482422,88.1037826538086,3205800.0,0.0068013504531152,0.0067783256101814,2.139999389648452,78.17394368831971,COF
2019-11-08,97.26000213623048,97.48999786376952,96.12000274658205,97.26000213623048,88.06756591796875,2094000.0,-0.0004110690227927,-0.0004111535348244,1.3699951171874716,75.27804558159681,COF
2019-11-11,96.5199966430664,97.30999755859376,96.47000122070312,97.01000213623048,87.8412094116211,1921000.0,-0.0025702595954394,-0.0025735683834789,0.8399963378906392,71.95939416892904,COF
2019-11-12,97.11000061035156,97.41000366210938,96.58000183105467,97.20999908447266,88.02230072021484,2581100.0,0.0020615757661663,0.0020594536349688,0.8300018310547017,70.91485702788951,COF
2019-11-13,96.37000274658205,96.88999938964844,95.87000274658205,96.30999755859376,87.20736694335938,1267800.0,-0.0092582648963674,-0.0093013890068142,1.019996643066392,70.34291928239035,COF
2019-11-14,96.11000061035156,96.87000274658205,96.0199966430664,96.63999938964844,87.50617218017578,1368400.0,0.003426376088278,0.0034205194359782,0.8500061035156392,67.73563212015223,COF
2019-11-15,97.30999755859376,97.62999725341795,96.86000061035156,97.37999725341795,88.1762466430664,1758300.0,0.0076574537109328,0.0076282842269448,0.769996643066392,63.73853515351918,COF
2019-11-18,97.43000030517578,97.43000030517578,96.81999969482422,97.1999969482422,88.01325988769531,2575500.0,-0.0018484201990458,-0.001850130635724,0.6100006103515625,67.49895315806748,COF
2019-11-19,97.5999984741211,97.69000244140624,96.70999908447266,97.06999969482422,87.89553833007812,1769300.0,-0.0013375434311534,-0.0013384387408012,0.9800033569335797,66.27140888571216,COF
2019-11-20,96.5,97.3499984741211,95.93000030517578,96.51000213623048,87.38846588134766,2526900.0,-0.0057690351337997,-0.005785740296417,1.4199981689453125,71.99227403957214,COF
2019-11-21,96.91000366210938,97.20999908447266,96.0,96.7699966430664,87.62389373779297,1646600.0,0.0026940380984026,0.0026904156822576,1.2099990844726562,64.58476489012078,COF
2019-11-22,97.25,98.33000183105467,96.91999816894533,98.0999984741211,88.82817077636719,2515200.0,0.0137437060509764,0.0136501178471779,1.4100036621093466,66.68954165305061,COF
2019-11-25,98.27999877929688,99.98999786376952,98.23999786376952,99.86000061035156,90.42183685302734,2201000.0,0.0179409984775251,0.0177819581751344,1.75,69.47249795075376,COF
2019-11-26,99.54000091552734,99.80999755859376,98.36000061035156,99.22000122070312,89.84232330322266,2553700.0,-0.0064089999713966,-0.006429625786173,1.4499969482422017,66.15404927253044,COF
2019-11-27,99.12999725341795,100.29000091552734,99.12999725341795,100.25,90.77497863769533,1402800.0,0.0103810242231259,0.0103275114177001,1.1600036621093892,67.66477398288013,COF
2019-11-29,99.83000183105467,100.3499984741211,99.5199966430664,100.01000213623048,90.55768585205078,1115500.0,-0.0023937519887701,-0.0023966215933911,0.8300018310546875,66.08215085001812,COF
2019-12-02,100.33000183105467,100.63999938964844,99.0999984741211,99.2300033569336,89.85139465332031,1750200.0,-0.0077993512321458,-0.0078299252473775,1.5400009155273438,62.224713241509946,COF
2019-12-03,98.0999984741211,98.3499984741211,96.62999725341795,98.16999816894533,88.89157104492188,2905500.0,-0.0106823451333369,-0.0107398109952909,1.7200012207031392,54.82898893719604,COF
2019-12-04,98.11000061035156,99.48999786376952,98.0199966430664,99.25,89.8694839477539,2046800.0,0.011001188204198,0.010941115313804,1.4700012207031108,64.52562316779628,COF
2019-12-05,99.5,100.25,99.13999938964844,99.56999969482422,90.15924835205078,1795800.0,0.0032242802736615,0.0032190934282582,1.1100006103515625,64.49058918439593,COF
2019-12-06,100.8499984741211,101.83999633789062,100.6500015258789,101.37999725341795,91.79816436767578,1996400.0,0.0181780132995943,0.0180147685577975,1.1899948120117188,67.88897899138126,COF
2019-12-09,101.38999938964844,102.55999755859376,101.25,102.20999908447266,92.54972839355467,2036800.0,0.0081871356693874,0.0081538028839239,1.3099975585937642,71.1749036701494,COF
2019-12-10,102.0199966430664,102.56999969482422,101.8000030517578,102.41999816894533,92.73986053466795,3155100.0,0.0020543781641884,0.0020522708150687,0.7699966430664205,72.46004834735378,COF
2019-12-11,102.5,102.9000015258789,101.27999877929688,101.43000030517578,91.84344482421876,1990800.0,-0.0096659160934805,-0.0097129342883778,1.6200027465820312,69.93519524387312,COF
2019-12-12,101.3499984741211,104.54000091552734,101.30999755859376,104.02999877929688,94.19771575927734,2237200.0,0.025633521690791,0.0253104916060465,3.2300033569335795,74.72756868322668,COF
2019-12-13,103.91000366210938,104.9499969482422,102.95999908447266,104.37000274658205,94.5055923461914,1858500.0,0.0032684082032397,0.003263078566942,1.9899978637695452,72.9000400669383,COF
2019-12-16,105.0,105.6999969482422,103.33000183105467,103.33000183105467,93.56387329101562,2756900.0,-0.0099646913139922,-0.0100146711500927,2.3699951171875284,63.37702986171251,COF
2019-12-17,103.9000015258789,104.62999725341795,103.5500030517578,104.33999633789062,94.47840881347656,1655800.0,0.0097744512950679,0.0097269903651002,1.0799942016601562,69.19041384097562,COF
2019-12-18,104.5999984741211,104.5999984741211,103.83999633789062,104.18000030517578,94.33353424072266,2300700.0,-0.0015334146137021,-0.0015345914971449,0.7600021362304688,65.75782862664148,COF
2019-12-19,104.08000183105467,104.33999633789062,103.12999725341795,103.37999725341795,93.6091537475586,2134500.0,-0.0076789288029384,-0.0077085635831097,1.2099990844726705,62.931617575738045,COF
2019-12-20,104.08999633789062,104.48999786376952,103.19000244140624,103.37000274658205,93.60008239746094,3070000.0,-9.690665639516816e-05,-9.691135214856397e-05,1.2999954223632812,66.88406832964057,COF
2019-12-23,103.37000274658205,103.37000274658205,102.47000122070312,102.93000030517578,93.20169067382812,1333800.0,-0.0042563180867842,-0.004265401993774,0.9000015258789205,70.4468264378101,COF
2019-12-24,103.05999755859376,103.25,102.52999877929688,102.9499969482422,93.21981048583984,326200.0,0.0001944150570736,0.0001943961609155,0.720001220703125,67.4859876050632,COF
2019-12-26,103.16000366210938,103.51000213623048,102.87999725341795,103.4800033569336,93.69969940185548,1124300.0,0.0051479284662194,0.0051347231829863,0.6300048828125284,68.11870116524065,COF
2019-12-27,103.62999725341795,103.73999786376952,102.79000091552734,103.0,93.26505279541016,840300.0,-0.0046387193258884,-0.0046495115721147,0.9499969482421732,58.56238443533192,COF
2019-12-30,103.38999938964844,103.4499969482422,102.48999786376952,102.63999938964844,92.9390869140625,961100.0,-0.0034950484836233,-0.0035011704340795,0.9599990844726848,52.39155210485087,COF
2019-12-31,102.45999908447266,103.05999755859376,102.37999725341795,102.91000366210938,93.18357849121094,1472800.0,0.0026306647210179,0.0026272105790475,0.6800003051758097,52.70736410111276,COF
2020-01-02,103.41000366210938,103.62000274658205,102.3000030517578,103.61000061035156,93.81741333007812,1603000.0,0.0068020014806253,0.0067789722395282,1.3199996948242472,62.44296278056915,COF
2020-01-03,101.9800033569336,102.5199966430664,101.31999969482422,102.0,92.3595733642578,1450100.0,-0.0155391191685407,-0.0156611167544171,1.1999969482421875,36.93691544446551,COF
2020-01-06,100.87999725341795,101.12999725341795,100.05999755859376,101.08000183105467,91.52652740478516,1526300.0,-0.0090195951445897,-0.0090605179501517,1.0699996948241903,30.299290622698123,COF
2020-01-07,100.1999969482422,100.6999969482422,99.83000183105467,100.08000183105467,90.6210479736328,1978200.0,-0.0098930818946925,-0.0099423435987057,0.8699951171875284,30.44521728550282,COF
2020-01-08,100.51000213623048,101.5500030517578,100.2699966430664,101.13999938964844,91.5808563232422,2194600.0,0.0105914505633246,0.0105357540767015,1.280006408691392,30.8612025470828,COF
2020-01-09,101.98999786376952,102.77999877929688,101.41999816894533,102.51000213623048,92.82138061523438,1825500.0,0.0135456725542468,0.0134547500822704,1.3600006103515483,41.27485136066735,COF
2020-01-10,102.4499969482422,102.62000274658205,101.16000366210938,101.5500030517578,91.95211029052734,1167900.0,-0.0093649794793545,-0.0094091066155803,1.4599990844726705,40.59607168031707,COF
2020-01-13,101.69000244140624,102.0500030517578,101.3000030517578,101.91000366210938,92.27810668945312,1159900.0,0.0035452845823307,0.0035390148751735,0.75,42.75812607515966,COF
2020-01-14,101.9000015258789,103.56999969482422,101.86000061035156,102.55999755859376,92.86663055419922,2251900.0,0.0063777193297502,0.0063574677381954,1.7099990844726562,48.201972561013065,COF
2020-01-15,101.77999877929688,102.81999969482422,101.4499969482422,102.33999633789062,92.66742706298828,1745400.0,-0.0021450491960584,-0.0021473531093463,1.370002746582017,47.09226580133176,COF
2020-01-16,102.98999786376952,103.4800033569336,102.31999969482422,102.91999816894533,93.19261169433594,4126500.0,0.00566741354533,0.0056514141787375,1.160003662109375,47.34337015669173,COF
2020-01-17,103.0999984741211,104.47000122070312,103.01000213623048,104.12999725341795,94.28825378417967,2680100.0,0.0117567484151785,0.0116881747937762,1.459999084472642,55.01332645516285,COF
2020-01-21,103.3000030517578,103.73999786376952,102.19000244140624,102.19000244140624,92.53160858154295,3077400.0,-0.0186305836849792,-0.0188063191347035,1.5499954223632812,48.2489851398641,COF
2020-01-22,105.0,107.58999633789062,104.5500030517578,106.76000213623048,96.66969299316406,5725700.0,0.0447207659637132,0.0437496401058249,3.0399932861328267,61.22446974297296,COF
2020-01-23,106.41999816894533,106.5500030517578,105.1999969482422,106.02999877929688,96.00868225097656,2110400.0,-0.0068378280898672,-0.0068613131554818,1.3500061035155966,57.04304582170583,COF
2020-01-24,105.37999725341795,105.95999908447266,103.38999938964844,104.3000030517578,94.44221496582033,2528100.0,-0.0163158919425779,-0.0164504618674592,2.5699996948242188,56.64748386443209,COF
2020-01-27,101.43000030517578,102.11000061035156,100.58999633789062,101.16000366210938,91.59896850585938,2447500.0,-0.0301056731991086,-0.0305681548616385,1.5200042724609375,50.20492431289385,COF
2020-01-28,102.08999633789062,103.33000183105467,101.33999633789062,102.04000091552734,92.39579010009766,1990500.0,0.0086990236597184,0.0086614051588012,1.9900054931640483,55.05151648210379,COF
2020-01-29,102.36000061035156,102.83000183105467,101.12999725341795,101.1999969482422,91.63520050048828,1883900.0,-0.0082318642308852,-0.008265933121052,1.7000045776367188,50.15645626451055,COF
2020-01-30,100.16000366210938,102.29000091552734,99.61000061035156,102.16999816894533,92.51353454589844,2176700.0,0.0095851162065769,0.0095394704284898,2.680000305175781,49.09483768095395,COF
2020-01-31,101.27999877929688,101.69000244140624,99.20999908447266,99.8000030517578,90.36750793457033,2637300.0,-0.0231968935341391,-0.0234701759430937,2.4800033569335795,45.66616963570681,COF
2020-02-03,100.56999969482422,101.6999969482422,99.45999908447266,99.75,90.32223510742188,2113500.0,-0.000500985677078,-0.0005011112123316,2.239997863769545,44.56734115046236,COF
2020-02-04,101.58000183105467,102.5500030517578,101.37999725341795,101.6999969482422,92.0879364013672,1556900.0,0.0195489105406365,0.0193602849092063,1.1700057983398438,47.96984877844831,COF
2020-02-05,103.0999984741211,104.83999633789062,103.0999984741211,104.73999786376952,94.84060668945312,2396400.0,0.0298917577660591,0.0294537071717355,1.7399978637695312,55.00002281969248,COF
2020-02-06,105.52999877929688,106.0,103.41999816894533,103.5199966430664,93.73592376708984,1807700.0,-0.0116477842236971,-0.0117161510623392,2.5800018310546733,51.21757723792416,COF
2020-02-07,102.37999725341795,102.87000274658205,101.52999877929688,101.8000030517578,92.53604888916016,1640600.0,-0.0128005873277685,-0.0128832207742301,1.3400039672851705,46.09152035288896,COF
2020-02-10,101.29000091552734,101.9499969482422,100.9000015258789,101.9499969482422,92.67236328125,1434000.0,0.0014730950124435,0.0014720110723529,1.0499954223632957,50.33843241349331,COF
2020-02-11,102.5999984741211,103.73999786376952,102.30999755859376,102.4000015258789,93.0814437866211,2132100.0,0.0044142664639896,0.0044045521669544,1.4300003051757528,39.48719805694253,COF
2020-02-12,103.2300033569336,103.62000274658205,102.4800033569336,102.8000030517578,93.44503784179688,1767900.0,0.0039061926887304,0.0038985833273872,1.1399993896484517,42.35585357686232,COF
2020-02-13,102.6500015258789,102.98999786376952,102.02999877929688,102.77999877929688,93.4268569946289,2019500.0,-0.0001945619327453,-0.0001945808623735,0.959999084472642,46.66448116685635,COF
2020-02-14,102.87000274658205,103.2300033569336,102.22000122070312,102.63999938964844,93.29959869384766,1271700.0,-0.0013621168995181,-0.0013630454240105,1.0100021362304688,56.8001259322126,COF
2020-02-18,102.12999725341795,103.27999877929688,101.80999755859376,103.02999877929688,93.65410614013672,2009900.0,0.003799667428928,0.0037924669265552,1.4700012207031108,55.21599593169395,COF
2020-02-19,103.38999938964844,104.36000061035156,102.83999633789062,104.13999938964844,94.66310119628906,2059600.0,0.0107736339359489,0.0107160118386612,1.5200042724609375,62.298047610223605,COF
2020-02-20,101.25,104.61000061035156,101.25,103.54000091552734,94.11769104003906,2262900.0,-0.005761591891217,-0.0057782538923678,3.3600006103515625,56.696502505853786,COF
2020-02-21,102.51000213623048,102.80999755859376,100.72000122070312,101.1500015258789,91.9452133178711,2764400.0,-0.0230825650115424,-0.0233531392223332,2.089996337890639,56.57157057590892,COF
2020-02-24,97.56999969482422,99.08999633789062,97.0,98.23999786376952,89.29999542236328,2522800.0,-0.0287695008805169,-0.0291914556285065,2.089996337890625,46.50012982121242,COF
2020-02-25,98.5199966430664,98.54000091552734,92.18000030517578,92.77999877929688,84.33686828613281,4499600.0,-0.0555781342737623,-0.0571823210038238,6.3600006103515625,28.229038805724457,COF
2020-02-26,94.2699966430664,95.25,92.77999877929688,92.81999969482422,84.37324523925781,2762300.0,0.0004313291904742,0.0004312361947792,2.470001220703125,15.305623917047754,COF
2020-02-27,90.02999877929688,93.11000061035156,88.58999633789062,89.16999816894531,81.05538177490234,4273500.0,-0.0393236440645015,-0.0401177051574317,4.5200042724609375,13.347388105781263,COF
2020-02-28,85.83999633789062,88.30000305175781,84.62000274658203,88.26000213623047,80.22821044921875,6114300.0,-0.010205014245454,-0.0102574423949989,3.680000305175781,13.641299472744493,COF
2020-03-02,88.55999755859375,91.5199966430664,86.93000030517578,91.47000122070312,83.1460952758789,4111800.0,0.0363698106977852,0.0357240402751776,4.589996337890625,25.830421729308892,COF
2020-03-03,90.9000015258789,92.5500030517578,85.30999755859375,86.41999816894531,78.55563354492188,4685800.0,-0.0552095888054138,-0.0567921631824653,7.240005493164048,19.596680673382693,COF
2020-03-04,87.95999908447266,89.4800033569336,85.76000213623047,89.33000183105469,81.20082092285156,2888100.0,0.0336727903342164,0.0331182756515026,3.720001220703125,26.606494721835944,COF
2020-03-05,86.01000213623047,87.05000305175781,83.9000015258789,85.08000183105469,77.33760070800781,3484700.0,-0.0475761226418409,-0.0487450939590422,3.1500015258789062,23.19811638965193,COF
2020-03-06,81.66999816894531,83.38999938964844,80.55999755859375,82.29000091552734,74.80148315429688,4154900.0,-0.0327928139804359,-0.0333425499949648,2.8300018310546875,21.47467187904792,COF
2020-03-09,75.16999816894531,77.13999938964844,71.05999755859375,73.06999969482422,66.42052459716797,4879500.0,-0.1120426788843353,-0.1188315989516566,6.080001831054688,16.337125918817392,COF
2020-03-10,76.5199966430664,78.3499984741211,73.62000274658203,78.3499984741211,71.22003173828125,6218100.0,0.0722593982842152,0.0697680093885319,4.729995727539063,23.505256474063216,COF
2020-03-11,75.95999908447266,76.37000274658203,70.58999633789062,71.41999816894531,64.92066192626953,5369900.0,-0.0884494103451201,-0.0926081848622894,5.780006408691406,20.800016847407505,COF
2020-03-12,65.95999908447266,68.31999969482422,61.08000183105469,63.630001068115234,57.83956527709961,7039800.0,-0.1090730814977199,-0.1154928767582692,7.239997863769531,18.94040418855778,COF
2020-03-13,69.0,72.98999786376953,66.29000091552734,72.83999633789062,66.21144104003906,5763900.0,0.1447430616539251,0.1351802115224391,6.699996948242188,30.95953226682425,COF
2020-03-16,61.0099983215332,64.1500015258789,55.43999862670898,55.45000076293945,50.40396118164063,6562300.0,-0.2387424229120675,-0.272783506525881,8.710002899169929,26.26225206987597,COF
2020-03-17,56.43999862670898,57.150001525878906,51.310001373291016,53.91999816894531,49.01319122314453,10475200.0,-0.0275924734066869,-0.0279802963466429,5.840000152587891,25.72390711009342,COF
2020-03-18,49.68999862670898,50.34000015258789,38.0,44.29999923706055,40.26863479614258,12148700.0,-0.1784123051117039,-0.1965165974902955,12.34000015258789,23.9400648846502,COF
2020-03-19,43.08000183105469,47.83000183105469,39.77999877929688,46.2599983215332,42.0502815246582,9057800.0,0.0442440310563072,0.0432932083685715,8.050003051757805,25.90085531235316,COF
2020-03-20,48.0,48.29999923706055,43.59000015258789,45.0099983215332,40.91402053833008,8038300.0,-0.0270214834509924,-0.0273932766400877,4.709999084472656,22.728342948431035,COF
2020-03-23,43.38999938964844,44.93999862670898,42.02999877929688,42.869998931884766,38.96876525878906,6720900.0,-0.047544955346508,-0.0487123703092862,2.909999847412095,23.532281227998737,COF
2020-03-24,46.459999084472656,51.34000015258789,46.0099983215332,50.90999984741211,46.277103424072266,5553300.0,0.1875434881436195,0.1718868778507319,5.330001831054688,28.02059365869616,COF
2020-03-25,52.61000061035156,55.0,50.04999923706055,52.34000015258789,47.57697677612305,5469000.0,0.0280889091121165,0.0277016507562967,4.950000762939453,30.64553749805563,COF
2020-03-26,55.56999969482422,61.400001525878906,54.459999084472656,57.869998931884766,52.603736877441406,6026300.0,0.1056553072922676,0.1004381974655564,6.94000244140625,36.01694727901946,COF
2020-03-27,54.619998931884766,57.08000183105469,52.68999862670898,55.29999923706055,50.267616271972656,4392100.0,-0.0444097842499583,-0.0454261024380259,4.39000320434571,38.98598919383684,COF
2020-03-30,54.59000015258789,54.9900016784668,52.31999969482422,53.869998931884766,48.96774673461914,3843500.0,-0.025858985043583,-0.0261992066030673,2.670001983642578,34.06665000484831,COF
2020-03-31,52.970001220703125,53.77000045776367,50.0,50.41999816894531,45.83169174194336,5284000.0,-0.0640432775000173,-0.0661860402188093,3.770000457763672,35.68312026020021,COF
2020-04-01,46.43000030517578,46.630001068115234,44.0,44.68000030517578,40.61404800415039,7349300.0,-0.1138435772166356,-0.1208617945431805,2.6300010681152344,36.70921969616876,COF
2020-04-02,43.75,45.86000061035156,43.08000183105469,43.93000030517578,39.93230438232422,5459500.0,-0.0167859067324809,-0.0169283867529797,2.779998779296875,26.993482221684616,COF
2020-04-03,43.77999877929688,43.88999938964844,39.900001525878906,42.27000045776367,38.4233627319336,6421500.0,-0.0377874924508123,-0.0385199508933622,3.9899978637695312,36.0084965415975,COF
2020-04-06,46.27999877929688,50.16999816894531,45.790000915527344,49.41999816894531,44.92270660400391,5842700.0,0.1691508345433992,0.1562777028605422,4.379997253417969,45.7321796842239,COF
2020-04-07,54.68999862670898,58.369998931884766,52.75,52.90999984741211,48.09511566162109,6081300.0,0.0706192769189562,0.0682372445304886,5.619998931884766,59.24018005259835,COF
2020-04-08,54.40999984741211,57.08000183105469,53.630001068115234,56.720001220703125,51.55839157104492,5221200.0,0.0720088903370173,0.0695343558390512,3.450000762939453,60.79684503516336,COF
2020-04-09,60.7599983215332,62.97999954223633,59.220001220703125,60.11000061035156,54.63990020751953,7632800.0,0.0597673539180996,0.0580494065995236,3.759998321533203,64.92685290041652,COF
2020-04-13,60.0,60.04999923706055,55.68000030517578,56.5,51.35841369628906,4653500.0,-0.0600565978116276,-0.0619356159687104,4.369998931884766,63.09317905563499,COF
2020-04-14,58.0,58.650001525878906,54.25,55.34000015258789,50.30397033691406,4794200.0,-0.0205310733624,-0.0207447657989621,4.400001525878906,54.9036999599108,COF
2020-04-15,51.5099983215332,52.84999847412109,49.77000045776367,52.59999847412109,47.81332015991211,6020400.0,-0.0495119999538935,-0.0507797420190853,3.0799980163574148,50.27969464546099,COF
2020-04-16,52.34000015258789,52.34000015258789,49.40999984741211,50.0099983215332,45.45899963378906,4931400.0,-0.0492398460983047,-0.0504934523447127,2.930000305175781,40.97380975926368,COF
2020-04-17,52.970001220703125,55.15999984741211,52.79999923706055,54.630001068115234,49.65859222412109,5264200.0,0.0923819842971318,0.088360618625994,2.3600006103515625,49.26519645818543,COF
2020-04-20,52.380001068115234,55.5099983215332,51.43999862670898,53.869998931884766,48.96774673461914,3987800.0,-0.0139119024233308,-0.0140095799157973,4.069999694824226,50.0,COF
2020-04-21,51.38999938964844,53.43000030517578,50.84000015258789,51.15999984741211,46.50436401367188,5193200.0,-0.0503062298189371,-0.0516156935303981,2.59000015258789,50.837498972937325,COF
2020-04-22,53.15999984741211,53.43000030517578,51.0099983215332,51.52000045776367,46.83160018920898,4830900.0,0.0070366767179288,0.0070120348387387,2.420001983642578,58.81442683463406,COF
2020-04-23,51.5,53.54999923706055,51.5,52.61000061035156,47.822410583496094,5260100.0,0.0211568767730345,0.0209361775000617,2.049999237060547,61.08838525065448,COF
2020-04-24,54.77999877929688,57.27999877929688,54.0099983215332,56.150001525878906,51.04026412963867,9179600.0,0.0672875646978172,0.0651204436919972,3.270000457763679,66.91856090348409,COF
2020-04-27,56.880001068115234,59.459999084472656,56.880001068115234,59.18999862670898,53.803619384765625,6070200.0,0.0541406926913274,0.05272592573778,2.579998016357422,63.23487778272743,COF
2020-04-28,62.88999938964844,64.91999816894531,62.15999984741211,63.75,57.94865036010742,7833400.0,0.0770400025637578,0.0742165400692161,2.759998321533203,64.2706435931562,COF
2020-04-29,69.62000274658203,71.47000122070312,67.04000091552734,69.75,63.40262985229492,13347000.0,0.0941174549932588,0.0899480611191284,4.430000305175781,66.21854280835801,COF
2020-04-30,67.16000366210938,68.2699966430664,64.70999908447266,64.76000213623047,58.86674499511719,8421700.0,-0.0715409576502535,-0.0742290107942603,3.55999755859375,55.56619746271392,COF
2020-05-01,62.16999816894531,62.16999816894531,60.15999984741211,61.58000183105469,55.97612762451172,6249100.0,-0.0491044200056455,-0.0503510226814731,2.009998321533203,56.14417154746475,COF
2020-05-04,59.5,62.380001068115234,58.27000045776367,61.59000015258789,55.98520660400391,8373700.0,0.0001621937757663,0.0001621806237779,4.1100006103515625,57.77556247319046,COF
2020-05-05,64.37999725341797,64.93000030517578,60.56999969482422,60.959999084472656,55.41254425048828,8940200.0,-0.0102288155791976,-0.0102814894151019,4.3600006103515625,60.97688974339166,COF
2020-05-06,61.52000045776367,61.880001068115234,58.29999923706055,58.4900016784668,53.16732025146485,4269000.0,-0.0405183344203446,-0.0413620720237173,3.5800018310546875,61.16968093480197,COF
2020-05-07,59.59999847412109,62.52999877929688,59.59999847412109,60.81999969482422,55.28528594970703,4215000.0,0.0398358557140903,0.0390628696525074,2.9300003051757955,58.67676156606241,COF
2020-05-08,61.91999816894531,62.470001220703125,61.09999847412109,62.20000076293945,56.91401290893555,3004600.0,0.0294604058068934,0.0290347871122101,1.3700027465820384,61.90922564700551,COF
2020-05-11,61.0099983215332,61.0099983215332,58.52999877929688,59.5,54.44346618652344,4423100.0,-0.0434084085120666,-0.0443787377725517,2.479999542236321,61.89593432436967,COF
2020-05-12,60.0,61.220001220703125,58.02999877929688,58.09999847412109,53.16244125366211,5475900.0,-0.0235294521563438,-0.0238106900586498,3.190002441406243,59.22251121588584,COF
2020-05-13,57.02000045776367,57.38999938964844,53.630001068115234,53.970001220703125,49.38343048095703,5644400.0,-0.0710842219354394,-0.0737372029814265,3.759998321533203,52.10317897589905,COF
2020-05-14,52.59999847412109,59.15999984741211,51.90999984741211,59.15999984741211,54.132362365722656,8392800.0,0.09616447943196,0.0918172497404926,7.25,54.00095105727381,COF
2020-05-15,58.130001068115234,59.45000076293945,57.25,58.02999877929688,53.098388671875,3359600.0,-0.0191008418746265,-0.0192856196797719,2.200000762939453,49.04473053704093,COF
2020-05-18,62.40999984741211,63.97999954223633,61.52000045776367,63.400001525878906,58.01203918457031,4731400.0,0.0925385992983618,0.0885039785290258,2.459999084472656,50.08411182879474,COF
2020-05-19,62.52000045776367,63.0099983215332,60.16999816894531,60.25,55.129730224609375,4657500.0,-0.0496846689148544,-0.0509614220052342,2.84000015258789,38.2184675784594,COF
2020-05-20,61.75,62.84999847412109,60.90999984741211,61.47999954223633,56.25520324707031,4952200.0,0.0204149923802554,0.0202093998277749,1.9399986267089773,45.88074448413274,COF
2020-05-21,61.38999938964844,62.040000915527344,60.34000015258789,60.91999816894531,55.742801666259766,2788200.0,-0.0091085188788688,-0.0091502550668322,1.7000007629394531,49.60211773672157,COF
2020-05-22,60.81999969482422,61.36000061035156,59.619998931884766,60.209999084472656,55.09313583374024,3645800.0,-0.0116547036227057,-0.0117231520313453,1.7400016784667969,48.51130821613025,COF
2020-05-26,64.25,66.75,64.02999877929688,65.80000305175781,60.20808410644531,5171900.0,0.0928418430953164,0.0887814989030698,2.720001220703125,56.94928168979516,COF
2020-05-27,70.2699966430664,71.37000274658203,67.81999969482422,70.87999725341797,64.85635375976562,5951500.0,0.0772034141644895,0.0743682514308721,3.5500030517578125,65.83583826308885,COF
2020-05-28,71.91999816894531,72.04000091552734,67.87999725341797,68.54000091552734,62.71520233154297,6160400.0,-0.0330137496806202,-0.0335710025343999,4.160003662109375,60.05943600867679,COF
2020-05-29,67.0,69.0,65.81999969482422,68.04000091552734,62.25770568847656,9175700.0,-0.0072948284635654,-0.0073215658337623,3.180000305175781,57.47184570377819,COF
2020-06-01,68.58999633789062,70.27999877929688,67.87999725341797,68.98999786376953,63.126983642578125,4604000.0,0.0139625761098751,0.0138659972984321,2.4000015258789062,62.71096510399694,COF
2020-06-02,70.20999908447266,72.4800033569336,69.33999633789062,70.9000015258789,64.8746566772461,5559600.0,0.0276850394842751,0.0273087382638381,3.1400070190429688,66.91332099749519,COF
2020-06-03,72.97000122070312,75.16999816894531,72.36000061035156,74.33999633789062,68.0223159790039,5698000.0,0.0485190899339558,0.0473787780934319,2.80999755859375,77.41586550600773,COF
2020-06-04,73.97000122070312,77.16000366210938,72.72000122070312,77.1500015258789,70.59352111816406,4369200.0,0.0377994354081356,0.0371025439237339,4.44000244140625,75.86999613436303,COF
2020-06-05,84.87000274658203,85.22000122070312,78.30000305175781,79.0199966430664,72.30459594726562,7549500.0,0.0242384117125629,0.0239493234560788,6.9199981689453125,79.5550533304374,COF
2020-06-08,81.2300033569336,82.1500015258789,78.94000244140625,80.0,73.20130920410156,7022200.0,0.0124018846255629,0.0123256112295359,3.209999084472656,76.6709392583749,COF
2020-06-09,77.01000213623047,79.33999633789062,76.44999694824219,78.47000122070312,71.80132293701172,3873000.0,-0.0191251533929041,-0.0193104049182551,2.889999389648437,80.88133043680291,COF
2020-06-10,77.83000183105469,78.37999725341797,71.80000305175781,71.80000305175781,65.69818115234375,7791100.0,-0.0850004085582378,-0.0888316602184508,6.579994201660156,64.76819126496645,COF
2020-06-11,66.70999908447266,70.16000366210938,66.0199966430664,66.12000274658203,60.50087356567383,6429500.0,-0.0791088504355727,-0.0824134369379541,4.140007019042969,56.49024387248754,COF
2020-06-12,70.26000213623047,70.69999694824219,67.08000183105469,70.62999725341797,64.62757873535156,5173000.0,0.0682090179276202,0.0659834310594203,3.6199951171875,61.8786727618009,COF
2020-06-15,66.5,72.19999694824219,66.1500015258789,71.16999816894531,65.12171173095703,4043200.0,0.007645853446389,0.0076167720495939,6.049995422363281,56.918303648733016,COF
2020-06-16,75.08000183105469,75.36000061035156,70.41999816894531,73.5999984741211,67.34518432617188,5360100.0,0.0341433376997346,0.0335733909465822,4.94000244140625,53.76104016367908,COF
2020-06-17,73.58000183105469,73.94999694824219,71.22000122070312,71.47000122070312,65.39620208740234,2951700.0,-0.0289401871606743,-0.0293672133713587,2.7299957275390625,54.07510823730729,COF
2020-06-18,70.47000122070312,71.66999816894531,69.41999816894531,69.9800033569336,64.03284454345703,3581900.0,-0.0208476562923819,-0.0210680370076763,2.25,52.62589146978867,COF
2020-06-19,71.68000030517578,71.68000030517578,67.30999755859375,68.06999969482422,62.28516006469727,6015800.0,-0.0272935630334782,-0.0276729515008792,4.370002746582031,48.7862665559481,COF
2020-06-22,68.58000183105469,70.1500015258789,67.9000015258789,68.30000305175781,62.4956169128418,3798300.0,0.0033789244167619,0.0033732286783616,2.25,46.41082557497774,COF
2020-06-23,69.56999969482422,70.19000244140625,68.83000183105469,69.56999969482422,63.65768432617188,2367100.0,0.0185943826260766,0.0184236206544924,1.3600006103515625,42.995584659759736,COF
2020-06-24,68.44000244140625,68.44000244140625,64.98999786376953,65.45999908447266,59.8969612121582,3728800.0,-0.059077284287382,-0.0608942727243167,3.4500045776367188,33.46530634339628,COF
2020-06-25,64.86000061035156,67.38999938964844,64.04000091552734,67.04000091552734,61.34269714355469,4257400.0,0.024137049729044,0.0238503552878796,3.3499984741210938,32.91499508543822,COF
2020-06-26,65.54000091552734,65.54000091552734,60.84000015258789,61.15999984741211,55.96238708496094,8718700.0,-0.0877090559941097,-0.0917963222327662,4.700000762939453,26.42641405104825,COF
2020-06-29,61.84000015258789,62.97999954223633,60.7599983215332,62.380001068115234,57.078712463378906,3461800.0,0.0199477798672738,0.019751429777054,2.220001220703125,29.7099684670618,COF
2020-06-30,62.08000183105469,63.369998931884766,61.650001525878906,62.59000015258789,57.27088165283203,4061400.0,0.0033667400885473,0.0033610853076991,1.7199974060058594,36.125358050656914,COF
2020-07-01,62.84999847412109,64.25,60.16999816894531,60.70000076293945,55.54148864746094,3404500.0,-0.030196723980162,-0.0306620362800491,4.080001831054688,40.78233188520081,COF
2020-07-02,62.27000045776367,63.25,60.720001220703125,61.150001525878906,55.953250885009766,3376200.0,0.0074135974309657,0.0073862517874243,2.529998779296875,31.294502124881603,COF
2020-07-06,63.08000183105469,63.540000915527344,61.59000015258789,62.650001525878906,57.32577133178711,2644800.0,0.0245297712834957,0.0242337476045161,1.950000762939453,33.802299601251335,COF
2020-07-07,61.90999984741211,61.90999984741211,59.7400016784668,59.90999984741211,54.81863021850586,3036000.0,-0.0437349739050269,-0.0447201804014776,2.1699981689453125,24.276674656309325,COF
2020-07-08,59.7599983215332,61.459999084472656,59.20000076293945,61.38999938964844,56.17284393310547,3087700.0,0.024703530701182,0.024403332412585,2.259998321533203,30.58555963032839,COF
2020-07-09,60.9900016784668,61.20000076293945,57.29999923706055,58.34999847412109,53.39119338989258,4076400.0,-0.0495194892842789,-0.0507876215082436,3.900001525878906,28.862255140345965,COF
2020-07-10,58.18000030517578,60.84000015258789,57.869998931884766,60.79999923706055,55.63298416137695,3138000.0,0.0419880251620066,0.0411304510981595,2.970001220703125,37.04101033016578,COF
2020-07-13,61.58000183105469,63.11000061035156,59.7599983215332,61.560001373291016,56.328407287597656,3808500.0,0.0125001945644953,0.0124227121610032,3.35000228881836,38.20856503068318,COF
2020-07-14,61.16999816894531,61.959999084472656,60.060001373291016,60.68000030517578,55.52318572998047,4071400.0,-0.0142951238352247,-0.0143982834174554,1.8999977111816408,34.23203322408301,COF
2020-07-15,62.40999984741211,63.810001373291016,61.58000183105469,63.68000030517578,58.26823806762695,3185300.0,0.0494397484862663,0.0482564488985491,2.229999542236328,46.713462518416335,COF
2020-07-16,62.7599983215332,64.54000091552734,62.40999984741211,63.36000061035156,57.97542953491211,2960300.0,-0.0050251825424171,-0.005037851231681,2.1300010681152344,42.87374359333718,COF
2020-07-17,63.36000061035156,63.38999938964844,61.65999984741211,61.9900016784668,56.72186279296875,2485400.0,-0.0216223795493999,-0.0218595684903626,1.729999542236328,51.9474696159056,COF
2020-07-20,61.41999816894531,61.9900016784668,60.470001220703125,60.84000015258789,55.66958999633789,3063200.0,-0.0185514499139703,-0.0187256863175942,1.520000457763672,46.374778817079886,COF
2020-07-21,61.5099983215332,63.060001373291016,61.20000076293945,62.869998931884766,57.52707290649414,4416500.0,0.0333662042468507,0.0328216328785141,1.8600006103515625,50.60707965209732,COF
2020-07-22,60.4900016784668,64.95999908447266,60.29999923706055,64.05000305175781,58.6068000793457,10854700.0,0.0187690267955502,0.0185950620076588,4.659999847412109,57.49441663148985,COF
2020-07-23,63.650001525878906,66.04000091552734,63.36000061035156,65.4000015258789,59.842063903808594,4594600.0,0.0210771416079791,0.0208580912823429,2.680000305175781,59.13976740070222,COF
2020-07-24,65.41000366210938,65.77999877929688,64.72000122070312,65.05999755859375,59.53096389770508,2194800.0,-0.0051986844338053,-0.0052122446108641,1.05999755859375,55.454963743540326,COF
2020-07-27,64.4800033569336,65.9800033569336,63.060001373291016,65.73999786376953,60.15317916870117,3736600.0,0.0104519602952386,0.0103977162022471,2.920001983642578,64.55317076419705,COF
2020-07-28,65.0199966430664,65.80999755859375,63.959999084472656,64.0999984741211,58.652530670166016,3132300.0,-0.0249471186606204,-0.025263572183919,1.8499984741210935,56.71120671943524,COF
2020-07-29,64.12000274658203,66.41000366210938,63.63999938964844,66.37999725341797,60.73877334594727,1800600.0,0.035569525337505,0.0349515414030732,2.770004272460937,70.66386159751622,COF
2020-07-30,64.5199966430664,65.20999908447266,63.43999862670898,64.83999633789062,59.32965850830078,1915900.0,-0.0231995932749687,-0.0234729398005617,1.770000457763679,60.907127770140384,COF
2020-07-31,64.79000091552734,64.79000091552734,62.75,63.79999923706055,58.37804412841797,1992200.0,-0.0160394380114234,-0.0161694620129813,2.040000915527344,55.95743907068829,COF
2020-08-03,63.93000030517578,64.51000213623047,63.20000076293945,63.4900016784668,58.094383239746094,1792200.0,-0.0048590337841378,-0.0048708772696349,1.3100013732910156,57.70707040215296,COF
2020-08-04,63.20000076293945,63.7400016784668,62.650001525878906,63.2400016784668,57.86563491821289,1828500.0,-0.0039375290480182,-0.003945301525132,1.0900001525878906,48.578827027332736,COF
2020-08-05,63.97999954223633,64.87999725341797,63.45000076293945,64.66999816894531,59.174102783203125,2167400.0,0.0226121750299572,0.0223603095482524,1.4299964904785156,53.948166284236805,COF
2020-08-06,64.01000213623047,65.30999755859375,63.310001373291016,63.54999923706055,58.14928436279297,2880600.0,-0.0173186980825851,-0.017470421048857,1.9999961853027344,54.77354522895514,COF
2020-08-07,62.91999816894531,66.04000091552734,62.2599983215332,65.75,60.257137298583984,3832600.0,0.0362489918644592,0.0356074545978563,3.7800025939941406,64.32985361743016,COF
2020-08-10,66.0999984741211,67.94000244140625,66.0,67.41000366210938,61.77846145629883,2711100.0,0.0252472026703896,0.0249337568497228,1.94000244140625,63.56468320640232,COF
2020-08-11,69.58999633789062,71.87999725341797,69.37000274658203,69.62999725341797,63.81299209594727,3146100.0,0.0329326854649438,0.032402023895103,2.509994506835937,65.65715271681495,COF
2020-08-12,71.0,71.9000015258789,67.0199966430664,68.1500015258789,62.45663833618164,2595300.0,-0.0212551349688517,-0.0214842781469295,4.8800048828125,57.80624116609282,COF
2020-08-13,67.23999786376953,68.58000183105469,66.80000305175781,67.63999938964844,61.989234924316406,2965300.0,-0.0074836466437622,-0.0075117896232976,1.779998779296875,57.27170206221186,COF
2020-08-14,67.18000030517578,69.95999908447266,66.36000061035156,69.47000122070312,63.66636276245117,2956900.0,0.0270551465941206,0.0266956262858334,3.5999984741210938,59.78171697512806,COF
2020-08-17,69.27999877929688,69.44000244140625,66.7699966430664,66.79000091552734,61.21025848388672,2911100.0,-0.0385777382591895,-0.0393415682455208,2.670005798339844,56.7616944246953,COF
2020-08-18,67.13999938964844,67.13999938964844,65.31999969482422,65.47000122070312,60.00053787231445,2732200.0,-0.0197633638794503,-0.0199612710364717,1.8199996948242188,47.95353460582666,COF
2020-08-19,65.58999633789062,66.87000274658203,65.05999755859375,65.69999694824219,60.21131896972656,2495800.0,0.0035129867978962,0.0035068306731522,1.8100051879882808,52.61798857029972,COF
2020-08-20,64.52999877929688,64.81999969482422,63.810001373291016,64.2699966430664,58.90077590942383,2544400.0,-0.0217657258257647,-0.0220060934880027,1.0099983215332031,51.51979557273904,COF
2020-08-21,64.29000091552734,64.80999755859375,63.38999938964844,63.79999923706055,58.47004699707031,1609700.0,-0.0073127884260112,-0.0073396579374684,1.4199981689453125,51.08294745398809,COF
2020-08-24,64.19000244140625,67.44000244140625,63.93000030517578,67.36000061035156,61.732643127441406,2615200.0,0.0557994442955478,0.0542982470722789,3.5100021362304688,59.48802925012303,COF
2020-08-25,68.3499984741211,69.05999755859375,66.37000274658203,66.91000366210938,61.32023239135742,1966200.0,-0.006680594174991,-0.006703009230626,2.6899948120117188,55.50789703959162,COF
2020-08-26,66.91000366210938,67.12000274658203,65.73999786376953,66.27999877929688,60.74285125732422,1792000.0,-0.0094158340814536,-0.0094604432899456,1.3800048828125,56.812677033528296,COF
2020-08-27,66.19000244140625,69.94999694824219,66.13999938964844,69.61000061035156,63.794681549072266,3898000.0,0.0502418017688963,0.049020425056308,3.80999755859375,58.85322908687094,COF
2020-08-28,70.05000305175781,71.20999908447266,69.5199966430664,71.12999725341797,65.18769836425781,3582600.0,0.0218359396325853,0.0216009501601568,1.69000244140625,58.58726978146498,COF
2020-08-31,70.9800033569336,71.12999725341797,68.94999694824219,69.02999877929688,63.26311492919922,3043800.0,-0.0295237212442192,-0.0299683189636179,2.180000305175781,48.60724172081449,COF
2020-09-01,67.91999816894531,69.44999694824219,67.5,68.58000183105469,62.850711822509766,1523700.0,-0.0065188555313944,-0.0065401960645737,1.9499969482421875,51.04825564026964,COF
2020-09-02,68.4000015258789,69.75,68.16000366210938,69.37000274658203,63.57472610473633,1470200.0,0.0115195876264881,0.0114537423679608,1.589996337890625,54.16068615228203,COF
2020-09-03,70.0,71.87999725341797,69.05000305175781,69.91999816894531,64.07878112792969,2313700.0,0.0079285441570435,0.0078972784033602,2.829994201660156,51.153284310242896,COF
2020-09-04,72.3499984741211,74.4800033569336,71.44000244140625,73.98999786376953,67.80873107910156,5011600.0,0.0582088155473063,0.0565776821537294,3.040000915527344,67.22477699154172,COF
2020-09-08,72.36000061035156,72.52999877929688,70.30999755859375,70.36000061035156,64.4820327758789,3374000.0,-0.0490600288529501,-0.0503043402512526,2.220001220703125,60.53428736368295,COF
2020-09-09,71.30000305175781,71.30000305175781,69.79000091552734,70.56999969482422,64.67445373535156,2574700.0,0.0029841019457537,0.0029796583514398,1.5100021362304688,60.5001929549024,COF
2020-09-10,71.19999694824219,72.55000305175781,69.29000091552734,69.41999816894531,63.62054061889648,2626500.0,-0.016295663211439,-0.0164298978235942,3.2600021362304688,61.23967473695377,COF
2020-09-11,69.51000213623047,71.25,68.97000122070312,71.05000305175781,65.1143569946289,2212700.0,0.0234800955980676,0.0232086785417971,2.279998779296875,65.06025429828289,COF
2020-09-14,71.87999725341797,75.08000183105469,71.72000122070312,74.63999938964844,68.40446472167969,3557400.0,0.0505281458484212,0.0492930337554404,3.3600006103515625,65.10377607787393,COF
2020-09-15,74.43000030517578,74.73999786376953,72.68000030517578,73.30000305175781,67.17640686035156,2671900.0,-0.0179528904483761,-0.0181159987115151,2.05999755859375,62.78515185751689,COF
2020-09-16,73.44999694824219,76.86000061035156,72.20999908447266,76.16999816894531,69.80664825439453,3693600.0,0.0391542435353948,0.0384071549347088,4.650001525878906,68.16020344148244,COF
2020-09-17,74.76000213623047,77.5,74.37999725341797,75.9800033569336,69.63250732421875,3189800.0,-0.0024946181277915,-0.0024977348720634,3.1200027465820312,63.221259470686896,COF
2020-09-18,75.76000213623047,76.83999633789062,75.01000213623047,75.79000091552734,69.45838165283203,3047900.0,-0.0025006376773992,-0.0025037694939111,1.829994201660156,60.237259456855575,COF
2020-09-21,72.87000274658203,73.45999908447266,70.83999633789062,71.6500015258789,65.66424560546875,3954400.0,-0.0546245961549636,-0.0561731776263056,2.6200027465820312,55.282299686305706,COF
2020-09-22,71.29000091552734,72.26000213623047,68.55000305175781,69.95999908447266,64.11544799804688,3187700.0,-0.0235866199807964,-0.0238692371373095,3.709999084472656,52.64983026501739,COF
2020-09-23,70.25,71.29000091552734,68.0,68.12999725341797,62.43830490112305,4409000.0,-0.0261581748126429,-0.0265063856656821,3.290000915527344,47.71045343329769,COF
2020-09-24,68.13999938964844,69.37000274658203,66.45999908447266,68.0999984741211,62.41081619262695,3324200.0,-0.0004402539200836,-0.0004403508602939,2.910003662109375,46.57375960627233,COF
2020-09-25,67.22000122070312,69.83000183105469,67.08000183105469,69.36000061035156,63.565555572509766,1991300.0,0.0185022316695679,0.0183331478159193,2.75,40.252666549942944,COF
2020-09-28,71.1500015258789,72.37999725341797,69.97000122070312,71.33000183105469,65.37097930908203,1714300.0,0.0284025478942413,0.0280066739388516,2.409996032714844,52.19552032150817,COF
2020-09-29,71.19000244140625,71.63999938964844,69.75,70.44999694824219,64.56450653076172,2150600.0,-0.0123368624249486,-0.0124135932436612,1.8899993896484373,49.73644640284362,COF
2020-09-30,70.98999786376953,73.54000091552734,70.7300033569336,71.86000061035156,65.85669708251953,2757600.0,0.0200139460702319,0.0198162998205848,2.80999755859375,55.29973215420672,COF
2020-10-01,72.9800033569336,75.30999755859375,71.30999755859375,72.93000030517578,66.8373031616211,2798000.0,0.0148899978672305,0.0147802301351078,4.0,54.18522555887949,COF
2020-10-02,71.52999877929688,75.68000030517578,71.02999877929688,74.94000244140625,68.67939758300781,2693600.0,0.0275608729594056,0.0271879093895231,4.650001525878906,50.7183783738526,COF
2020-10-05,76.26000213623047,78.20999908447266,75.69000244140625,78.04000091552734,71.52041625976562,3036800.0,0.0413663890007782,0.0405336864042112,2.5199966430664062,60.46818919068983,COF
2020-10-06,79.0,79.9800033569336,75.2300033569336,75.62999725341797,69.31172943115234,2874200.0,-0.030881906791359,-0.0313688033007164,4.75,48.78261117610608,COF
2020-10-07,76.87000274658203,78.79000091552734,76.87000274658203,78.23999786376953,71.70369720458984,2747800.0,0.0345102884182604,0.0339281634592364,1.9199981689453125,54.59347939968948,COF
2020-10-08,78.58999633789062,80.38999938964844,77.55999755859375,80.27999877929688,73.57328796386719,2039400.0,0.0260738404317268,0.0257397133906195,2.8300018310546875,58.48771824027959,COF
2020-10-09,81.25,81.66999816894531,79.20999908447266,79.87999725341797,73.2066650390625,1733500.0,-0.0049830982813319,-0.0049955553158881,2.459999084472656,68.11962766602846,COF
2020-10-12,79.80999755859375,81.06999969482422,79.30999755859375,80.41000366210938,73.69242858886719,2056100.0,0.0066355098889627,0.006613591798266,1.7600021362304688,74.24575463552968,COF
2020-10-13,79.37999725341797,80.66999816894531,78.87000274658203,79.54000091552734,72.89508819580078,1978100.0,-0.0108198414455139,-0.0108788016087408,1.7999954223632812,77.70741827969141,COF
2020-10-14,79.69000244140625,80.22000122070312,78.55999755859375,78.66000366210938,72.088623046875,1589800.0,-0.0110633674899955,-0.0111250216972735,1.660003662109375,74.62673730596212,COF
2020-10-15,77.58000183105469,78.69999694824219,76.83000183105469,78.55000305175781,71.9878158569336,2878800.0,-0.0013983786300906,-0.0013993572739366,1.8699951171875,72.64651054111113,COF
2020-10-16,79.16000366210938,79.87999725341797,78.51000213623047,79.22000122070312,72.6018295288086,3590300.0,0.0085294110477704,0.0084932411477955,1.3699951171875,70.7739585205578,COF
2020-10-19,79.7699966430664,79.88999938964844,77.08999633789062,77.12000274658203,70.67727661132812,2048500.0,-0.0265083253407105,-0.0268660061743097,2.8000030517578125,66.50162562678179,COF
2020-10-20,77.9000015258789,79.08999633789062,77.1500015258789,77.2699966430664,70.81473541259766,2515700.0,0.001944879710426,0.0019429908805167,1.9399948120117188,64.2743174747378,COF
2020-10-21,76.91000366210938,77.19999694824219,73.66999816894531,73.72000122070312,67.56132507324219,5700800.0,-0.0459425615360937,-0.0470314013128367,3.529998779296875,51.84325236274812,COF
2020-10-22,74.70999908447266,77.47000122070312,74.56999969482422,76.75,70.33818054199219,10451100.0,0.0411012582381955,0.0402790550639675,2.9000015258789062,54.03115159443894,COF
2020-10-23,80.4800033569336,81.0,76.81999969482422,77.98999786376953,71.47457885742188,7614000.0,0.0161562085722597,0.0160270859329301,4.180000305175781,49.878543819643234,COF
2020-10-26,76.62999725341797,76.7699966430664,74.19000244140625,74.94999694824219,68.68854522705078,5111900.0,-0.0389793640607341,-0.0397593968404531,2.579994201660156,48.3977600574972,COF
2020-10-27,74.7699966430664,74.98999786376953,73.69000244140625,74.05999755859375,67.8729019165039,3023900.0,-0.0118745171826067,-0.0119455823987671,1.2999954223632812,39.28206415520611,COF
2020-10-28,71.79000091552734,73.5999984741211,71.5199966430664,72.06999969482422,66.04916381835938,3697000.0,-0.0268699001611579,-0.0272374957254311,2.0800018310546875,28.89458528008383,COF
2020-10-29,71.4800033569336,73.62000274658203,70.77999877929688,73.12000274658203,67.01142883300781,2551900.0,0.014568920468013,0.0144638133808729,2.840003967285156,33.18407881897447,COF
2020-10-30,72.63999938964844,73.19999694824219,71.2699966430664,73.08000183105469,66.97478485107422,2102000.0,-0.000546831825134,-0.0005469813921843,1.9300003051757808,31.31041778723429,COF
2020-11-02,74.6500015258789,76.22000122070312,74.01000213623047,75.68000030517578,69.35758972167969,2602300.0,0.0355776412855062,0.0349593785554803,2.209999084472656,40.95596958243137,COF
2020-11-03,77.27999877929688,78.83000183105469,76.83000183105469,77.56999969482422,71.08966064453125,2655800.0,0.0249730552892923,0.0246663247222069,2.0,47.5614480233977,COF
2020-11-04,75.98999786376953,77.79000091552734,73.05000305175781,75.55000305175781,69.23844909667969,3189300.0,-0.0260405174404777,-0.0263855752197291,4.739997863769531,43.816951639542005,COF
2020-11-05,76.44999694824219,79.20999908447266,76.19999694824219,78.69999694824219,72.12527465820312,2293900.0,0.0416939662743236,0.040848201800192,3.0100021362304688,49.02767369885608,COF
2020-11-06,79.06999969482422,79.79000091552734,77.11000061035156,77.7699966430664,71.36363983154297,2559600.0,-0.0105598880596226,-0.0106160393281118,2.680000305175781,51.470169593344,COF
2020-11-09,84.77999877929688,90.3000030517578,84.77999877929688,86.94999694824219,79.78744506835938,5669200.0,0.1180405772001143,0.1115776685287647,5.520004272460923,64.18415518072732,COF
2020-11-10,87.26000213623047,88.61000061035156,85.7699966430664,86.68000030517578,79.5396728515625,2639100.0,-0.0031054035705064,-0.0031102353418338,2.840003967285156,70.92382627274729,COF
2020-11-11,87.08999633789062,87.45999908447266,83.72000122070312,84.66999816894531,77.69525146484375,2709200.0,-0.0231886971695347,-0.0234617849683288,3.7399978637695312,63.28409857971374,COF
2020-11-12,83.2699966430664,84.58000183105469,82.52999877929688,83.58000183105469,76.69503784179688,2128800.0,-0.0128735489516944,-0.0129571311912487,2.0500030517578125,59.47276905612316,COF
2020-11-13,84.37999725341797,87.2699966430664,84.37999725341797,86.69999694824219,79.55803680419922,2280100.0,0.0373296505610702,0.0366497674114027,2.889999389648437,69.6682688219189,COF
2020-11-16,89.98999786376953,90.61000061035156,87.62000274658203,88.61000061035156,81.31068420410156,2065200.0,0.0220297969922986,0.0217906469262612,2.9899978637695312,73.51807387859273,COF
2020-11-17,87.0999984741211,88.61000061035156,85.48999786376953,87.76000213623047,80.53070831298828,1829300.0,-0.0095925387757829,-0.0096388435339212,3.1200027465820312,76.30588766822949,COF
2020-11-18,88.2300033569336,89.38999938964844,85.54000091552734,85.61000061035156,78.55781555175781,2680900.0,-0.0244986391223914,-0.0248037238634516,3.8499984741210938,70.23132081726939,COF
2020-11-19,84.73999786376953,85.37999725341797,83.66999816894531,84.98999786376953,77.98889923095703,4613400.0,-0.0072420078995952,-0.0072683585368957,1.7099990844726562,68.94530378532849,COF
2020-11-20,84.43000030517578,85.06999969482422,83.02999877929688,83.58000183105469,76.69503784179688,3454300.0,-0.0165903276225056,-0.0167294884033954,2.040000915527344,63.11230399727755,COF
2020-11-23,85.16000366210938,87.76000213623047,84.68000030517578,87.27999877929688,80.09027099609375,2224800.0,0.0442692676063398,0.0433173753681784,3.0800018310546875,65.18198126780754,COF
2020-11-24,89.54000091552734,92.08000183105467,88.76000213623047,91.36000061035156,83.83415985107422,3236500.0,0.0467458632417796,0.0456861739071852,3.3199996948242045,73.14201714969903,COF
2020-11-25,90.02999877929688,90.25,87.66000366210938,89.9000015258789,82.49443817138672,3295400.0,-0.0159806179493827,-0.0161096849179592,2.589996337890625,67.28886412582351,COF
2020-11-27,89.18000030517578,89.58000183105469,87.58000183105469,87.76000213623047,80.53070831298828,2139500.0,-0.0238043909617116,-0.0240922935536616,2.0,64.69548788130365,COF
2020-11-30,89.66000366210938,89.94999694824219,85.16000366210938,85.63999938964844,78.58535766601562,4422500.0,-0.0241566315226225,-0.0244531885652791,4.7899932861328125,47.56776933141752,COF
2020-12-01,88.0,90.87000274658205,87.81999969482422,89.69999694824219,82.31090545654297,2753100.0,0.0474076583879754,0.0463182146447828,3.0500030517578267,54.91538066184715,COF
2020-12-02,88.4000015258789,91.91999816894533,88.22000122070312,91.38999938964844,83.86168670654297,2853000.0,0.0188405320218321,0.0186652474129066,3.6999969482422017,61.05263906411663,COF
2020-12-03,91.3000030517578,92.27999877929688,90.4800033569336,91.27999877929688,83.76074981689453,2123400.0,-0.0012036114894951,-0.0012043364115453,1.7999954223632812,63.0863564979682,COF
2020-12-04,92.02999877929688,93.1500015258789,90.87000274658205,92.23999786376952,84.64166259765625,2187800.0,0.0105170116395501,0.0104620925932133,2.279998779296861,60.16139997505099,COF
2020-12-07,93.0,93.1999969482422,91.01000213623048,92.97000122070312,85.31153869628906,2758700.0,0.0079142596928543,0.0078831062028669,2.1899948120117188,58.358927634385225,COF
2020-12-08,91.4000015258789,93.22000122070312,91.36000061035156,92.63999938964844,85.00872039794922,2889300.0,-0.0035495585118665,-0.0035558731418753,1.8600006103515625,59.54618141033315,COF
2020-12-09,92.93000030517578,95.36000061035156,92.76000213623048,94.91999816894533,87.10089874267578,4599900.0,0.0246113379301853,0.0243133581753703,2.5999984741210795,68.11990450049663,COF
2020-12-10,93.33000183105467,95.29000091552734,92.0999984741211,94.66999816894533,86.8714828491211,2940000.0,-0.0026339096021552,-0.0026373844450072,3.19000244140625,69.11527701158484,COF
2020-12-11,92.87000274658205,93.33999633789062,91.06999969482422,92.16999816894533,84.57744598388672,3042000.0,-0.0264072488461912,-0.0267621827414169,2.2699966430664062,66.26283073426194,COF
2020-12-14,93.45999908447266,93.9499969482422,90.26000213623048,90.41999816894533,82.97159576416016,3837800.0,-0.0189867428727098,-0.0191693056168623,3.689994812011719,56.41862091962486,COF
2020-12-15,91.66000366210938,92.69000244140624,89.72000122070312,92.68000030517578,85.04542541503906,2249500.0,0.0249944530026104,0.0246872008709579,2.970001220703111,52.91520184031032,COF
2020-12-16,93.20999908447266,94.02999877929688,91.72000122070312,93.58999633789062,85.88046264648438,2234000.0,0.0098187201412676,0.0097708297351603,2.30999755859375,58.3521807059362,COF
2020-12-17,93.87000274658205,94.31999969482422,93.0500030517578,94.08000183105467,86.33010864257812,1822500.0,0.0052357193037566,0.0052220605801944,1.2699966430664205,65.459940652819,COF
2020-12-18,93.95999908447266,93.95999908447266,91.0500030517578,91.56999969482422,84.0268783569336,4342600.0,-0.0266793395937946,-0.0270416926032928,2.909996032714858,64.23431230224605,COF
2020-12-21,93.5999984741211,96.62000274658205,92.20999908447266,95.29000091552734,87.44042205810547,4811500.0,0.0406244259922599,0.0398209425874899,4.410003662109389,63.640812391354096,COF
2020-12-22,95.44000244140624,96.13999938964844,94.97000122070312,94.98999786376952,87.1651382446289,2970400.0,-0.0031482443359391,-0.0031532104829738,1.1699981689453125,59.42411043484241,COF
2020-12-23,95.9800033569336,97.83000183105467,95.75,96.81999969482422,88.84439086914062,1769400.0,0.019265186269755,0.0190819620614715,2.0800018310546733,63.30453944081731,COF
2020-12-24,96.98999786376952,97.41999816894533,95.79000091552734,97.3000030517578,89.28483581542969,960200.0,0.0049574873774282,0.0049452394993348,1.629997253417983,62.43855221539037,COF
2020-12-28,97.81999969482422,99.12000274658205,97.44000244140624,97.5500030517578,89.51425170898438,2138400.0,0.0025694832886173,0.0025661878103426,1.6800003051758097,61.53071981124097,COF
2020-12-29,97.55999755859376,97.7699966430664,95.47000122070312,96.18000030517578,88.25711822509766,1902700.0,-0.0140439478617743,-0.0141434972407821,2.299995422363281,58.46894147281857,COF
2020-12-30,96.5,97.9800033569336,95.97000122070312,97.87999725341795,89.81706237792969,1405200.0,0.0176749953341261,0.0175206091331523,2.0100021362304688,57.2834768903308,COF
2020-12-31,98.0,99.16000366210938,97.05999755859376,98.8499984741211,90.7071762084961,1290800.0,0.0099102977429945,0.0098615127931139,2.100006103515611,59.93354872566562,COF
2021-01-04,99.7300033569336,99.98999786376952,96.9800033569336,97.83999633789062,89.78036499023438,3429700.0,-0.0102176173595283,-0.0102701755311477,3.0099945068359237,64.50126330553536,COF
2021-01-05,97.79000091552734,100.58000183105467,97.79000091552734,100.13999938964844,91.89092254638672,2171500.0,0.0235080081973593,0.0232359504143025,2.790000915527329,74.17916016552472,COF
2021-01-06,103.0,107.6500015258789,102.55999755859376,107.37999725341795,98.53449249267578,4394000.0,0.0722984356037494,0.069804415326317,5.090003967285142,79.30623980395751,COF
2021-01-07,108.6500015258789,111.54000091552734,108.0,110.7300033569336,101.60855865478516,4795700.0,0.0311978687294489,0.0307211058539019,3.540000915527344,81.14102786043227,COF
2021-01-08,111.0,111.77999877929688,108.63999938964844,110.55999755859376,101.4525375366211,3001100.0,-0.0015355115772692,-0.0015366916833703,3.139999389648437,80.29406900919676,COF
2021-01-11,108.2300033569336,109.9499969482422,107.0,109.30999755859376,100.3055191040039,3312900.0,-0.0113059609987887,-0.0113703592251594,2.9499969482422017,84.19426076867109,COF
2021-01-12,110.26000213623048,111.6999969482422,108.7300033569336,110.76000213623048,101.63607025146484,3119900.0,0.0132649844130843,0.0131777748828435,2.969993591308608,82.67847081816483,COF
2021-01-13,110.5500030517578,113.13999938964844,110.5500030517578,112.08000183105467,102.84735107421876,3015900.0,0.0119178242503572,0.0118473662346279,2.589996337890639,84.60912630729283,COF
2021-01-14,113.02999877929688,115.4800033569336,112.2699966430664,114.4000015258789,104.97622680664062,2841600.0,0.0206993734907725,0.0204880526236321,3.2100067138671875,84.9086221538941,COF
2021-01-15,112.2300033569336,113.69000244140624,111.25,112.52999877929688,103.26026916503906,3396100.0,-0.0163461546847387,-0.0164812270363122,2.440002441406236,78.66012789654124,COF
2021-01-19,114.25,114.83000183105467,112.55999755859376,112.86000061035156,103.56307220458984,3399600.0,0.0029324254333176,0.0029281342608386,2.270004272460909,78.72416761222802,COF
2021-01-20,113.06999969482422,114.18000030517578,111.0199966430664,111.37999725341795,102.20499420166016,3931300.0,-0.0131135352980529,-0.0132002768623089,3.160003662109375,78.40054459170847,COF
2021-01-21,110.36000061035156,110.98999786376952,106.8499984741211,108.54000091552734,99.59896087646484,6253800.0,-0.0254981015903524,-0.0258288119505827,4.139999389648423,69.10397354210231,COF
2021-01-22,107.11000061035156,107.41000366210938,103.83000183105467,105.33999633789062,96.66254425048828,5438600.0,-0.0294824022272549,-0.0299257438504553,3.5800018310547017,60.76996393924309,COF
2021-01-25,104.0,104.44000244140624,100.68000030517578,102.52999877929688,94.08402252197266,3733200.0,-0.0266755003037549,-0.0270377480836461,3.760002136230455,57.34418782322673,COF
2021-01-26,102.98999786376952,103.0,99.81999969482422,99.93000030517578,91.69821166992188,4237600.0,-0.025358299827089,-0.025685362526328,3.180000305175781,49.67419975209309,COF
2021-01-27,103.19000244140624,108.22000122070312,100.87999725341795,102.69000244140624,94.23085021972656,7617300.0,0.0276192796313323,0.0272447478830915,7.34000396728517,41.549579986020014,COF
2021-01-28,104.5,108.41000366210938,103.04000091552734,106.83999633789062,98.03898620605467,4667500.0,0.0404128369578364,0.0396175929993594,5.370002746582031,43.18735597405003,COF
2021-01-29,105.47000122070312,107.48999786376952,103.38999938964844,104.26000213623048,95.67152404785156,3535400.0,-0.024148170537252,-0.024444518169021,4.09999847412108,39.82559287117842,COF
2021-02-01,105.12999725341795,105.97000122070312,102.56999969482422,102.86000061035156,94.38684844970705,3712600.0,-0.0134279829962985,-0.0135189536460586,3.4000015258789062,39.63355055824237,COF
2021-02-02,103.94000244140624,107.29000091552734,103.68000030517578,106.04000091552734,97.3048858642578,4621200.0,0.0309157203834979,0.0304474561876553,3.6100006103515625,42.81363272595525,COF
2021-02-03,105.94000244140624,107.5500030517578,105.56999969482422,107.20999908447266,98.3785171508789,3947700.0,0.0110336832224318,0.0109732562216545,1.9800033569335795,42.551217935299945,COF
2021-02-04,107.98999786376952,112.9499969482422,107.86000061035156,112.66000366210938,103.37956237792967,5819400.0,0.0508347286774091,0.0495848280332206,5.089996337890639,47.57118803557276,COF
2021-02-05,114.5,115.52999877929688,113.4000015258789,114.4800033569336,105.04965209960938,3925700.0,0.0161549312384809,0.0160258289071197,2.1299972534179688,52.72577498253231,COF
2021-02-08,115.01000213623048,116.91000366210938,114.8000030517578,116.0,106.44441986083984,3391700.0,0.013277223992212,0.0131898541566698,2.1100006103515767,54.24785258850143,COF
2021-02-09,115.58000183105467,117.4000015258789,114.2699966430664,115.93000030517578,106.38018035888672,4071400.0,-0.0006035027673325,-0.0006036849484292,3.1300048828125,56.39943813576329,COF
2021-02-10,116.94000244140624,118.4000015258789,116.0999984741211,117.62000274658205,107.93098449707033,3982600.0,0.0145779423662544,0.0144727056876908,2.3000030517578125,63.197666198182255,COF
2021-02-11,118.0,118.43000030517578,115.75,117.16000366210938,107.50888061523438,3273600.0,-0.0039108684480443,-0.0039185358914904,2.680000305175781,68.66713113977028,COF
2021-02-12,116.79000091552734,118.7300033569336,116.79000091552734,117.75,108.05027770996094,2497200.0,0.0050358360316686,0.0050231986182707,1.94000244140625,75.84922882360902,COF
2021-02-16,117.45999908447266,120.55999755859376,116.44000244140624,119.8000030517578,110.30612182617188,3985400.0,0.0208777262217343,0.020662773168294,4.119995117187528,84.60665509978567,COF
2021-02-17,119.37000274658205,120.9800033569336,117.72000122070312,118.91000366210938,109.48663330078124,3104200.0,-0.0074292207161633,-0.0074569548236381,3.2600021362304688,80.303415140387,COF
2021-02-18,117.5,118.29000091552734,115.30999755859376,117.0199966430664,107.74642181396484,2348900.0,-0.0158942825653949,-0.0160219512834806,2.9800033569335795,71.00831137078347,COF
2021-02-19,118.56999969482422,120.41999816894533,117.93000030517578,119.55999755859376,110.08513641357422,2989200.0,0.0217057286936859,0.0214735136208448,2.489997863769545,81.2320279795655,COF
2021-02-22,119.4499969482422,123.02999877929688,119.12000274658205,122.58000183105467,112.86581420898438,2902200.0,0.0252593391442377,0.0249455943870344,3.9099960327148295,87.60312204924765,COF
2021-02-23,123.73999786376952,124.43000030517578,120.4499969482422,122.54000091552734,112.82898712158205,3003200.0,-0.0003262908938408,-0.0003263441382969,3.98000335693358,85.78657026850108,COF
2021-02-24,122.45999908447266,125.75,122.3499984741211,124.4800033569336,114.61522674560548,3314200.0,0.0158313893405657,0.0157073800107144,3.4000015258789062,86.23869083013037,COF
2021-02-25,125.4800033569336,125.70999908447266,118.87999725341795,119.23999786376952,109.79051208496094,4068000.0,-0.0420948838792009,-0.0430065496316701,6.830001831054702,64.42210720638523,COF
2021-02-26,119.52999877929688,121.31999969482422,116.66999816894533,120.19000244140624,110.66520690917967,3996000.0,0.0079669436603215,0.007935375123666,4.650001525878892,63.10164444735571,COF
2021-03-01,122.37999725341795,124.8000030517578,121.87000274658205,123.93000030517578,114.10881805419922,2714800.0,0.0311173786341505,0.0306430478601571,2.930000305175753,66.32142047119848,COF
2021-03-02,123.5,124.70999908447266,122.87000274658205,123.45999908447266,113.6760711669922,2486600.0,-0.0037924053073749,-0.0037996147094712,1.8399963378906108,65.29660264602994,COF
2021-03-03,124.33999633789062,127.0500030517578,124.33999633789062,125.41000366210938,115.4715347290039,3043800.0,0.0157945603114144,0.0156711242923214,2.7100067138671733,65.64901232882914,COF
2021-03-04,124.43000030517578,126.19000244140624,122.0,125.94000244140624,115.95954895019533,4583700.0,0.0042262729281006,0.0042173673195403,4.190002441406236,67.48994638281374,COF
2021-03-05,127.3000030517578,128.4499969482422,120.77999877929688,127.6999969482422,117.5800552368164,4443000.0,0.0139747550011348,0.0138780084104847,7.669998168945312,68.88000258769523,COF
2021-03-08,128.6999969482422,130.63999938964844,127.9000015258789,128.69000244140625,118.4916000366211,2684200.0,0.0077525461097016,0.0077226495410475,2.7399978637695312,67.12912183967947,COF
2021-03-09,127.18000030517578,129.13999938964844,125.51000213623048,126.3000030517578,116.29100799560548,2564100.0,-0.0185717134407459,-0.018746333080955,3.6299972534179545,63.46091674472289,COF
2021-03-10,127.25,130.0399932861328,126.91999816894533,129.52999877929688,119.26502990722656,2068600.0,0.0255739627928366,0.0252524195695297,3.119995117187486,71.72636102121027,COF
2021-03-11,128.8300018310547,132.61000061035156,128.72000122070312,132.10000610351562,121.6313705444336,2296100.0,0.0198410266533932,0.0196467589271731,3.8899993896484375,71.7557960809931,COF
2021-03-12,133.9499969482422,134.6999969482422,131.64999389648438,132.5500030517578,122.04570770263672,2217400.0,0.0034064991321607,0.0034007101570259,3.0500030517578125,68.99053493330896,COF
2021-03-15,132.5,132.72999572753906,128.8000030517578,132.60000610351562,122.09174346923828,3208100.0,0.0003772010295826,0.0003771299071586,3.92999267578125,69.15465616886684,COF
2021-03-16,131.50999450683594,131.6699981689453,128.1199951171875,128.49000549316406,118.30745697021484,3221700.0,-0.0309954333642299,-0.0314859543720628,3.5500030517578125,57.052456092286334,COF
2021-03-17,129.94000244140625,131.67999267578125,127.27999877929688,131.64999389648438,121.21702575683594,2840800.0,0.0245932831381339,0.0242957369072292,4.399993896484375,73.54839784933392,COF
2021-03-18,132.2899932861328,133.5800018310547,127.63999938964844,128.30999755859375,118.14170837402344,2443800.0,-0.0253703418609004,-0.0256977179469935,5.94000244140625,64.12665728310809,COF
2021-03-19,127.37999725341795,128.07000732421875,123.9499969482422,126.43000030517578,116.41068267822266,3318700.0,-0.0146521132936434,-0.0147605156915444,4.120010375976548,54.65026883427466,COF
2021-03-22,125.4800033569336,126.41999816894533,124.38999938964844,125.22000122070312,115.2965850830078,2090400.0,-0.00957040685256,-0.0096164975028078,2.029998779296889,53.18608039091444,COF
2021-03-23,123.9499969482422,125.33000183105467,121.20999908447266,122.41000366210938,112.7092742919922,3862500.0,-0.0224404806885898,-0.0226960996551599,4.120002746582017,44.73313411505803,COF
2021-03-24,124.29000091552734,126.41000366210938,123.52999877929688,123.91000366210938,114.09040832519533,2096700.0,0.0122539519651689,0.0121794800619729,2.8800048828125,46.55345110692696,COF
2021-03-25,123.37000274658205,128.1300048828125,121.44000244140624,127.87000274658205,117.73658752441406,2716500.0,0.0319586830544591,0.0314586304579742,6.690002441406264,50.26857011058276,COF
2021-03-26,129.86000061035156,130.49000549316406,126.56999969482422,129.58999633789062,119.32027435302734,2864900.0,0.0134511018359937,0.0133614389142245,3.920005798339844,51.389743311534055,COF
2021-03-29,127.66000366210938,128.39999389648438,124.9499969482422,126.48999786376952,116.4659423828125,2128500.0,-0.0239216007982839,-0.0242123687441508,3.4499969482421733,50.28708195075997,COF
2021-03-30,127.22000122070312,128.85000610351562,126.45999908447266,128.55999755859375,118.37190246582033,2732400.0,0.0163649565187316,0.016232493828101,2.3900070190429688,48.48105575603888,COF
2021-03-31,128.22000122070312,129.47000122070312,126.91000366210938,127.2300033569336,117.14728546142578,2389100.0,-0.0103455041178217,-0.0103993908245061,2.55999755859375,42.06578184997211,COF
2021-04-01,128.41000366210938,130.77000427246094,128.2100067138672,129.77999877929688,119.49523162841795,2589000.0,0.0200426852209503,0.0198444746763995,2.55999755859375,45.77616835891498,COF
2021-04-05,131.36000061035156,133.74000549316406,131.0,132.60000610351562,122.09174346923828,2583100.0,0.0217289996047242,0.0214962898913242,2.7400054931640625,50.0,COF
2021-04-06,132.10000610351562,132.97999572753906,131.0500030517578,132.02999877929688,121.5669174194336,2264500.0,-0.0042986203234695,-0.0043078859542984,1.92999267578125,55.527785914874805,COF
2021-04-07,133.08999633789062,134.35000610351562,132.49000549316406,132.97000122070312,122.43242645263672,1805900.0,0.0071196099364509,0.0070943851698609,1.8600006103515625,52.21477622286427,COF
2021-04-08,131.3800048828125,133.32000732421875,129.88999938964844,132.72999572753906,122.21143341064452,2193500.0,-0.0018050205194429,-0.0018066515319503,3.4300079345703125,58.27713884313983,COF
2021-04-09,134.0,134.4499969482422,132.41000366210938,134.1699981689453,123.5373306274414,2107200.0,0.0108492076378952,0.0107907772206378,2.0399932861328125,64.73726725125346,COF
2021-04-12,133.72000122070312,134.6300048828125,132.8699951171875,134.24000549316406,123.60179901123048,2384600.0,0.00052185346293,0.0005217173447654,1.760009765625,67.95382524088666,COF
2021-04-13,133.6300048828125,133.8000030517578,131.3800048828125,132.6699981689453,122.1562042236328,2335600.0,-0.0116955804782933,-0.0117645117677363,2.4199981689453125,71.48234920189884,COF
2021-04-14,132.5399932861328,136.4499969482422,132.32000732421875,135.77000427246094,125.0105209350586,2924400.0,0.0233661215127507,0.023097312983914,4.1299896240234375,73.27306565500031,COF
2021-04-15,136.07000732421875,136.0800018310547,132.85000610351562,134.8699951171875,124.18183135986328,3432600.0,-0.006628958658814,-0.0066510277895694,3.2299957275390625,65.61094551818054,COF
2021-04-16,136.0399932861328,137.75,135.25999450683594,136.67999267578125,125.84842681884766,2888900.0,0.0134206062250346,0.0133313476056921,2.4900054931640625,65.74850771101856,COF
2021-04-19,135.9199981689453,136.25999450683594,133.88999938964844,135.41000366210938,124.67906951904295,2383900.0,-0.0092917911599159,-0.0093352291385361,2.3699951171875,71.56663310333148,COF
2021-04-20,134.33999633789062,134.55999755859375,129.97999572753906,131.5,121.07891082763672,2459000.0,-0.0288754055134841,-0.0293005032824815,4.580001831054688,56.5274789805584,COF
2021-04-21,130.32000732421875,133.4199981689453,127.8000030517578,132.91000366210938,122.37715911865234,3035000.0,0.0107223320902165,0.0106652555209582,5.619995117187514,62.56630633563723,COF
2021-04-22,133.5500030517578,134.74000549316406,132.22999572753906,133.0,122.46003723144533,2305200.0,0.0006772351424879,0.0006770059222536,2.510009765625,57.99395623723314,COF
2021-04-23,132.58999633789062,136.22999572753906,131.3800048828125,135.67999267578125,124.92766571044922,2531200.0,0.0201504795751463,0.0199501454100892,4.8499908447265625,57.69996586171006,COF
2021-04-26,137.0,139.94000244140625,136.80999755859375,138.2899932861328,127.33082580566406,2169600.0,0.0192364123795025,0.0190537316295961,3.1300048828125,64.20136929496454,COF
2021-04-27,138.61000061035156,139.5399932861328,138.0399932861328,138.9499969482422,127.93852996826172,3486700.0,0.0047726397653711,0.0047612868281956,1.5,63.740738230346025,COF
2021-04-28,143.0,147.0399932861328,142.0,144.36000061035156,132.91978454589844,4601700.0,0.0389347492023899,0.0381959086073491,5.0399932861328125,71.59294227328458,COF
2021-04-29,146.00999450683594,149.6699981689453,145.7100067138672,149.22999572753906,137.40383911132812,3349500.0,0.0337350423847648,0.0331784979739511,3.959991455078125,74.80227216095187,COF
2021-04-30,148.1300048828125,150.00999450683594,147.77999877929688,149.0800018310547,137.26576232910156,3817300.0,-0.0010048975568629,-0.0010054028049228,2.2299957275390625,74.3758045474676,COF
2021-05-03,151.07000732421875,151.83999633789062,148.52999877929688,149.9199981689453,138.03921508789062,2636400.0,0.0056347099645626,0.0056188943694178,3.30999755859375,79.03066475157229,COF
2021-05-04,148.88999938964844,152.3800048828125,147.8000030517578,152.02000427246094,139.9727783203125,4227200.0,0.0140073473410491,0.0139101510412105,4.580001831054688,78.30028009749297,COF
2021-05-05,152.82000732421875,154.47000122070312,151.4499969482422,153.60000610351562,141.42755126953125,3118700.0,0.0103932562222182,0.0103396176674785,3.020004272460937,81.8646394470481,COF
2021-05-06,155.0,156.50999450683594,152.50999450683594,156.44000244140625,144.04248046875,3664300.0,0.0184895317478503,0.0183206785247363,4.0,82.478664490101,COF
2021-05-07,153.67999267578125,157.97999572753906,153.22999572753906,157.7100067138672,145.2118377685547,2480700.0,0.0081181419259048,0.0080853670728628,4.75,86.65356296409897,COF
2021-05-10,159.13999938964844,160.3699951171875,157.3000030517578,157.3800048828125,144.9080047607422,3298300.0,-0.0020923432447481,-0.0020945352530312,3.0699920654296875,98.21182642101944,COF
2021-05-11,154.80999755859375,156.92999267578125,153.25999450683594,154.75999450683594,142.49559020996094,4332000.0,-0.0166479039909795,-0.0167880378112758,3.669998168945313,88.9483272367096,COF
2021-05-12,155.89999389648438,156.77999877929688,152.3000030517578,152.97000122070312,140.8474578857422,3298000.0,-0.0115661987980841,-0.0116336075548896,4.479995727539063,83.5630776566636,COF
2021-05-13,152.24000549316406,157.2100067138672,152.0,156.2899932861328,143.90432739257812,2952900.0,0.0217034056043505,0.0214712398820263,5.210006713867188,83.90920931693496,COF
2021-05-14,156.97999572753906,159.25999450683594,156.82000732421875,158.11000061035156,145.95367431640625,2855700.0,0.0142410375070751,0.0141405864935998,2.4399871826171875,83.70314363146625,COF
2021-05-17,158.02999877929688,160.47999572753906,157.57000732421875,159.89999389648438,147.60604858398438,2229500.0,0.0113212241851206,0.0112576187374258,2.9099884033203125,84.29691393618089,COF
2021-05-18,159.2899932861328,160.85000610351562,156.8300018310547,156.91000366210938,144.84593200683594,2247700.0,-0.0186992105244114,-0.018876251249898,4.0200042724609375,72.54359935206679,COF
2021-05-19,154.1199951171875,157.33999633789062,152.86000061035156,157.14999389648438,145.06748962402344,3298100.0,0.0015296088341441,0.001528440174128,4.479995727539063,67.26918884720784,COF
2021-05-20,157.63999938964844,159.00999450683594,155.63999938964844,157.80999755859375,145.6767578125,2893400.0,0.004199894752819,0.0041910998114709,3.3699951171875,68.55913457167964,COF
2021-05-21,158.58999633789062,162.3300018310547,158.38999938964844,159.0500030517578,146.82142639160156,3552000.0,0.007857592359207,0.0078268822471603,3.94000244140625,69.065896898911,COF
2021-05-24,159.99000549316406,161.67999267578125,159.33999633789062,160.74000549316406,148.38148498535156,2087700.0,0.0106255512706232,0.0105694968240373,2.339996337890625,68.55595850211631,COF
2021-05-25,161.47000122070312,162.47999572753906,158.1300048828125,158.22000122070312,146.0552215576172,2670200.0,-0.0156775855691431,-0.0158017786557689,4.3499908447265625,59.83389202008548,COF
2021-05-26,159.32000732421875,160.5,157.97999572753906,159.83999633789062,147.5506591796875,3143500.0,0.0102388507998694,0.0101867888352405,2.520004272460937,57.82736705064952,COF
2021-05-27,161.85000610351562,162.75,160.33999633789062,161.7899932861328,149.35073852539062,3488600.0,0.0121997377423503,0.0121259207011367,2.410003662109375,58.981825550985214,COF
2021-05-28,161.8300018310547,162.24000549316406,159.22000122070312,160.77999877929688,148.41839599609375,3365300.0,-0.0062426375557451,-0.0062622042921043,3.020004272460937,57.41561031146227,COF
2021-06-01,165.27000427246094,166.6300048828125,163.74000549316406,166.25,153.46783447265625,4188000.0,0.0340216483453668,0.033455712371295,2.889999389648437,70.85505865183438,COF
2021-06-02,167.0,167.39999389648438,164.97000122070312,165.9199981689453,153.16319274902344,3099400.0,-0.0019850525986739,-0.0019870254267944,2.42999267578125,74.6685086250107,COF
2021-06-03,165.05999755859375,167.33999633789062,164.30999755859375,166.2899932861328,153.5047607421875,2513400.0,0.0022300918845676,0.0022276089204677,3.029998779296875,71.5767597857324,COF
2021-06-04,167.07000732421875,168.0,165.02999877929688,166.25999450683594,153.47708129882812,2886600.0,-0.0001803165141298,-0.000180332773107,2.970001220703125,68.59882097143866,COF
2021-06-07,163.5,165.30999755859375,162.58999633789062,163.5500030517578,150.9754180908203,3223800.0,-0.0162999138818449,-0.0164342189182877,2.720001220703125,57.99384139529395,COF
2021-06-08,162.6999969482422,163.83999633789062,161.0399932861328,162.72999572753906,150.21844482421875,3513500.0,-0.0050138842215108,-0.0050264959123703,2.8000030517578125,64.08508343607662,COF
2021-06-09,162.60000610351562,162.6199951171875,159.3000030517578,160.60000610351562,148.25225830078125,3284500.0,-0.0130888488809631,-0.0131752627302691,3.3199920654296875,57.649710639452,COF
2021-06-10,162.99000549316406,163.86000061035156,158.60000610351562,158.74000549316406,146.53524780273438,3710600.0,-0.0115816819097845,-0.011649271965545,5.2599945068359375,51.95787618700289,COF
2021-06-11,159.1999969482422,160.69000244140625,159.10000610351562,160.64999389648438,148.29837036132812,3826800.0,0.0120320713618833,0.0119602614321771,1.589996337890625,53.27591493647718,COF
2021-06-14,160.39999389648438,160.8000030517578,157.1699981689453,158.7100067138672,146.507568359375,3372800.0,-0.0120756687857718,-0.0121491720071176,3.6300048828125,45.8856991621244,COF
2021-06-15,159.3800048828125,162.6999969482422,158.72000122070312,162.11000061035156,149.64614868164062,2789400.0,0.0214226497471232,0.0211964101834288,3.9799957275390634,57.61256543147737,COF
2021-06-16,161.44000244140625,163.30999755859375,159.7899932861328,162.1999969482422,149.72921752929688,3140800.0,0.0005551018077516,0.0005549477957354,3.520004272460937,54.91260305269967,COF
2021-06-17,163.47000122070312,163.58999633789062,151.42999267578125,153.5500030517578,141.74427795410156,4308500.0,-0.0533292012538095,-0.0548038716317846,12.160003662109377,36.58851819587176,COF
2021-06-18,149.60000610351562,150.44000244140625,147.52000427246094,150.02000427246094,138.4856719970703,8383600.0,-0.0229893298273841,-0.0232577056350043,2.9199981689453125,33.81463754242451,COF
2021-06-21,151.5500030517578,154.99000549316406,151.22000122070312,154.88999938964844,142.98121643066406,2875000.0,0.0324621628271324,0.0319463990092945,3.7700042724609375,32.59793631702222,COF
2021-06-22,154.3000030517578,155.91000366210938,152.85000610351562,154.88999938964844,142.98121643066406,2363900.0,0.0,0.0,3.05999755859375,32.930893352296565,COF
2021-06-23,155.61000061035156,157.61000061035156,155.0399932861328,156.3699951171875,144.34747314453125,2032200.0,0.0095554979036684,0.009510132894785,2.57000732421875,35.15857541791678,COF
2021-06-24,157.58999633789062,158.1699981689453,155.39999389648438,157.57000732421875,145.45523071289062,2077500.0,0.0076742428823135,0.0076449456741989,2.770004272460937,37.43858113216203,COF
2021-06-25,160.5399932861328,162.0,159.7899932861328,159.99000549316406,147.6891326904297,4238200.0,0.0153580037417044,0.0152412633511412,2.2100067138671875,44.81048649430134,COF
2021-06-28,159.41000366210938,160.00999450683594,155.2899932861328,156.0,144.0059051513672,2693100.0,-0.0249390559208095,-0.0252553031898676,4.720001220703125,41.01948760932141,COF
2021-06-29,157.3699951171875,158.32000732421875,153.82000732421875,154.14999389648438,142.2981414794922,2151000.0,-0.0118589836304278,-0.0119298623001006,4.5,41.32826108310232,COF
2021-06-30,153.69000244140625,155.22000122070312,153.6199951171875,154.69000244140625,142.79664611816406,2631800.0,0.0035032406852884,0.0034971186314911,1.600006103515625,44.354625021831474,COF
2021-07-01,155.52999877929688,158.05999755859375,155.1300048828125,157.14999389648438,145.06748962402344,3354200.0,0.0159026389455971,0.0157775167550606,2.92999267578125,45.194972829478594,COF
2021-07-02,157.6999969482422,158.9499969482422,157.14999389648438,157.39999389648438,145.29824829101562,2247700.0,0.0015906986988625,0.0015894348777488,1.8000030517578125,48.11395918647088,COF
2021-07-06,156.75999450683594,157.3800048828125,154.13999938964844,155.5,143.54434204101562,3566700.0,-0.0120710763593455,-0.012144523457014,3.2400054931640625,40.05413063180923,COF
2021-07-07,153.61000061035156,156.7100067138672,153.13999938964844,155.0399932861328,143.11972045898438,3042300.0,-0.002958121344204,-0.0029625052326647,3.57000732421875,39.34523733387907,COF
2021-07-08,151.89999389648438,154.8800048828125,149.4499969482422,152.4600067138672,140.7381134033203,3313700.0,-0.0166406631317211,-0.0167806743931989,5.4300079345703125,48.02039764969504,COF
2021-07-09,155.3800048828125,160.9199981689453,155.35000610351562,160.5500030517578,148.20611572265625,3638900.0,0.0530631123207863,0.0517031670830069,5.569992065429688,66.40708825236831,COF
2021-07-12,159.17999267578125,165.44000244140625,158.0800018310547,164.85000610351562,152.1754608154297,3250200.0,0.0267825998503423,0.0264302238743236,7.360000610351562,65.79957291223096,COF
2021-07-13,164.85000610351562,165.3000030517578,162.63999938964844,162.83999633789062,150.32000732421875,2536700.0,-0.0121928560706734,-0.0122677987400652,2.660003662109375,61.85513493687598,COF
2021-07-14,163.07000732421875,165.0,157.6300048828125,158.83999633789062,146.62757873535156,4190900.0,-0.0245637866481948,-0.0248705097275285,7.3699951171875,53.42583273534273,COF
2021-07-15,156.66000366210938,160.63999938964844,156.2899932861328,160.35000610351562,148.02142333984375,3069700.0,0.0095060193758498,0.0094611214828937,4.350006103515625,53.82281112024381,COF
2021-07-16,161.64999389648438,161.64999389648438,157.0800018310547,157.52000427246094,145.4090576171875,1955100.0,-0.017648565077357,-0.0178061579469617,4.569992065429688,46.64128530564851,COF
2021-07-19,153.4499969482422,154.80999755859375,150.88999938964844,153.61000061035156,141.79965209960938,3757400.0,-0.024822425622759,-0.0251356970011006,3.919998168945313,46.74294668163013,COF
2021-07-20,152.9600067138672,159.24000549316406,152.44000244140625,157.97999572753906,145.83367919921875,3306200.0,0.0284487799502892,0.0280516281418412,6.8000030517578125,54.88399857846458,COF
2021-07-21,159.61000061035156,164.39999389648438,159.39999389648438,163.2100067138672,150.6615753173828,2508500.0,0.0331054948669904,0.0325693096733569,5.0,59.70391751832018,COF
2021-07-22,162.1999969482422,163.0800018310547,158.6999969482422,161.42999267578125,149.0183868408203,2966600.0,-0.0109064867608145,-0.0109663985035399,4.3800048828125,54.95138984502884,COF
2021-07-23,157.0,164.25,156.58999633789062,160.0800018310547,147.77220153808594,3516300.0,-0.00836262778811,-0.008397790733515,7.660003662109375,53.023485143182576,COF
2021-07-26,160.0500030517578,163.0,160.0,162.33999633789062,149.85845947265625,2055900.0,0.0141180676260861,0.0140193358917428,3.0,57.65447235080325,COF
2021-07-27,159.9499969482422,163.66000366210938,159.13999938964844,162.5399932861328,150.04307556152344,2168000.0,0.0012319363852855,0.0012311781743047,4.5200042724609375,58.44216398818285,COF
2021-07-28,163.0399932861328,163.5399932861328,159.8800048828125,161.38999938964844,148.98150634765625,2314800.0,-0.0070750963341317,-0.0071002435108636,3.659988403320313,60.38613963793016,COF
2021-07-29,163.5,165.35000610351562,162.91000366210938,163.91000366210938,151.3077392578125,2587900.0,0.0156142394259852,0.0154935914531153,2.44000244140625,54.48953484365654,COF
2021-07-30,163.16000366210938,165.08999633789062,160.63999938964844,161.6999969482422,149.2676544189453,2661400.0,-0.0134830171204335,-0.0135747383817218,4.449996948242188,45.54202797654305,COF
2021-08-02,163.13999938964844,165.91000366210938,158.9199981689453,160.10000610351562,147.7906951904297,3934600.0,-0.0098947038074992,-0.0099439817188981,6.990005493164063,46.07676857949868,COF
2021-08-03,161.0500030517578,162.05999755859375,155.4600067138672,161.42999267578125,149.0183868408203,2868200.0,0.0083069617394297,0.008272648825836,6.5999908447265625,54.01542161363138,COF
2021-08-04,160.27999877929688,164.1699981689453,159.10000610351562,161.19000244140625,148.79685974121094,2722800.0,-0.0014865756119478,-0.0014876816617599,5.069992065429688,51.35575251080595,COF
2021-08-05,162.22000122070312,163.9499969482422,162.22000122070312,163.19000244140625,150.64308166503906,2749500.0,0.012407667252112,0.0123313230028173,1.7299957275390625,59.40293499577026,COF
2021-08-06,164.85000610351562,167.50999450683594,164.25999450683594,165.9499969482422,154.32571411132812,3394500.0,0.0244460774805279,0.0241520543009422,3.25,72.44404490843115,COF
2021-08-09,164.83999633789062,167.14999389648438,163.1300048828125,166.2100067138672,154.5675048828125,2239500.0,0.0015667562134846,0.0015655301314491,4.019989013671875,68.11031096148736,COF
2021-08-10,166.2100067138672,171.2899932861328,166.10000610351562,170.6699981689453,158.715087890625,3442500.0,0.0268334732514252,0.0264797690661047,5.189987182617188,67.18446285835219,COF
2021-08-11,171.0,174.94000244140625,169.83999633789062,174.5500030517578,162.32334899902344,3880500.0,0.0227342035111683,0.0224796325955721,5.100006103515625,76.19333140277496,COF
2021-08-12,174.5,177.1699981689453,173.41000366210938,176.92999267578125,164.53662109375,3274300.0,0.0136349583000525,0.0135428386763547,3.7599945068359375,81.79330573427933,COF
2021-08-13,177.17999267578125,177.9499969482422,175.7899932861328,177.72999572753906,165.28053283691406,2368300.0,0.0045212533125995,0.0045110631501669,2.160003662109375,80.81659160967519,COF
2021-08-16,176.0,177.72000122070312,175.17999267578125,177.32000732421875,164.89930725097656,2115000.0,-0.00230653652547,-0.0023092006782739,2.540008544921875,79.45448494932688,COF
2021-08-17,175.27000427246094,176.52999877929688,171.42999267578125,173.27999877929688,161.1422576904297,2791000.0,-0.0227839014194805,-0.0230474655421502,5.100006103515625,71.7821844417927,COF
2021-08-18,172.3300018310547,175.6199951171875,171.27000427246094,172.02000427246094,159.9705352783203,1759900.0,-0.0072713540749836,-0.0072979192247679,4.3499908447265625,66.1861314596984,COF
2021-08-19,169.1199951171875,171.58999633789062,166.9499969482422,168.10000610351562,156.3251190185547,2478500.0,-0.0227880481453865,-0.0230517089584328,4.6399993896484375,62.44032908970998,COF
2021-08-20,168.17999267578125,169.1199951171875,165.4600067138672,168.22000122070312,156.43673706054688,2595700.0,0.0007140121990178,0.0007137574135804,3.659988403320313,66.01123389133564,COF
2021-08-23,169.4199981689453,171.1999969482422,168.97999572753906,169.35000610351562,157.48757934570312,2019400.0,0.0067173625895144,0.0066949016388963,2.220001220703125,65.78713982832701,COF
2021-08-24,169.88999938964844,171.7100067138672,169.4499969482422,170.0500030517578,158.13851928710938,1668400.0,0.0041332779645901,0.0041247594361206,2.260009765625,67.13909538476355,COF
2021-08-25,170.58999633789062,174.55999755859375,170.22999572753906,173.92999267578125,161.74673461914062,2184300.0,0.0228168023091219,0.0225603920562392,4.330001831054688,69.13467470035388,COF
2021-08-26,174.39999389648438,174.6999969482422,171.30999755859375,171.6300048828125,159.60784912109375,1867100.0,-0.0132236703453905,-0.0133118815880673,3.389999389648437,59.61411347525609,COF
2021-08-27,172.30999755859375,175.97999572753906,171.64999389648438,175.8000030517578,163.48574829101562,1747700.0,0.0242964189497956,0.0240059563591469,4.330001831054688,64.33485822258021,COF
2021-08-30,172.13999938964844,173.57000732421875,165.11000061035156,165.19000244140625,153.6189727783203,4300600.0,-0.0603525115542902,-0.0622504863445798,8.460006713867188,43.080825596422684,COF
2021-08-31,165.02999877929688,167.1699981689453,163.25999450683594,165.97000122070312,154.3443145751953,3791800.0,0.0047216940964818,0.0047105818642236,3.910003662109375,38.2464612208788,COF
2021-09-01,165.9600067138672,166.5800018310547,161.22999572753906,161.67999267578125,150.3548126220703,3342900.0,-0.0258480655028038,-0.026187997261287,5.350006103515625,30.14828038581693,COF
2021-09-02,162.5,163.3800048828125,159.52000427246094,160.05999755859375,148.8482666015625,3118100.0,-0.0100199387983319,-0.0100704762566533,3.8600006103515625,27.47892724152541,COF
2021-09-03,159.99000549316406,160.3699951171875,156.39999389648438,157.25999450683594,146.24441528320312,3361200.0,-0.0174933264445018,-0.0176481428388902,3.970001220703125,25.90094005822881,COF
2021-09-07,156.9499969482422,159.67999267578125,156.4600067138672,156.92999267578125,145.9375457763672,3437100.0,-0.0020983331653497,-0.002100537750896,3.2199859619140625,28.43573977876018,COF
2021-09-08,156.49000549316406,156.49000549316406,152.1300048828125,154.60000610351562,143.77073669433594,3342600.0,-0.0148475093952288,-0.0149588369955905,4.3600006103515625,27.65514924770001,COF
2021-09-09,154.83999633789062,159.17999267578125,154.47999572753906,155.77999877929688,144.8681182861328,2904600.0,0.0076328578195294,0.0076038749482778,4.699996948242188,33.00222759501236,COF
2021-09-10,156.91000366210938,157.82000732421875,155.39999389648438,155.55999755859375,144.66348266601562,2855400.0,-0.0014125649075734,-0.0014135635178945,2.420013427734375,32.581105999938586,COF
2021-09-13,157.07000732421875,159.42999267578125,156.91000366210938,158.92999267578125,147.79745483398438,3349600.0,0.0216638788878333,0.0214325520584303,2.519989013671875,36.49558792757634,COF
2021-09-14,159.58999633789062,160.1699981689453,153.9499969482422,154.38999938964844,143.57542419433594,4075000.0,-0.0285663284553234,-0.0289822867675141,6.220001220703125,31.541737144970185,COF
2021-09-15,155.22000122070312,159.10000610351562,154.80999755859375,158.91000366210938,147.7788543701172,3210800.0,0.0292768083351904,0.0288564278044474,4.290008544921875,32.55930395656931,COF
2021-09-16,159.60000610351562,161.24000549316406,159.1199951171875,160.1699981689453,148.95057678222656,2627300.0,0.0079288908897261,0.007897622408523,2.1200103759765625,36.36367186203477,COF
2021-09-17,159.10000610351562,161.14999389648438,158.4499969482422,159.57000732421875,148.3926239013672,4829600.0,-0.0037458927176571,-0.003752926143583,2.6999969482421875,28.89476175012024,COF
2021-09-20,154.08999633789062,157.00999450683594,153.3300018310547,156.3699951171875,145.416748046875,3430000.0,-0.0200540685665763,-0.0202578808462611,3.67999267578125,35.792546294265065,COF
2021-09-21,158.0,158.86000061035156,156.32000732421875,156.5,145.53762817382812,2845900.0,0.0008312668834689,0.0008309215725035,2.5399932861328125,34.41926460321909,COF
2021-09-22,158.67999267578125,161.02000427246094,158.3699951171875,159.6199951171875,148.4390869140625,3001400.0,0.0199361414408163,0.0197400189057431,2.650009155273437,46.47500023865182,COF
2021-09-23,161.64999389648438,167.14999389648438,161.0,166.02000427246094,154.39080810546875,2977000.0,0.0400953772698153,0.03931241786156,6.149993896484375,58.76468760074049,COF
2021-09-24,165.1300048828125,168.0500030517578,164.9600067138672,166.1699981689453,154.53028869628906,2695100.0,0.0009034254858295,0.0009030176426441,3.089996337890625,64.21041833385584,COF
2021-09-27,167.69000244140625,170.27000427246094,167.30999755859375,169.75999450683594,157.8688201904297,2611000.0,0.0216043826896752,0.0213743157521227,2.9600067138671875,68.5349498941372,COF
2021-09-28,169.44000244140625,171.5,167.10000610351562,167.3800048828125,155.6555633544922,2935900.0,-0.014019594453596,-0.0141187972479556,4.399993896484375,68.43618897754095,COF
2021-09-29,168.6199951171875,168.6199951171875,165.9199981689453,166.5500030517578,154.8837127685547,2004500.0,-0.0049587086340092,-0.0049710438243059,2.6999969482421875,65.69507863057879,COF
2021-09-30,167.8800048828125,167.8800048828125,161.85000610351562,161.97000122070312,150.62448120117188,2712000.0,-0.0274995446018746,-0.027884735213938,6.029998779296875,58.28805235649191,COF
2021-10-01,162.61000061035156,167.83999633789062,161.8699951171875,166.5399932861328,154.87435913085938,2696400.0,0.028215054390869,0.0278243420326349,5.970001220703125,59.54344585657505,COF
2021-10-04,166.5399932861328,170.27999877929688,165.69000244140625,166.11000061035156,154.47451782226562,2759000.0,-0.0025817140476811,-0.0025850524184434,4.589996337890625,66.38709520525538,COF
2021-10-05,168.0800018310547,170.69000244140625,166.38999938964844,168.72000122070312,156.90167236328125,2089100.0,0.0157123296141843,0.0155901689210324,4.3000030517578125,64.49039916199587,COF
2021-10-06,166.9199981689453,169.02999877929688,164.47000122070312,167.8699951171875,156.1112060546875,2032000.0,-0.0050379724874031,-0.0050507058557044,4.55999755859375,61.51316160707671,COF
2021-10-07,169.72999572753906,171.42999267578125,167.7100067138672,167.8800048828125,156.12051391601562,2011100.0,5.962327473696405e-05,5.9621497340168e-05,3.7199859619140634,62.64837879079246,COF
2021-10-08,168.44000244140625,171.27999877929688,167.41000366210938,168.8000030517578,156.97608947753906,1713200.0,0.0054802251162437,0.0054652633203635,3.8699951171875,70.33045479601459,COF
2021-10-11,169.5,171.77999877929688,166.0500030517578,166.17999267578125,154.53961181640625,1929400.0,-0.0155213298359139,-0.0156430467912043,5.729995727539063,64.6401178447669,COF
2021-10-12,166.22999572753906,168.3300018310547,165.16000366210938,167.64999389648438,155.90663146972656,1697500.0,0.0088457557078915,0.0088068612100695,3.1699981689453125,62.7826043348641,COF
2021-10-13,167.57000732421875,167.74000549316406,159.5500030517578,162.10000610351562,150.7454071044922,3849900.0,-0.0331045852032058,-0.033664943672879,8.19000244140625,43.58639818694036,COF
2021-10-14,165.14999389648438,166.2899932861328,162.74000549316406,166.00999450683594,154.38148498535156,2281500.0,0.0241206544909122,0.0238343463275829,3.54998779296875,49.76688149012258,COF
2021-10-15,168.0,170.25,167.25999450683594,168.3800048828125,156.5854949951172,2762800.0,0.0142763881949623,0.0141754402123235,2.9900054931640625,47.91541911715134,COF
2021-10-18,167.3000030517578,170.66000366210938,167.02999877929688,169.16000366210938,157.31089782714844,1760600.0,0.004632631087917,0.0046219334785139,3.6300048828125,52.82542791361509,COF
2021-10-19,170.1999969482422,170.44000244140625,167.7899932861328,169.7899932861328,157.89674377441406,1955000.0,0.0037241281777524,0.0037172107812717,2.650009155273437,55.17569288998159,COF
2021-10-20,168.9199981689453,173.47000122070312,168.25999450683594,173.25,161.11436462402344,2614000.0,0.0203780063647567,0.0201731531182599,5.210006713867188,68.6879494510764,COF
2021-10-21,172.47999572753906,174.64999389648438,165.07000732421875,165.69000244140625,154.0839385986328,3420600.0,-0.0436362458542839,-0.0446169423326473,9.579986572265623,48.71878204528895,COF
2021-10-22,167.0,169.42999267578125,165.6300048828125,167.83999633789062,156.0833282470703,2943300.0,0.012975977033178,0.0128925103093154,3.79998779296875,52.47921233306732,COF
2021-10-25,168.2100067138672,169.83999633789062,166.22000122070312,168.67999267578125,156.864501953125,2368800.0,0.0050048503887496,0.004992367756855,3.6199951171875,49.93965846094397,COF
2021-10-26,169.3000030517578,170.0,164.55999755859375,164.85000610351562,153.3027801513672,3204000.0,-0.0227057221832263,-0.0229674667483449,5.44000244140625,45.81721873328221,COF
2021-10-27,160.13999938964844,161.49000549316406,151.77999877929688,152.5,141.81784057617188,7343000.0,-0.0749167077326019,-0.0778714998290976,9.710006713867188,34.12468828268061,COF
2021-10-28,152.80999755859375,153.92999267578125,150.47999572753906,152.5,141.81784057617188,4440300.0,0.0,0.0,3.4499969482421875,32.84929542011855,COF
2021-10-29,152.83999633789062,154.07000732421875,150.22000122070312,151.02999877929688,140.45082092285156,3863700.0,-0.009639264339144,-0.009686022768163,3.850006103515625,33.66398505326366,COF
2021-11-01,152.27000427246094,154.8300018310547,152.2100067138672,153.00999450683594,142.29214477539062,3181700.0,0.0131100967615596,0.0130249032321158,2.6199951171875,34.38568712048745,COF
2021-11-02,153.22000122070312,154.00999450683594,150.8699951171875,151.91000366210938,141.26918029785156,3788000.0,-0.007189184470821,-0.0072151511853462,3.139999389648437,37.991982718682834,COF
2021-11-03,151.0,155.35000610351562,150.66000366210938,153.89999389648438,143.11976623535156,3334100.0,0.0130997145562692,0.0130146553246854,4.69000244140625,35.05310057110454,COF
2021-11-04,153.0,155.49000549316406,152.3000030517578,153.4600067138672,142.71060180664062,2462500.0,-0.0028588953117635,-0.0028629897585571,3.19000244140625,30.66355969723635,COF
2021-11-05,155.58999633789062,157.58999633789062,154.25,154.8699951171875,144.02183532714844,2389600.0,0.0091880596389357,0.0091461062036111,3.339996337890625,31.777537111880903,COF
2021-11-08,156.47999572753906,157.75999450683594,154.7899932861328,155.52000427246094,144.62631225585938,2279200.0,0.0041971200223762,0.0041883366820475,2.970001220703125,31.812377582043823,COF
2021-11-09,154.55999755859375,156.11000061035156,153.1999969482422,155.4199981689453,144.5333251953125,2154400.0,-0.0006429470481302,-0.0006431538272203,2.910003662109375,25.146390096385787,COF
2021-11-10,155.47999572753906,158.47000122070312,155.47999572753906,156.27999877929688,145.3330841064453,2274600.0,0.0055333876118333,0.0055181346637153,2.9900054931640625,33.87042701619663,COF
2021-11-11,156.27999877929688,158.66000366210938,155.91000366210938,157.14999389648438,146.1421356201172,1822700.0,0.0055668777597763,0.0055514399628323,2.75,30.83544342522039,COF
2021-11-12,156.8300018310547,157.3300018310547,155.02999877929688,156.8000030517578,146.37551879882812,2143700.0,0.0015969602313572,0.0015956864463093,2.3000030517578125,29.343132988914974,COF
2021-11-15,156.8000030517578,158.42999267578125,155.83999633789062,156.36000061035156,145.96475219726562,1772000.0,-0.0028062520627307,-0.0028101969700485,2.589996337890625,33.50089579357842,COF
2021-11-16,156.5,156.5,152.75,153.82000732421875,143.5936279296875,2678300.0,-0.0162444989758462,-0.0163778873737532,3.75,56.76550197422577,COF
2021-11-17,153.6999969482422,155.0,151.8699951171875,151.9499969482422,141.8479461669922,3107900.0,-0.0121570976920376,-0.0122315996381971,3.1300048828125,50.101232543415065,COF
2021-11-18,152.07000732421875,153.94000244140625,150.47000122070312,152.99000549316406,142.81883239746094,2485400.0,0.0068445561370749,0.0068212385014945,3.470001220703125,58.180570315267445,COF
2021-11-19,150.5,152.5500030517578,148.52000427246094,151.32000732421875,141.2598419189453,2754900.0,-0.0109158606910956,-0.0109758758427153,4.029998779296875,46.36283970860999,COF
2021-11-22,153.3699951171875,154.64999389648438,150.97000122070312,153.2100067138672,143.02415466308594,2681000.0,0.0124898394347134,0.012412484821996,3.67999267578125,55.876396112853946,COF
2021-11-23,154.0,156.74000549316406,153.2100067138672,156.2899932861328,145.8994140625,2596000.0,0.0201033133612091,0.0199039097759648,3.529998779296875,58.7097650232414,COF
2021-11-24,155.1300048828125,157.9600067138672,155.05999755859375,155.86000061035156,145.49801635742188,2308700.0,-0.0027511947711192,-0.0027549862631389,2.900009155273437,58.73835450522074,COF
2021-11-26,150.5399932861328,150.5399932861328,144.3699951171875,149.16000366210938,139.24342346191406,3081400.0,-0.042987478813066,-0.0439388038248752,6.1699981689453125,38.56438181682737,COF
2021-11-29,151.24000549316406,151.72999572753906,145.6999969482422,147.02000427246094,137.2457275390625,4261600.0,-0.0143467883307104,-0.0144506985477317,6.029998779296875,33.44112540122477,COF
2021-11-30,145.14999389648438,146.0,140.17999267578125,140.52999877929688,131.18716430664062,6024200.0,-0.0441439113701919,-0.0451479121683104,5.82000732421875,26.37970108366892,COF
2021-12-01,144.5,145.47000122070312,138.35000610351562,138.3699951171875,129.17079162597656,3540600.0,-0.0153701979253926,-0.0154895439111458,7.1199951171875,22.57660960429159,COF
2021-12-02,139.7100067138672,145.1699981689453,139.0,143.36000061035156,133.8290252685547,3028400.0,0.0360625926646511,0.0354275596421919,6.1699981689453125,31.521424514994408,COF
2021-12-03,143.02000427246094,143.75,140.67999267578125,141.89999389648438,132.46609497070312,2772900.0,-0.0101841158531683,-0.0102363287583704,3.07000732421875,29.81028621850838,COF
2021-12-06,144.97999572753906,147.85000610351562,143.92999267578125,145.94000244140625,136.23751831054688,2928700.0,0.0284708576989294,0.0280730949490387,3.920013427734375,37.13582887700535,COF
2021-12-07,147.97000122070312,151.11000061035156,147.27999877929688,148.5800018310547,138.7019805908203,2840800.0,0.0180894537043445,0.0179277862760092,3.830001831054688,43.54677605523967,COF
2021-12-08,148.88999938964844,150.0500030517578,148.00999450683594,148.80999755859375,138.9167022705078,2513300.0,0.0015480794057363,0.0015468823660621,2.040008544921875,45.97022740183274,COF
2021-12-09,148.24000549316406,150.7100067138672,147.05999755859375,149.1699981689453,139.2528076171875,2311500.0,0.002419473981071,0.0024165517664308,3.6500091552734375,45.01046784856783,COF
2021-12-10,150.52000427246094,151.4499969482422,148.5,150.41000366210938,140.4103240966797,2415300.0,0.0083123385395162,0.0082779813148048,2.9499969482421875,48.79786079075082,COF
2021-12-13,149.25999450683594,149.47000122070312,145.57000732421875,146.0399932861328,136.3308563232422,2608000.0,-0.0290539018386466,-0.0294843239089303,3.899993896484375,41.11086072982003,COF
2021-12-14,146.6199951171875,149.52999877929688,145.50999450683594,147.9199981689453,138.08587646484375,2213900.0,0.0128732422646886,0.0127910864051089,4.0200042724609375,39.30487582771775,COF
2021-12-15,148.35000610351562,148.66000366210938,144.0,147.38999938964844,137.5911102294922,2702700.0,-0.0035830328779318,-0.0035894673146976,4.660003662109375,39.20466690082836,COF
2021-12-16,149.72999572753906,150.24000549316406,147.35000610351562,148.02000427246094,138.17919921875,3341700.0,0.0042741786753295,0.0042650703182623,2.889999389648437,48.2810344207176,COF
2021-12-17,147.35000610351562,147.35000610351562,142.63999938964844,144.0800018310547,134.5011749267578,9081100.0,-0.0266177855479502,-0.0269784533214693,4.710006713867188,45.79516769348232,COF
2021-12-20,140.38999938964844,141.1999969482422,136.52000427246094,138.35000610351562,129.152099609375,3246500.0,-0.0397697293001019,-0.0405821579709459,4.67999267578125,46.812861919518845,COF
2021-12-21,140.3699951171875,143.75,140.11000061035156,143.50999450683594,133.96905517578125,2509900.0,0.0372967654492284,0.0366180652103791,3.6399993896484375,56.90859039789442,COF
2021-12-22,142.97000122070312,144.52999877929688,142.1300048828125,143.72999572753906,134.17445373535156,1669400.0,0.0015331791308135,0.0015320050116267,2.399993896484375,50.570504336115214,COF
2021-12-23,145.25999450683594,146.72000122070312,144.99000549316406,145.10000610351562,135.45335388183594,1720300.0,0.0095316217870125,0.0094864824872079,1.7299957275390625,54.947443224176375,COF
2021-12-27,145.4600067138672,146.08999633789062,143.58999633789062,145.88999938964844,136.19082641601562,1291800.0,0.0054444759988965,0.0054297084163622,2.5,49.91403016473618,COF
2021-12-28,144.77999877929688,147.8800048828125,144.5500030517578,146.1999969482422,136.48020935058594,1025700.0,0.002124834265168,0.0021225799975727,3.3300018310546875,45.55305934466524,COF
2021-12-29,146.1999969482422,146.72999572753906,145.2100067138672,145.58999633789062,135.91079711914062,1331900.0,-0.00417212308037,-0.004180850669378,1.519989013671875,44.06782008837666,COF
2021-12-30,145.75,147.3000030517578,145.33999633789062,145.49000549316406,135.81744384765625,1213400.0,-0.0006868716353899,-0.0006871076397876,1.9600067138671875,43.15469168444327,COF
2021-12-31,145.1999969482422,146.72999572753906,144.97999572753906,145.08999633789062,135.4440155029297,1356300.0,-0.0027494873570542,-0.0027532741401517,1.75,39.784934762331005,COF
2022-01-03,146.0800018310547,149.35000610351562,145.94000244140625,148.33999633789062,138.4779510498047,2381600.0,0.0223999232126235,0.0221527295361065,3.410003662109375,54.61478520613573,COF
2022-01-04,150.42999267578125,152.36000061035156,149.75999450683594,151.14999389648438,141.10108947753906,3478800.0,0.0189426432717143,0.0187654653862471,2.600006103515625,56.24750627738352,COF
2022-01-05,152.22999572753906,153.0,148.19000244140625,148.25999450683594,138.4032745361328,2105900.0,-0.0191197314733398,-0.0193048772970731,4.80999755859375,51.542022771388005,COF
2022-01-06,149.07000732421875,151.2899932861328,146.1999969482422,150.72999572753906,140.70909118652344,2622200.0,0.0166601307528215,0.0165228731628294,5.089996337890625,54.509272349181884,COF
2022-01-07,150.6300048828125,155.6300048828125,149.99000549316406,154.69000244140625,144.40579223632812,3286300.0,0.0262719417674608,0.0259327620845261,5.6399993896484375,67.64221614255344,COF
2022-01-10,156.7899932861328,157.86000061035156,154.10000610351562,157.14999389648438,146.7022247314453,3876900.0,0.0159026342333896,0.0157775121166166,3.7599945068359375,85.07479618367773,COF
2022-01-11,157.52999877929688,158.86000061035156,155.91000366210938,158.50999450683594,147.97181701660156,2178100.0,0.008654212896092,0.0086169798565569,2.9499969482421875,82.6088810461734,COF
2022-01-12,159.52999877929688,161.02999877929688,158.4600067138672,158.7899932861328,148.23321533203125,2133200.0,0.0017665412285932,0.001764982729802,2.5699920654296875,82.6541222969721,COF
2022-01-13,160.1699981689453,162.3000030517578,159.55999755859375,161.3699951171875,150.6416778564453,2407300.0,0.0162477925006165,0.0161172096764087,2.7400054931640625,83.51892435779489,COF
2022-01-14,156.94000244140625,160.6300048828125,154.52000427246094,160.55999755859375,149.88552856445312,3633100.0,-0.0050195225036776,-0.0050321626227421,6.1100006103515625,80.19777528044521,COF
2022-01-18,160.6199951171875,162.39999389648438,155.8000030517578,157.0800018310547,146.63690185546875,2393700.0,-0.0216740517920475,-0.021912384096658,6.5999908447265625,69.81077604500564,COF
2022-01-19,157.4499969482422,158.10000610351562,151.57000732421875,151.61000061035156,141.5305633544922,2019100.0,-0.0348230113727414,-0.0354437865564296,6.529998779296875,59.3131337243381,COF
2022-01-20,151.69000244140625,154.5399932861328,149.8300018310547,150.27000427246094,140.27964782714844,1962700.0,-0.0088384833473076,-0.0088777744282869,4.709991455078125,57.12157984688,COF
2022-01-21,149.4499969482422,149.4499969482422,145.32000732421875,146.52000427246094,136.77891540527344,2727100.0,-0.0249553835934103,-0.0252720486142507,4.1299896240234375,51.93710497973528,COF
2022-01-24,143.24000549316406,148.64999389648438,140.67999267578125,148.3000030517578,138.44061279296875,3963500.0,0.0121487831861493,0.0120755790176914,7.970001220703125,49.943570209313705,COF
2022-01-25,146.72999572753906,154.50999450683594,144.58999633789062,152.16000366210938,142.0439910888672,5634300.0,0.0260283324611334,0.0256953608518404,9.919998168945312,51.384012520930185,COF
2022-01-26,143.9499969482422,149.9499969482422,142.1300048828125,144.89999389648438,135.2666473388672,7626600.0,-0.0477129915742784,-0.0488888101877828,7.819992065429687,45.88839488946618,COF
2022-01-27,146.82000732421875,148.60000610351562,140.82000732421875,141.67999267578125,132.2606964111328,4048700.0,-0.0222224102309857,-0.022473048133767,7.779998779296875,39.12514701480401,COF
2022-01-28,140.80999755859375,142.72000122070312,138.60000610351562,142.6199951171875,133.13821411132812,3599400.0,0.0066347578986545,0.006612844764626,4.1199951171875,34.36124467576826,COF
2022-01-31,141.33999633789062,147.00999450683594,140.41000366210938,146.72999572753906,136.97500610351562,3789000.0,0.0288181121986452,0.028410679516005,6.5999908447265625,37.05278097433113,COF
2022-02-01,147.0,150.86000061035156,145.97999572753906,150.49000549316406,140.48501586914062,3063900.0,0.0256251842250139,0.0253023624843973,4.8800048828125,40.59572634599631,COF
2022-02-02,149.47999572753906,150.5399932861328,146.92999267578125,149.6199951171875,139.6728515625,2446600.0,-0.0057811454240581,-0.0057979209309395,3.6100006103515625,39.39396001778601,COF
2022-02-03,148.91000366210938,151.11000061035156,147.89999389648438,148.2899932861328,138.4312744140625,1978000.0,-0.0088891802132494,-0.0089289246814796,3.2100067138671875,34.42121120444122,COF
2022-02-04,149.0,151.8800048828125,148.57000732421875,150.35000610351562,140.3542938232422,2201200.0,0.0138915098291136,0.0137959071659286,3.30999755859375,38.19107485513891,COF
2022-02-07,150.9600067138672,153.47999572753906,150.32000732421875,152.1699981689453,142.0532989501953,2300400.0,0.0121051168487427,0.0120324358750128,3.1599884033203125,44.09427579771935,COF
2022-02-08,153.5,156.30999755859375,152.63999938964844,155.97999572753906,145.6100311279297,3376300.0,0.0250380118168278,0.0247296966020952,3.669998168945313,55.47479096222904,COF
2022-02-09,156.94000244140625,159.9199981689453,156.77999877929688,158.83999633789062,148.27987670898438,2173400.0,0.0183355882858717,0.0181695183090088,3.139999389648437,60.34268963626213,COF
2022-02-10,158.36000061035156,160.5,156.77999877929688,157.50999450683594,147.038330078125,2865400.0,-0.0083729947610898,-0.008408245187392,3.720001220703125,64.0861863146564,COF
2022-02-11,156.19000244140625,160.3800048828125,154.72999572753906,156.0,146.185546875,3041600.0,-0.005799734005901,-0.0058166177757356,5.6500091552734375,60.87537453119322,COF
2022-02-14,156.60000610351562,158.08999633789062,154.35000610351562,155.13999938964844,145.37965393066406,2598300.0,-0.0055128086296043,-0.0055280602377222,3.739990234375,55.08327411535785,COF
2022-02-15,156.99000549316406,159.6300048828125,156.3699951171875,158.88999938964844,148.89373779296875,2090200.0,0.0241717720966694,0.0238842587376511,3.260009765625,73.06008561305153,COF
2022-02-16,157.4600067138672,160.5399932861328,157.08999633789062,158.86000061035156,148.8656463623047,1761800.0,-0.0001886676436528,-0.0001886854436316,3.4499969482421875,81.2486575581629,COF
2022-02-17,157.08999633789062,157.82000732421875,153.10000610351562,154.36000061035156,144.6487579345703,2201500.0,-0.0283268069617045,-0.0287357522107197,4.720001220703125,69.24297439031794,COF
2022-02-18,153.75999450683594,157.27999877929688,153.3000030517578,153.9600067138672,144.27389526367188,3158300.0,-0.0025915374335119,-0.0025949012795921,3.9799957275390634,63.79934664129546,COF
2022-02-22,153.52000427246094,155.08999633789062,151.17999267578125,152.92999267578125,143.30868530273438,2095700.0,-0.0066901220014439,-0.0067126011827135,3.910003662109375,55.90683736566519,COF
2022-02-23,153.8300018310547,154.64999389648438,148.8000030517578,149.47000122070312,140.06637573242188,2942800.0,-0.0226246550476911,-0.022884519600001,5.8499908447265625,50.74723993500549,COF
2022-02-24,143.00999450683594,148.13999938964844,141.02999877929688,147.77000427246094,138.4733123779297,3693300.0,-0.0113736315811835,-0.0114388059798354,7.1100006103515625,50.07877194677933,COF
2022-02-25,148.82000732421875,154.3300018310547,148.52999877929688,153.58999633789062,143.92715454101562,2019500.0,0.0393855109654701,0.0386296836888775,5.8000030517578125,55.91256063410459,COF
2022-02-28,148.97999572753906,153.50999450683594,147.88999938964844,153.27000427246094,143.62728881835938,3408000.0,-0.0020834548116547,-0.0020856282229583,5.6199951171875,52.731197121828245,COF
2022-03-01,152.3800048828125,152.49000549316406,140.14999389648438,140.67999267578125,131.82936096191406,4335700.0,-0.0821426621187966,-0.0857133057964767,12.340011596679688,31.40572267178804,COF
2022-03-02,141.9499969482422,143.83999633789062,139.11000061035156,141.1999969482422,132.31666564941406,3700800.0,0.0036964806924975,0.0036896654974039,4.729995727539063,27.112804700629766,COF
2022-03-03,142.1199951171875,142.66000366210938,136.00999450683594,138.52000427246094,129.80531311035156,3837300.0,-0.0189798656634575,-0.019162295329186,6.6500091552734375,26.160267725025435,COF
2022-03-04,135.00999450683594,135.1699981689453,131.02000427246094,134.1199951171875,125.68209838867188,3864500.0,-0.0317646067243365,-0.0322800463962235,4.149993896484375,23.98957813110958,COF
2022-03-07,132.49000549316406,132.80999755859375,124.6999969482422,124.8000030517578,116.94844818115234,4877900.0,-0.0694900094722378,-0.0720224662269355,8.110000610351548,19.97232306560001,COF
2022-03-08,125.93000030517578,130.75,122.43000030517578,126.08000183105467,118.1479263305664,3683400.0,0.0102564691372055,0.0102042284572607,8.319999694824219,15.85851878422588,COF
2022-03-09,132.17999267578125,135.00999450683594,130.97999572753906,131.91000366210938,123.61114501953124,3061600.0,0.0462404957805122,0.0452032586995345,4.029998779296875,24.97680740469717,COF
2022-03-10,129.0,132.10000610351562,127.08000183105467,130.25999450683594,122.06493377685548,3328500.0,-0.0125086717903263,-0.0125875638052423,5.020004272460952,26.37255714242156,COF
2022-03-11,131.4600067138672,133.11000061035156,129.6699981689453,130.08999633789062,121.9056396484375,2514500.0,-0.0013049950013424,-0.0013058472488523,3.44000244140625,26.49205227687409,COF
2022-03-14,132.9499969482422,136.3800048828125,132.39999389648438,133.6699981689453,125.26040649414062,3001400.0,0.0275193736350336,0.0271475223297512,3.980010986328125,31.93925923618561,COF
2022-03-15,133.72999572753906,136.7899932861328,132.85000610351562,134.27000427246094,125.82266235351562,2853300.0,0.004488695790727,0.0044786516413142,3.939987182617188,34.93858625273039,COF
2022-03-16,136.99000549316406,141.1999969482422,134.72999572753906,137.83999633789062,129.16806030273438,3376800.0,0.0265881987127201,0.0262408755711928,6.470001220703125,40.51216028676868,COF
2022-03-17,132.07000732421875,137.55999755859375,131.16000366210938,137.5500030517578,128.8963165283203,3154000.0,-0.0021038000708315,-0.0021060161668947,6.399993896484375,32.863294789442065,COF
2022-03-18,134.02999877929688,138.52000427246094,134.02999877929688,138.2100067138672,129.51478576660156,6579300.0,0.0047981917167148,0.0047867170851885,4.490005493164063,34.02633707840329,COF
2022-03-21,138.1999969482422,138.88999938964844,133.25999450683594,134.44000244140625,125.98196411132812,4071300.0,-0.0272773616877993,-0.0276562956938028,5.6300048828125,41.85807514753473,COF
2022-03-22,136.36000061035156,140.6999969482422,135.91000366210938,138.1699981689453,129.477294921875,2964500.0,0.0277446921486166,0.0273667822469918,4.7899932861328125,46.35203675546309,COF
2022-03-23,136.77000427246094,137.94000244140625,132.8800048828125,133.99000549316406,125.5602798461914,1994700.0,-0.0302525248001749,-0.030719576223248,5.05999755859375,44.73619630973213,COF
2022-03-24,135.2100067138672,135.6999969482422,133.27999877929688,135.07000732421875,126.57231903076172,1883800.0,0.0080601857992832,0.0080278760009267,2.4199981689453125,51.19615714156548,COF
2022-03-25,136.08999633789062,136.85000610351562,134.66000366210938,135.8800048828125,127.33137512207033,2240600.0,0.0059970149644184,0.0059791044409567,2.19000244140625,67.75642489297829,COF
2022-03-28,134.9499969482422,134.9499969482422,131.1199951171875,133.25,124.86683654785156,2747600.0,-0.0193553126388217,-0.019545079356096,3.830001831054688,61.0138272362111,COF
2022-03-29,136.2899932861328,137.86000061035156,135.02000427246094,135.69000244140625,127.15331268310548,2236600.0,0.0183113162667309,0.0181456830343839,2.839996337890625,56.48145226835967,COF
2022-03-30,135.6999969482422,137.32000732421875,133.55999755859375,134.47000122070312,126.01007843017578,2795600.0,-0.0089909907088217,-0.009031653582294,3.760009765625,57.32687066174178,COF
2022-03-31,133.9199981689453,136.13999938964844,131.2899932861328,131.2899932861328,123.03013610839844,3273000.0,-0.0236484443062113,-0.023932556919742,4.850006103515625,51.89034922787973,COF
2022-04-01,133.02000427246094,134.0500030517578,130.05999755859375,130.88999938964844,122.6553192138672,2829600.0,-0.0030465453943819,-0.0030511955608324,3.9900054931640634,45.13306829331985,COF
2022-04-04,130.97000122070312,132.8699951171875,129.22999572753906,131.6699981689453,123.38622283935548,2230200.0,0.0059590047147799,0.005941320066675,3.6399993896484375,45.476646903699546,COF
2022-04-05,130.94000244140625,132.35000610351562,130.07000732421875,130.4199981689453,122.21488189697266,2333500.0,-0.0094932879492378,-0.0095386364396744,2.279998779296875,35.957559910571376,COF
2022-04-06,130.22000122070312,131.0399932861328,128.6699981689453,129.27999877929688,121.14659881591795,3611400.0,-0.00874102289732,-0.0087794497283828,2.3699951171875,34.83674478996397,COF
2022-04-07,130.0399932861328,132.74000549316406,126.83000183105467,129.30999755859375,121.1747055053711,4729800.0,0.0002320056008824,0.0002319786917449,5.910003662109389,33.29572206454087,COF
2022-04-08,130.41000366210938,132.63999938964844,129.67999267578125,131.75999450683594,123.47059631347656,2597200.0,0.0189469477027424,0.0187696897868694,2.9600067138671875,44.70777911613788,COF
2022-04-11,131.9499969482422,133.9499969482422,130.94000244140625,131.22999572753906,122.9739227294922,1858000.0,-0.0040226061816642,-0.0040307186246613,3.009994506835937,34.31283130565632,COF
2022-04-12,130.91000366210938,135.0,130.6300048828125,132.22999572753906,123.9110107421875,2026100.0,0.007620217294008,0.0075913300965391,4.3699951171875,45.3537501552884,COF
2022-04-13,130.47999572753906,132.97000122070312,130.30999755859375,132.6199951171875,124.2764663696289,1704100.0,0.0029493394110211,0.0029449986423794,2.660003662109375,43.28768968864655,COF
2022-04-14,132.72999572753906,134.4600067138672,132.17999267578125,132.58999633789062,124.24835968017578,2289100.0,-0.0002261626056339,-0.0002261881842526,2.280014038085937,40.58383016561489,COF
2022-04-18,132.22999572753906,139.1300048828125,132.0,137.97999572753906,129.29920959472656,2731300.0,0.0406512402059233,0.0398467096822582,7.1300048828125,61.69049330436734,COF
2022-04-19,138.08999633789062,142.35000610351562,138.08999633789062,141.58999633789062,132.68211364746094,3119200.0,0.0261633776674867,0.0258269715643111,4.260009765625,63.78506086251858,COF
2022-04-20,142.72999572753906,144.24000549316406,141.0500030517578,141.85000610351562,132.92576599121094,2035700.0,0.0018363616395,0.0018346775888333,3.19000244140625,68.05284090569614,COF
2022-04-21,143.1300048828125,144.72999572753906,139.6300048828125,139.97999572753906,131.17340087890625,1925300.0,-0.0131830356533025,-0.0132707032032226,5.0999908447265625,72.71300370182163,COF
2022-04-22,139.22000122070312,139.5,135.07000732421875,135.27999877929688,126.76912689208984,2458600.0,-0.033575968582855,-0.0341525851642149,4.42999267578125,59.36834453226989,COF
2022-04-25,133.9199981689453,136.85000610351562,131.25,136.4600067138672,127.8748779296875,2573800.0,0.0087225578080925,0.0086847360764352,5.600006103515625,60.05039401284958,COF
2022-04-26,133.6300048828125,136.2899932861328,132.13999938964844,132.22999572753906,123.9110107421875,2764100.0,-0.0309980134618743,-0.0314886170025273,4.149993896484375,53.37561346838115,COF
2022-04-27,120.9800033569336,126.55999755859376,119.87999725341795,124.3499984741211,116.5267562866211,5465100.0,-0.0595932065386043,-0.0614427383297724,6.68000030517581,42.65274446442978,COF
2022-04-28,125.7699966430664,130.50999450683594,125.12999725341795,129.3800048828125,121.24029541015624,3265200.0,0.0404502731710925,0.0396535744275253,5.379997253417983,50.09078269956511,COF
2022-04-29,128.85000610351562,131.0,124.36000061035156,124.62000274658205,116.77977752685548,2806300.0,-0.0367907210074901,-0.0374845709684696,6.6399993896484375,41.26280846162966,COF
2022-05-02,125.54000091552734,126.8499984741211,123.75,126.63999938964844,118.67267608642578,2266200.0,0.0162091296940087,0.0160791642879035,3.0999984741210938,44.58083677502241,COF
2022-05-03,127.51000213623048,130.2899932861328,126.2699966430664,128.64999389648438,120.55622863769533,2096000.0,0.0158718300908442,0.0157471897131327,4.019996643066406,45.87174757347182,COF
2022-05-04,128.72000122070312,134.4600067138672,128.22000122070312,134.3000030517578,125.85076904296876,2266500.0,0.0439176014802602,0.0429805605604519,6.240005493164063,51.72768391875056,COF
2022-05-05,132.0,133.41000366210938,129.02000427246094,130.3300018310547,122.13055419921876,2605000.0,-0.0295605253113695,-0.0300062433991215,4.3899993896484375,47.8500825547852,COF
2022-05-06,129.85000610351562,130.2899932861328,125.69000244140624,127.04000091552734,119.04751586914062,2434200.0,-0.0252437921885551,-0.0255678825206333,4.599990844726577,39.15976151491467,COF
2022-05-09,124.77999877929688,126.45999908447266,122.31999969482422,123.22000122070312,115.46784973144533,2852100.0,-0.0300692216176113,-0.0305305725235152,4.1399993896484375,31.87290333631232,COF
2022-05-10,123.87000274658205,124.98999786376952,117.48999786376952,121.02999877929688,113.41561889648438,2981800.0,-0.0177731796316812,-0.0179330193271646,7.5,30.20910338183633,COF
2022-05-11,121.26000213623048,124.58999633789062,119.4000015258789,119.58999633789062,112.06623077392578,2785600.0,-0.0118977274531314,-0.0119690718679973,5.189994812011719,30.458114180298324,COF
2022-05-12,116.0,117.87999725341795,111.58000183105467,114.1500015258789,106.96847534179688,3952000.0,-0.0454887738877624,-0.0465558746364274,6.299995422363281,30.032103299286035,COF
2022-05-13,115.66999816894533,118.37000274658205,115.26000213623048,116.45999908447266,109.70980834960938,3067700.0,0.0256274850983255,0.0253046058680097,3.1100006103515625,32.26649196316211,COF
2022-05-16,115.83000183105467,116.83000183105467,112.68000030517578,113.97000122070312,107.36412811279295,2427400.0,-0.0213807705263826,-0.0216126503369131,4.150001525878892,33.31920727753882,COF
2022-05-17,117.80999755859376,120.9800033569336,116.91000366210938,120.41000366210938,113.43085479736328,2943500.0,0.0565060862618549,0.0549673188352845,4.069999694824219,46.79387727948336,COF
2022-05-18,118.12000274658205,118.8499984741211,114.02999877929688,114.38999938964844,107.75977325439452,2942400.0,-0.0499959341142212,-0.051289014516942,4.819999694824219,36.311028920148665,COF
2022-05-19,112.45999908447266,114.9499969482422,112.2300033569336,113.33000183105467,106.76122283935548,2508800.0,-0.0092664487394725,-0.0093096493602604,2.719993591308608,39.05713597147219,COF
2022-05-20,115.0999984741211,115.79000091552734,110.29000091552734,113.6999969482422,107.10977172851562,2586600.0,0.0032647517505921,0.0032594340195001,5.5,36.929345281000806,COF
2022-05-23,116.56999969482422,119.91999816894533,115.95999908447266,118.8000030517578,111.91417694091795,2243500.0,0.04485496640381,0.0438780876544852,3.9599990844726713,40.83619032178675,COF
2022-05-24,117.19000244140624,118.04000091552734,113.75,116.83000183105467,110.058349609375,2568500.0,-0.0165825937541647,-0.0167216240939957,4.290000915527344,31.93684181132126,COF
2022-05-25,116.36000061035156,121.11000061035156,115.93000030517578,120.22000122070312,113.25186920166016,1973900.0,0.029016604406842,0.0286035931715193,5.180000305175781,39.72082982596689,COF
2022-05-26,121.95999908447266,125.27999877929688,121.5,124.41000366210938,117.1989974975586,1898200.0,0.0348526547395879,0.0342590540123734,3.779998779296875,47.90188298747325,COF
2022-05-27,124.48999786376952,126.45999908447266,124.41999816894533,126.45999908447266,119.13018035888672,1890700.0,0.0164778104127414,0.0163435244458758,2.040000915527329,54.31844405784708,COF
2022-05-31,124.95999908447266,128.9499969482422,124.70999908447266,127.86000061035156,120.44903564453124,3758000.0,0.0110707066980959,0.01100987497967,4.239997863769531,58.43942840486815,COF
2022-06-01,127.76000213623048,128.52999877929688,123.43000030517578,124.95999908447266,117.71712493896484,2400400.0,-0.0226810508772257,-0.0229422225663637,5.099998474121094,56.56279361712912,COF
2022-06-02,125.7300033569336,126.98999786376952,123.79000091552734,126.37000274658205,119.04540252685548,2070400.0,0.0112836393904398,0.0112204539947102,3.1999969482421733,65.37168582446174,COF
2022-06-03,124.87999725341795,125.73999786376952,123.58000183105467,124.0500030517578,116.85987091064452,1908600.0,-0.0183588073946655,-0.0185294217090704,2.159996032714844,59.231312505479146,COF
2022-06-06,125.26000213623048,127.36000061035156,123.48999786376952,125.68000030517578,118.3954086303711,1758100.0,0.0131399915793224,0.0130544107622445,3.8700027465820455,64.54658353099119,COF
2022-06-07,124.4800033569336,128.61000061035156,124.16999816894533,128.22999572753906,120.79759979248048,1914500.0,0.0202895635050257,0.0200864727974745,4.440002441406236,60.75357218429467,COF
2022-06-08,126.5999984741211,127.9499969482422,124.33000183105467,125.16999816894533,117.91496276855467,2043400.0,-0.0238633634184612,-0.0241527058701615,3.619995117187528,66.13773843901026,COF
2022-06-09,124.87000274658205,125.0500030517578,119.23999786376952,119.33999633789062,112.42288208007812,2844100.0,-0.0465766223346606,-0.047696216200157,5.810005187988281,57.87268045097863,COF
2022-06-10,115.83999633789062,117.19000244140624,111.44000244140624,112.58000183105467,106.0546875,3779300.0,-0.0566450037772746,-0.0583126130829347,5.75,48.74326750448834,COF
2022-06-13,109.01000213623048,110.91000366210938,106.27999877929688,107.01000213623048,100.80754089355467,4449700.0,-0.0494758575046041,-0.0507417175914817,4.6300048828125,36.90873345818774,COF
2022-06-14,108.11000061035156,108.5500030517578,105.54000091552734,106.58000183105467,100.4024658203125,2054200.0,-0.0040183013061483,-0.0040263963717274,3.0100021362304545,38.21569914211078,COF
2022-06-15,108.70999908447266,109.58000183105467,105.6999969482422,108.16999816894533,101.9002914428711,3081600.0,0.0149182155071689,0.0148080333923361,3.880004882812472,35.54807168918887,COF
2022-06-16,104.83000183105467,104.94000244140624,98.54000091552734,102.11000061035156,96.1915512084961,4951500.0,-0.0560228057598394,-0.0576532717723587,6.400001525878892,24.40313064974224,COF
2022-06-17,104.26000213623048,108.23999786376952,103.0199966430664,107.26000213623048,101.04303741455078,10006800.0,0.0504356790705977,0.0492050105569574,5.220001220703111,29.42561566470546,COF
2022-06-21,110.69000244140624,111.30999755859376,105.37000274658205,106.45999908447266,100.28941345214844,2917500.0,-0.0074584452495271,-0.0074863985310443,5.939994812011719,26.769414662416736,COF
2022-06-22,104.6999969482422,106.75,104.31999969482422,105.62999725341795,99.50753021240234,2311200.0,-0.0077962689463645,-0.0078268187376231,2.430000305175781,28.029086536071745,COF
2022-06-23,105.33000183105467,105.66000366210938,102.37000274658205,104.20999908447266,98.16983795166016,2486300.0,-0.0134431259411909,-0.0135343028155541,3.290000915527329,24.818163010170665,COF
2022-06-24,105.43000030517578,111.6999969482422,105.30999755859376,110.08999633789062,103.70901489257812,4053700.0,0.0564244278741248,0.0548900248710727,6.3899993896484375,35.32378355431128,COF
2022-06-27,111.25,111.25,109.0,109.5999984741211,103.24740600585938,2187400.0,-0.0044510005923485,-0.0044609357874858,2.25,32.679826822606586,COF
2022-06-28,111.58000183105467,113.37000274658205,108.19000244140624,108.5199966430664,102.23001098632812,1692700.0,-0.0098539523547304,-0.0099028238599208,5.18000030517581,28.075594570056825,COF
2022-06-29,107.9000015258789,108.0199966430664,105.3499984741211,105.61000061035156,99.48869323730467,2438900.0,-0.0268151956805527,-0.0271812823341626,2.6699981689453125,28.16960683078365,COF
2022-06-30,103.0,106.04000091552734,101.56999969482422,104.19000244140624,98.15100860595705,2177900.0,-0.0134455945476831,-0.0135368050631646,4.470001220703125,31.245329235860492,COF
2022-07-01,103.7300033569336,107.52999877929688,103.72000122070312,106.81999969482422,100.62855529785156,1536800.0,0.0252421928932082,0.0249288704287618,3.80999755859375,42.05735122791468,COF
2022-07-05,103.68000030517578,106.69000244140624,102.48999786376952,106.66000366210938,100.4778289794922,1890100.0,-0.0014978483782582,-0.001498971274566,4.200004577636719,49.43273969819278,COF
2022-07-06,106.26000213623048,107.68000030517578,104.95999908447266,106.04000091552734,99.89376068115234,1576400.0,-0.0058129072281116,-0.0058298679326054,2.720001220703125,49.13014425800236,COF
2022-07-07,108.0500030517578,109.5,106.87999725341795,108.83999633789062,102.5314712524414,2517100.0,0.0264051583732869,0.0260625600016013,2.620002746582045,51.038785511195975,COF
2022-07-08,109.5,110.41000366210938,107.38999938964844,108.61000061035156,102.3147964477539,1879300.0,-0.0021132516879039,-0.002115487755056,3.020004272460937,62.30130727809901,COF
2022-07-11,107.37000274658205,108.91000366210938,106.86000061035156,107.16999816894533,100.95826721191406,1784200.0,-0.0132583876715479,-0.0133470647758383,2.0500030517578125,49.80187988546799,COF
2022-07-12,104.0,109.12000274658205,103.75,107.04000091552734,100.83580780029295,2510200.0,-0.0012129706165029,-0.0012137068607831,5.3700027465820455,51.31582186825132,COF
2022-07-13,104.9499969482422,106.27999877929688,102.8000030517578,105.52999877929688,99.41331481933594,2064600.0,-0.0141070222174873,-0.0142074720733149,3.4799957275390767,49.77990229365729,COF
2022-07-14,102.68000030517578,104.45999908447266,101.9800033569336,103.4499969482422,97.4538803100586,2788500.0,-0.019709980628231,-0.0199068129641135,2.4799957275390625,48.37465767043388,COF
2022-07-15,106.5199966430664,108.9800033569336,104.37999725341795,108.1500015258789,101.8814697265625,4156600.0,0.0454326641732183,0.0444308324305305,4.600006103515639,45.63065002152389,COF
2022-07-18,110.4499969482422,113.25,109.70999908447266,110.48999786376952,104.0858383178711,3418600.0,0.0216365998372898,0.0214058510902377,3.540000915527344,51.85035394049032,COF
2022-07-19,110.43000030517578,113.77999877929688,110.12000274658205,113.0199966430664,106.4691925048828,2490500.0,0.0228979679227168,0.0226397438943532,3.6599960327148295,58.82355556713033,COF
2022-07-20,112.5500030517578,114.94000244140624,112.4499969482422,114.76000213623048,108.10834503173828,2092300.0,0.0153955570460468,0.0152782479514116,2.490005493164034,68.80394841390714,COF
2022-07-21,113.1999969482422,114.58000183105467,111.45999908447266,114.2699966430664,107.646728515625,3507800.0,-0.0042699434162807,-0.0042790856585226,3.120002746582017,71.53837501276251,COF
2022-07-22,109.38999938964844,111.87999725341795,107.52999877929688,108.93000030517578,102.61624145507812,4201500.0,-0.0467314439548127,-0.0478586143492813,4.34999847412108,54.04056038368032,COF
2022-07-25,109.6999969482422,111.75,107.87000274658205,110.93000030517578,104.50033569335938,2435900.0,0.0183605851429087,0.0181940647851738,3.8799972534179545,57.63862850718457,COF
2022-07-26,109.5,110.41000366210938,106.33999633789062,106.36000061035156,100.19522094726562,2372000.0,-0.041197137956824,-0.0420697914001051,4.07000732421875,50.50157977381752,COF
2022-07-27,107.54000091552734,109.5500030517578,106.4499969482422,108.94000244140624,102.62567138671876,2613300.0,0.0242571493577754,0.0239676175110616,3.1000061035155966,50.15782185137931,COF
2022-07-28,108.77999877929688,109.33999633789062,105.0500030517578,107.70999908447266,101.46697235107422,3337100.0,-0.0112905379325439,-0.0113547599140054,4.289993286132827,48.62302926127873,COF
2022-07-29,107.93000030517578,110.08999633789062,107.5999984741211,109.83000183105467,103.46409606933594,2366100.0,0.0196825003445624,0.0194913046683213,2.4899978637695312,53.986816620807424,COF
2022-08-01,108.41999816894533,110.0199966430664,106.04000091552734,109.7300033569336,103.36988830566406,1898000.0,-0.0009105358017987,-0.0009109505913282,3.9799957275390634,54.03539320259426,COF
2022-08-02,108.83999633789062,109.05999755859376,106.8499984741211,106.94000244140624,100.7416000366211,2209400.0,-0.0254260531004071,-0.0257548810256763,2.2099990844726705,52.03699851338572,COF
2022-08-03,108.41000366210938,109.52999877929688,107.68000030517578,109.05999755859376,102.73871612548828,1553700.0,0.0198241450219294,0.0196302055911661,1.8499984741210935,58.09523074938154,COF
2022-08-04,107.45999908447266,107.97000122070312,106.11000061035156,106.88999938964844,100.69449615478516,3323200.0,-0.0198972699659421,-0.0200978862460747,1.8600006103515625,48.038597937728426,COF
2022-08-05,105.41999816894533,107.05999755859376,105.06999969482422,106.33000183105467,100.73239135742188,2455500.0,0.0003763383708526,0.0003762675733299,1.9899978637695452,44.03127496061298,COF
2022-08-08,107.0,109.58000183105467,106.95999908447266,107.81999969482422,102.14396667480467,2890700.0,0.0140131222773636,0.0139158461871925,2.620002746582017,42.02577561174319,COF
2022-08-09,107.93000030517578,108.0199966430664,105.5999984741211,106.37999725341795,100.77974700927734,1816500.0,-0.0133558516468289,-0.0134458432076098,2.4199981689453125,36.350216930281626,COF
2022-08-10,109.08000183105467,113.41999816894533,108.5,112.73999786376952,106.804931640625,3480200.0,0.0597856693447842,0.0580666889477206,4.919998168945327,48.70127852311864,COF
2022-08-11,114.9800033569336,116.5500030517578,114.33000183105467,115.2699966430664,109.2017593383789,2615100.0,0.0224411706551033,0.022193072467994,2.220001220703125,61.05879793608019,COF
2022-08-12,116.33999633789062,116.33999633789062,114.55999755859376,115.73999786376952,109.64700317382812,1594600.0,0.0040772588110926,0.0040689693160249,1.7799987792968608,59.08144632395981,COF
2022-08-15,113.06999969482422,114.19000244140624,112.12000274658205,113.66000366210938,107.67652130126952,2328200.0,-0.0179711420788648,-0.0181345841743908,2.0699996948241903,64.38626754767279,COF
2022-08-16,113.51000213623048,115.94000244140624,112.68000030517578,115.45999908447266,109.38175201416016,2191600.0,0.0158366066463044,0.015712515993315,3.2600021362304545,63.36444998622098,COF
2022-08-17,113.1500015258789,114.25,112.02999877929688,113.61000061035156,107.62914276123048,1962600.0,-0.0160228668919363,-0.016152620911224,2.220001220703125,61.90977397487722,COF
2022-08-18,113.79000091552734,114.2699966430664,112.80999755859376,113.8499984741211,107.85652160644533,1699300.0,0.0021126141060072,0.0021103856748183,1.459999084472642,59.11273488412735,COF
2022-08-19,112.75,113.11000061035156,111.83000183105467,112.20999908447266,106.30284118652344,2157200.0,-0.0144050669980909,-0.014509827245004,1.2799987792968892,55.73739908793341,COF
2022-08-22,109.83999633789062,109.9499969482422,107.88999938964844,109.0,103.2618408203125,2271500.0,-0.0286069528553339,-0.0290241066577036,2.059997558593764,54.851717935815664,COF
2022-08-23,109.72000122070312,111.33000183105467,109.18000030517578,109.80999755859376,104.02919006347656,1809700.0,0.0074311017222647,0.0074036271129835,2.150001525878892,52.6077664556238,COF
2022-08-24,109.8499984741211,111.20999908447266,108.83999633789062,110.36000061035156,104.55022430419922,1662700.0,0.0050085388572642,0.0049960378503324,2.3700027465820312,58.30270475584648,COF
2022-08-25,111.19000244140624,113.68000030517578,110.56999969482422,113.66000366210938,107.67652130126952,1565500.0,0.0299023461487182,0.0294639881824823,3.1100006103515625,63.19769669140088,COF
2022-08-26,114.0,114.41000366210938,109.68000030517578,109.81999969482422,104.03865051269533,2212200.0,-0.0337851812503836,-0.0343690898343221,4.730003356933594,53.31999843852861,COF
2022-08-29,108.8499984741211,108.93000030517578,106.61000061035156,107.1999969482422,101.55660247802734,2329600.0,-0.0238569802898885,-0.0241461667162527,2.3199996948242188,51.30994412050909,COF
2022-08-30,107.97000122070312,108.02999877929688,105.98999786376952,106.83000183105467,101.20606994628906,1542600.0,-0.0034515976626346,-0.0034575681683283,2.040000915527358,38.32480057528501,COF
2022-08-31,107.36000061035156,107.93000030517578,105.66999816894533,105.81999969482422,100.24923706054688,2845900.0,-0.0094543033461331,-0.0094992789719583,2.2600021362304545,30.138687705375037,COF
2022-09-01,105.30999755859376,105.45999908447266,102.26000213623048,104.80999755859376,99.29241180419922,2016600.0,-0.0095444642214062,-0.0095903045340419,3.1999969482421733,27.53803993974381,COF
2022-09-02,106.72000122070312,107.45999908447266,103.6500015258789,104.22000122070312,98.73346710205078,1863600.0,-0.0056292791361605,-0.005645183241807,3.80999755859375,29.33449173650466,COF
2022-09-06,104.63999938964844,104.93000030517578,101.12000274658205,102.16999816894533,96.79138946533205,2253700.0,-0.0196699021488975,-0.0198659294915968,3.809997558593736,21.22134593035825,COF
2022-09-07,101.69000244140624,105.1999969482422,101.69000244140624,104.88999938964844,99.3681869506836,2402700.0,0.0266221768236365,0.0262739731157254,3.509994506835966,31.80299546915117,COF
2022-09-08,103.8499984741211,106.55999755859376,102.37000274658205,106.44000244140624,100.83660125732422,2182200.0,0.0147775092985182,0.0146693858037774,4.189994812011719,35.33833148757493,COF
2022-09-09,107.48999786376952,108.9499969482422,106.97000122070312,108.31999969482422,102.61762237548828,1725800.0,0.017662446928562,0.0175082785924726,1.9799957275390767,42.37552890605983,COF
2022-09-12,109.68000030517578,111.37000274658205,109.1500015258789,109.79000091552734,104.01024627685548,2208600.0,0.0135710014433139,0.0134797401476112,2.220001220703139,51.66174442253898,COF
2022-09-13,105.93000030517578,106.33000183105467,100.83999633789062,101.04000091552734,95.72087097167967,3118600.0,-0.0796976798142662,-0.0830530540215929,5.490005493164048,36.17155988047217,COF
2022-09-14,101.54000091552734,101.62000274658205,98.52999877929688,100.6500015258789,95.35140228271484,3350100.0,-0.0038598550683281,-0.0038673235332248,3.0900039672851705,34.61175997312658,COF
2022-09-15,100.94000244140624,104.79000091552734,100.86000061035156,102.7699966430664,97.35979461669922,3272100.0,0.0210630602791717,0.0208443005261602,3.930000305175781,32.07110282352481,COF
2022-09-16,101.55999755859376,102.20999908447266,99.41999816894533,101.68000030517578,96.32718658447266,5629200.0,-0.0106061032307215,-0.0106627488256279,2.790000915527329,35.264321901082454,COF
2022-09-19,100.08999633789062,102.8499984741211,99.79000091552734,102.4800033569336,97.08507537841795,1949800.0,0.0078678597477845,0.0078370695358775,3.05999755859375,40.85270611267943,COF
2022-09-20,101.0,101.5999984741211,99.56999969482422,101.37000274658205,96.03350067138672,2833800.0,-0.0108314764440611,-0.0108905639422996,2.029998779296875,39.71363574158031,COF
2022-09-21,102.0500030517578,103.4000015258789,99.4000015258789,99.48999786376952,94.2524642944336,3386200.0,-0.0185459903523416,-0.018720123574195,4.0,38.45311061705223,COF
2022-09-22,99.62000274658205,99.95999908447266,95.3499984741211,95.47000122070312,90.4441146850586,2446400.0,-0.0404058359416276,-0.0412448296749695,4.6100006103515625,34.64827332057644,COF
2022-09-23,93.73999786376952,95.0,92.19000244140624,93.77999877929688,88.84305572509766,2544300.0,-0.017702190634914,-0.0178607484116223,2.809997558593764,33.43907611333961,COF
2022-09-26,92.9499969482422,94.6500015258789,90.8499984741211,91.3000030517578,86.4936294555664,2547800.0,-0.0264446810204385,-0.0268006309465904,3.800003051757813,32.98905147390208,COF
2022-09-27,92.98999786376952,93.4499969482422,90.2699966430664,91.38999938964844,86.57888793945312,2736000.0,0.0009857198087694,0.000985234306019,3.1800003051757955,26.97820019715876,COF
2022-09-28,92.06999969482422,95.66000366210938,91.41999816894533,95.04000091552734,90.03673553466797,3483600.0,0.0399386926479468,0.0391617620387242,4.240005493164048,31.858679270430716,COF
2022-09-29,93.33999633789062,94.47000122070312,91.94000244140624,93.68000030517578,88.74834442138672,2463100.0,-0.0143096160209535,-0.0144129858832897,2.529998779296889,26.310703143936134,COF
2022-09-30,93.79000091552734,94.61000061035156,92.0199966430664,92.16999816894533,87.31782531738281,2396500.0,-0.0161188258026724,-0.0162501471512545,2.590003967285156,21.52551994767137,COF
2022-10-03,94.0999984741211,95.94000244140624,91.95999908447266,95.56999969482422,90.53883361816406,2158100.0,0.0368883247959226,0.0362242327983095,3.98000335693358,39.31222612599118,COF
2022-10-04,97.7300033569336,99.97000122070312,97.4000015258789,99.87000274658205,94.61247253417967,3165800.0,0.0449932780578514,0.0440104529155609,2.5699996948242188,48.67798013086838,COF
2022-10-05,97.44000244140624,99.43000030517578,96.86000061035156,98.94000244140624,93.7314224243164,2515000.0,-0.0093121983419783,-0.0093558279304535,2.5699996948242188,43.23561021430281,COF
2022-10-06,97.72000122070312,98.45999908447266,96.12999725341795,96.7300033569336,91.63777923583984,2302100.0,-0.0223366202531182,-0.0225898606830005,2.3300018310547017,41.59022410927385,COF
2022-10-07,95.29000091552734,95.8499984741211,93.31999969482422,93.87000274658205,88.92833709716797,2958100.0,-0.0295668681767028,-0.0300127794956299,2.529998779296875,36.328990131380415,COF
2022-10-10,94.5500030517578,95.12000274658205,92.69000244140624,93.0500030517578,88.1514892578125,1717600.0,-0.0087356613731193,-0.0087740409403417,2.4300003051758097,36.66665548145495,COF
2022-10-11,92.33999633789062,95.79000091552734,92.19000244140624,93.76000213623048,88.8241195678711,2486800.0,0.0076303907707262,0.0076014265844673,3.599998474121108,40.459553292380924,COF
2022-10-12,93.87000274658205,94.81999969482422,92.9800033569336,93.48999786376952,88.56834411621094,1860000.0,-0.0028795720453465,-0.0028837259892323,1.839996337890625,46.23286863144256,COF
2022-10-13,92.75,98.25,90.70999908447266,97.81999969482422,92.67040252685548,2806700.0,0.0463151756033985,0.0452746353648623,7.540000915527344,56.98483730385267,COF
2022-10-14,98.91999816894533,99.58999633789062,95.2699966430664,95.38999938964844,90.36831665039062,2866300.0,-0.0248416518510073,-0.0251554128131583,4.319999694824219,57.08347222822745,COF
2022-10-17,98.23999786376952,98.8499984741211,96.38999938964844,97.47000122070312,92.3388214111328,1878500.0,0.0218052613325254,0.0215709269838304,2.459999084472656,59.85094265371032,COF
2022-10-18,100.0,100.41000366210938,98.0500030517578,99.58999633789062,94.34720611572266,2309400.0,0.0217501661153725,0.0215170060415097,2.3600006103515767,57.75655662713854,COF
2022-10-19,96.66999816894533,97.87000274658205,94.58000183105467,95.2300033569336,90.21674346923828,2931100.0,-0.0437793848544715,-0.0447666235731228,3.290000915527372,52.39714732667742,COF
2022-10-20,95.1999969482422,97.70999908447266,94.33000183105467,94.9800033569336,89.97990417480469,3534900.0,-0.0026252254883745,-0.0026286774355569,3.379997253417983,54.5220581945878,COF
2022-10-21,94.62000274658205,96.25,92.94000244140624,96.25,91.18303680419922,3593600.0,0.0133711259244864,0.0132825213747843,3.309997558593764,51.1748459386092,COF
2022-10-24,97.56999969482422,98.5,96.43000030517578,97.55999755859376,92.42406463623048,2836900.0,0.0136102928299719,0.0135185046989357,2.0699996948242188,45.54910080164264,COF
2022-10-25,97.22000122070312,102.3499984741211,97.22000122070312,101.58000183105467,96.2324447631836,2769300.0,0.041205503587647,0.0403791799364884,5.129997253417969,54.545459587626006,COF
2022-10-26,101.6999969482422,103.55999755859376,101.6500015258789,101.91999816894533,96.55455017089844,2191900.0,0.0033471601860215,0.0033415709140192,1.909996032714858,59.55095678371046,COF
2022-10-27,103.13999938964844,104.02999877929688,101.52999877929688,102.12999725341795,96.75347900390624,3468900.0,0.0020602740384134,0.0020581545844614,2.5,66.84335662084811,COF
2022-10-28,99.0,107.41999816894533,98.51000213623048,107.0999984741211,101.46185302734376,4403200.0,0.048663614703172,0.0475166056361877,8.909996032714844,74.50299241068693,COF
2022-10-31,106.06999969482422,107.08999633789062,105.0500030517578,106.0199966430664,100.43870544433594,2886900.0,-0.0100840616692865,-0.0101352502356826,2.0399932861328267,71.10882599837097,COF
2022-11-01,107.48999786376952,108.33000183105467,106.0,106.80999755859376,101.18712615966795,1907500.0,0.0074515169428064,0.0074238915396585,2.3300018310546733,72.53043913929379,COF
2022-11-02,106.33000183105467,107.66000366210938,102.9800033569336,103.20999908447266,97.77664184570312,2617900.0,-0.0337047255258862,-0.0342858243188393,4.680000305175781,59.34788225845872,COF
2022-11-03,100.95999908447266,101.0999984741211,98.3499984741211,98.81999969482422,93.61774444580078,2622500.0,-0.0425346720995523,-0.0434657696530011,2.75,55.569984811355575,COF
2022-11-04,100.70999908447266,102.72000122070312,100.19000244140624,102.52999877929688,97.13243865966795,2301300.0,0.0375430345462122,0.0368554513431695,2.529998779296889,57.80381856251324,COF
2022-11-07,103.73999786376952,104.79000091552734,101.83999633789062,104.73999786376952,99.22610473632812,2452400.0,0.0215547566348657,0.0213257379846212,2.9500045776367188,57.92066000318568,COF
2022-11-08,104.73999786376952,106.41000366210938,103.9800033569336,105.54000091552734,99.98397827148438,1801800.0,0.0076378442665883,0.0076088236105629,2.430000305175781,67.8065426589744,COF
2022-11-09,104.31999969482422,104.31999969482422,101.38999938964844,101.47000122070312,96.12824249267578,1751500.0,-0.0385635363331832,-0.0393267965664381,2.930000305175781,59.90234235323521,COF
2022-11-10,106.5500030517578,114.12000274658205,106.5500030517578,113.41999816894533,108.0882797241211,3765000.0,0.1244175168640639,0.1172651387834477,7.569999694824247,70.22072471793427,COF
2022-11-11,114.83000183105467,118.4000015258789,114.26000213623048,116.25,110.78524780273438,4476200.0,0.0249515311511745,0.0246453247905401,4.139999389648423,71.22301638043166,COF
2022-11-14,114.4000015258789,115.52999877929688,111.44000244140624,111.56999969482422,106.3252410888672,3096900.0,-0.0402581282465398,-0.0410909142660745,4.089996337890639,61.49276708277698,COF
2022-11-15,109.51000213623048,110.13999938964844,103.33999633789062,103.55999755859376,98.69178771972656,5862100.0,-0.0717934263865017,-0.074500970091221,6.8000030517578125,52.086303052402,COF
2022-11-16,103.95999908447266,104.2300033569336,100.16000366210938,101.76000213623048,96.97640228271484,3455600.0,-0.0173812378582421,-0.0175340650458445,4.069999694824219,50.21135319426947,COF
2022-11-17,99.68000030517578,100.01000213623048,97.5500030517578,99.44000244140624,94.76546478271484,2923900.0,-0.0227987164707808,-0.0230626261229312,2.4599990844726847,43.3355621297372,COF
2022-11-18,101.13999938964844,101.58999633789062,98.22000122070312,98.95999908447266,94.30803680419922,2773300.0,-0.0048269480824523,-0.0048386354209657,3.3699951171875,43.82909562456256,COF
2022-11-21,98.19000244140624,101.41000366210938,98.0500030517578,101.30999755859376,96.54755401611328,2227200.0,0.0237468331205294,0.0234692627693973,3.3600006103515767,45.46607597918976,COF
2022-11-22,102.08999633789062,103.52999877929688,101.0500030517578,101.5500030517578,96.7762680053711,1946700.0,0.0023689257753711,0.0023661242941682,2.4799957275390767,48.95758155677551,COF
2022-11-23,101.08999633789062,102.0,100.1500015258789,101.62999725341795,96.85250854492188,1284400.0,0.0007878020213234,0.0007874918681931,1.8499984741210935,53.68418637897155,COF
2022-11-25,101.13999938964844,101.9499969482422,100.9000015258789,101.72000122070312,96.93829345703124,589200.0,0.0008857273125721,0.0008853352876038,1.0499954223632957,49.76014725019054,COF
2022-11-28,100.12000274658205,101.2699966430664,99.12999725341795,99.58000183105467,94.8988800048828,1628100.0,-0.0210382644403825,-0.0212627224456913,2.139999389648452,44.64684209950085,COF
2022-11-29,99.80999755859376,102.16000366210938,99.27999877929688,102.08000183105467,97.2813491821289,1490000.0,0.0251053455754537,0.024795383480437,2.8800048828125,46.78580560420474,COF
2022-11-30,102.1500015258789,103.37000274658205,98.5,103.23999786376952,98.3868408203125,3160300.0,0.0113638600561953,0.0112997764330683,4.8700027465820455,52.87413100543857,COF
2022-12-01,100.02999877929688,102.06999969482422,98.45999908447266,99.31999969482422,94.65110778808594,2353100.0,-0.037969844351942,-0.038709481980229,3.6100006103515625,28.374260360478715,COF
2022-12-02,98.1500015258789,100.25,97.5,97.69000244140624,93.09773254394533,2915600.0,-0.0164115907403689,-0.0165477527074664,2.75,20.445888421576512,COF
2022-12-05,96.33000183105467,96.88999938964844,94.08999633789062,95.0199966430664,90.55323791503906,3462400.0,-0.0273314350347381,-0.0277118869259021,2.8000030517578125,21.84419368247636,COF
2022-12-06,95.0999984741211,96.72000122070312,92.76000213623048,94.02999877929688,89.60977172851562,3408800.0,-0.0104189116617634,-0.0104735684964928,3.959999084472642,28.699165286452327,COF
2022-12-07,93.4499969482422,94.97000122070312,92.7300033569336,93.2300033569336,88.84738159179688,2913900.0,-0.0085078906241219,-0.0085442893233655,2.2399978637695312,30.0421339948699,COF
2022-12-08,93.79000091552734,94.48999786376952,92.5,93.58000183105467,89.18093872070312,2786000.0,0.003754270783564,0.0037472410977418,1.989997863769517,34.89695118453626,COF
2022-12-09,93.0999984741211,95.41000366210938,93.0999984741211,94.41000366210938,89.97191619873047,1992800.0,0.0088693558217023,0.0088302541198782,2.310005187988281,38.48101409492062,COF
2022-12-12,94.93000030517578,98.11000061035156,94.23999786376952,97.5199966430664,92.93571472167967,2809800.0,0.0329413737993837,0.0324104351865861,3.8700027465820455,40.76062454697077,COF
2022-12-13,101.30999755859376,103.22000122070312,97.86000061035156,98.86000061035156,94.21272277832033,3411800.0,0.013740767588273,0.0136472192181215,5.3600006103515625,43.77605051340655,COF
2022-12-14,98.23999786376952,99.3000030517578,95.18000030517578,96.5999984741211,92.0589599609375,3348200.0,-0.0228606365878052,-0.0231259928826024,4.120002746582017,39.42835375087327,COF
2022-12-15,94.9800033569336,95.48999786376952,92.3000030517578,93.8499984741211,89.438232421875,3385000.0,-0.0284679246884228,-0.0288809944342406,3.1899948120117188,35.122861307647284,COF
2022-12-16,91.75,92.79000091552734,89.22000122070312,90.0999984741211,85.8645248413086,6729200.0,-0.0399572697692574,-0.0407774848538014,3.5699996948242188,33.10764564017431,COF
2022-12-19,89.83000183105469,90.4800033569336,86.9800033569336,87.87000274658203,83.7393569946289,5174600.0,-0.0247502429042417,-0.025061679664094,3.5,24.433304736658076,COF
2022-12-20,87.7699966430664,88.94999694824219,87.30999755859375,88.38999938964844,84.23491668701172,4167900.0,0.0059178827037638,0.0059004408147893,1.6399993896484375,22.65194005521744,COF
2022-12-21,89.33000183105469,90.3499984741211,88.91999816894531,89.72000122070312,85.50237274169922,4594900.0,0.0150466825935964,0.0149346041391693,1.4300003051757812,30.455971854740184,COF
2022-12-22,88.44999694824219,89.5,87.22000122070312,89.48999786376953,85.28321075439453,4602100.0,-0.002563226964084,-0.0025665176547128,2.279998779296875,32.29704509732551,COF
2022-12-23,89.80999755859375,90.76000213623048,89.11000061035156,90.69000244140624,86.42680358886719,1902600.0,0.0134093548349869,0.0133202451548068,1.6500015258789205,40.01846231981522,COF
2022-12-27,90.83000183105467,91.44000244140624,89.91000366210938,90.75,86.48397827148438,1801500.0,0.0006615387847637,0.0006613200644378,1.5299987792968608,42.1002154150152,COF
2022-12-28,91.06999969482422,91.94000244140624,89.54000091552734,89.69999694824219,85.48332977294922,2231900.0,-0.0115703338182939,-0.011637790969959,2.400001525878892,41.59923760546846,COF
2022-12-29,90.12000274658205,92.80999755859376,89.93000030517578,92.66999816894533,88.31371307373047,1740600.0,0.0331103538935484,0.0325740129830919,2.879997253417983,48.07446875909456,COF
2022-12-30,91.51000213623048,93.06999969482422,91.23999786376952,92.95999908447266,88.59008026123047,2065500.0,0.0031293802273864,0.0031244939085283,1.8300018310547017,46.86010839837791,COF
2023-01-03,92.66000366210938,95.5999984741211,92.41000366210938,92.97000122070312,88.599609375,2619400.0,0.0001075641171273,0.0001075583325224,3.1899948120117188,38.61929374750201,COF
2023-01-04,94.55999755859376,97.9800033569336,94.2300033569336,95.8000030517578,91.29656219482422,3177500.0,0.0304397822840201,0.029985684205754,3.75,42.87705608763692,COF
2023-01-05,92.5,94.36000061035156,91.52999877929688,93.9800033569336,89.56212615966797,3406400.0,-0.0189978241618234,-0.0191806014394411,2.8300018310546875,43.77375045993181,COF
2023-01-06,94.31999969482422,97.76000213623048,94.20999908447266,97.06999969482422,92.5068817138672,3668600.0,0.0328794735059039,0.0323505071501553,3.5500030517578267,57.53046718725313,COF
2023-01-09,97.83999633789062,99.43000030517578,96.58000183105467,97.4499969482422,92.86901092529295,4384000.0,0.0039146191582357,0.0039069769743258,2.849998474121108,70.40539999911094,COF
2023-01-10,96.5999984741211,98.52999877929688,95.3499984741211,98.5,93.8696517944336,3196000.0,0.0107747553158026,0.0107171212653359,3.180000305175781,81.58061226237207,COF
2023-01-11,99.2300033569336,102.68000030517578,98.81999969482422,101.79000091552734,97.0049819946289,4095000.0,0.0334008930496665,0.0328552010564326,3.8600006103515625,84.18375516085868,COF
2023-01-12,102.62000274658205,102.83000183105467,99.68000030517578,101.0199966430664,96.27118682861328,2581700.0,-0.0075645100996591,-0.0075932661147465,3.150001525878892,79.67449694906588,COF
2023-01-13,99.41000366210938,103.36000061035156,98.62999725341795,102.8499984741211,98.01516723632812,3229300.0,0.0181152893733362,0.0179531625738309,4.730003356933608,82.36436295962724,COF
2023-01-17,103.0,104.33999633789062,102.37000274658205,103.62999725341795,98.75849151611328,3493400.0,0.0075837679080106,0.007555155707972,1.9699935913085795,81.99803221700252,COF
2023-01-18,103.3499984741211,104.63999938964844,101.8499984741211,101.9000015258789,97.10980987548828,2670900.0,-0.0166940747607106,-0.0168349913428412,2.790000915527344,75.46822992611968,COF
2023-01-19,97.30999755859376,98.56999969482422,94.01000213623048,97.91000366210938,93.3073959350586,5115500.0,-0.0391558169592242,-0.0399430235942636,4.559997558593736,66.5324743996492,COF
2023-01-20,99.0500030517578,104.33999633789062,98.87999725341795,104.18000030517578,99.28263854980467,4136700.0,0.0640382528615932,0.0620713422107848,5.459999084472671,70.45862750137104,COF
2023-01-23,104.29000091552734,107.3499984741211,103.8000030517578,107.12000274658205,102.08444213867188,3567400.0,0.0282204787240993,0.02782961750385,3.5499954223632955,73.00200247767273,COF
2023-01-24,105.76000213623048,108.88999938964844,105.76000213623048,106.51000213623048,101.50311279296876,3621400.0,-0.0056945929617113,-0.0057108689758065,3.1299972534179545,71.57429017237106,COF
2023-01-25,104.94000244140624,116.68000030517578,103.11000061035156,116.08999633789062,110.63277435302734,10490300.0,0.0899446461181927,0.0861269115737281,13.56999969482422,76.60639720233678,COF
2023-01-26,116.5,117.83000183105467,114.52999877929688,116.06999969482422,110.61370086669922,4884000.0,-0.0001724035796776,-0.0001724184428831,3.3000030517577983,80.40187783329912,COF
2023-01-27,117.31999969482422,119.44000244140624,116.45999908447266,117.58000183105467,112.05272674560548,3612200.0,0.013009472313384,0.0129255759764156,2.9800033569335795,79.51079530492878,COF
2023-01-30,116.44000244140624,117.4499969482422,115.0,115.0,109.59400939941406,4310700.0,-0.0219425034767201,-0.022186820774274,2.4499969482422017,73.74831570807643,COF
2023-01-31,116.06999969482422,119.0199966430664,114.8000030517578,119.0,113.4059829711914,4298500.0,0.0347826819428118,0.0341914355333471,4.219993591308608,75.68923547852216,COF
2023-02-01,113.0,117.6999969482422,111.93000030517578,116.33000183105467,110.86149597167967,6732300.0,-0.0224369731900133,-0.0226925116462308,5.7699966430664205,68.50816827117578,COF
2023-02-02,118.1999969482422,123.08999633789062,117.51000213623048,121.81999969482422,116.09341430664062,5893500.0,0.0471932864436313,0.0461135246339036,5.579994201660142,73.63636479421723,COF
2023-02-03,118.79000091552734,123.04000091552734,117.75,121.44000244140624,116.30410766601562,3205700.0,0.0018148605640841,0.0018132156944892,5.290000915527344,72.63575401522766,COF
2023-02-06,119.62000274658205,120.05999755859376,117.37999725341795,117.63999938964844,112.66481018066406,2541900.0,-0.0312912205629257,-0.0317912494783722,2.6800003051758097,66.06021175140839,COF
2023-02-07,117.5500030517578,120.94000244140624,117.3499984741211,120.0999984741211,115.0207748413086,2953500.0,0.0209112735100394,0.0206956338491112,3.590003967285142,70.35262817869747,COF
2023-02-08,118.5199966430664,119.33000183105467,117.19000244140624,117.22000122070312,112.2625732421875,2322100.0,-0.0239800297200789,-0.024272231425997,2.139999389648437,72.06276659436415,COF
2023-02-09,117.6999969482422,118.55999755859376,114.93000030517578,115.5999984741211,110.7110824584961,2180300.0,-0.0138201961605166,-0.0139165841693124,3.629997253417983,64.82917848108008,COF
2023-02-10,115.0,115.80999755859376,114.1500015258789,115.38999938964844,110.50997161865234,1666600.0,-0.0018165375622548,-0.001818189467414,1.659996032714858,61.723961702856776,COF
2023-02-13,114.97000122070312,117.54000091552734,114.47000122070312,117.37000274658205,112.40623474121094,2157400.0,0.0171592037784809,0.0170136473699608,3.0699996948242188,64.63589636869297,COF
2023-02-14,116.44000244140624,117.4000015258789,114.2300033569336,115.3499984741211,110.47166442871094,2831100.0,-0.017210524994044,-0.0173603475846058,3.1699981689453125,49.73195510930347,COF
2023-02-15,113.76000213623048,115.88999938964844,112.95999908447266,114.62999725341795,109.78211212158205,2097200.0,-0.0062418929840046,-0.0062614550433544,2.930000305175781,48.6466466019032,COF
2023-02-16,112.9000015258789,113.72000122070312,111.51000213623048,111.5500030517578,106.83235931396484,2284400.0,-0.0268691570112113,-0.0272367320560482,2.209999084472642,41.90238803836425,COF
2023-02-17,110.88999938964844,111.45999908447266,109.22000122070312,111.16999816894533,106.46843719482422,2651600.0,-0.0034064783505446,-0.0034122936080426,2.2399978637695312,44.81477215627259,COF
2023-02-21,110.33999633789062,110.33999633789062,107.80999755859376,108.1500015258789,103.57616424560548,3325300.0,-0.0271655433800181,-0.0275413483522979,2.529998779296861,33.17935025267259,COF
2023-02-22,108.56999969482422,109.4800033569336,107.8000030517578,108.58999633789062,103.99755096435548,2120200.0,0.0040683754010313,0.0040601219397092,1.6800003051757957,37.334211064993966,COF
2023-02-23,109.58000183105467,110.9000015258789,107.29000091552734,109.51000213623048,104.8786392211914,2030800.0,0.0084722019765437,0.0084365143005062,3.6100006103515625,25.34733927099755,COF
2023-02-24,107.55999755859376,109.75,107.2699966430664,109.63999938964844,105.0031509399414,1931900.0,0.0011871980765063,0.0011864939141349,2.4800033569335938,25.063408856061443,COF
2023-02-27,111.0,111.58999633789062,108.81999969482422,109.02999877929688,104.41893005371094,1792400.0,-0.0055638414752393,-0.0055793772939063,2.7699966430664062,28.969215154562438,COF
2023-02-28,109.44000244140624,110.58999633789062,109.01000213623048,109.08000183105467,104.46683502197266,2777500.0,0.0004587766627859,0.0004586714569488,1.579994201660142,19.49066938855444,COF
2023-03-01,109.48999786376952,109.81999969482422,108.08999633789062,108.58000183105467,103.98797607421876,1976200.0,-0.0045838370393165,-0.0045943750356211,1.7300033569335938,22.449062539374125,COF
2023-03-02,106.68000030517578,108.54000091552734,105.83999633789062,108.19000244140624,103.61447143554688,2178700.0,-0.0035918060219318,-0.0035982720449583,2.7000045776367188,24.35995468315416,COF
2023-03-03,109.1500015258789,110.37000274658205,108.2300033569336,109.77999877929688,105.13722229003906,1725400.0,0.0146963144568026,0.01458937014572,2.139999389648452,32.28050575580295,COF
2023-03-06,109.62999725341795,110.26000213623048,108.08999633789062,108.5,103.91136932373048,1758700.0,-0.0116595525315178,-0.0117280581311918,2.170005798339858,20.68744922345782,COF
2023-03-07,107.88999938964844,108.44000244140624,105.16000366210938,105.51000213623048,101.0478057861328,2823100.0,-0.0275577499963107,-0.027944588282403,3.279998779296861,19.44104406789046,COF
2023-03-08,106.0500030517578,106.77999877929688,104.22000122070312,104.94000244140624,100.5019302368164,2338500.0,-0.0054021514378227,-0.0054167958225019,2.55999755859375,19.623901076123715,COF
2023-03-09,104.68000030517578,105.08000183105467,100.61000061035156,100.94000244140624,96.67108154296876,2790600.0,-0.0381171653601166,-0.0388626292474976,4.470001220703111,18.55371438366544,COF
2023-03-10,99.62000274658205,101.43000030517578,96.4499969482422,98.19000244140624,94.03739166259766,5669100.0,-0.0272438234716602,-0.0276218175839549,4.98000335693358,16.26825539836429,COF
2023-03-13,94.68000030517578,96.08000183105467,90.62000274658205,93.31999969482422,89.37334442138672,7336300.0,-0.0495977946511463,-0.0508700099336313,5.459999084472628,14.841206826606822,COF
2023-03-14,96.91999816894533,99.1999969482422,94.12000274658205,96.06999969482422,92.0070571899414,5396100.0,0.0294686607691101,0.0290428058073178,5.079994201660156,23.247962469956175,COF
2023-03-15,91.54000091552734,93.04000091552734,89.55999755859375,92.93000030517578,88.9998550415039,6946200.0,-0.0326844726946256,-0.0332305417097404,3.4800033569335938,17.642583115830774,COF
2023-03-16,90.88999938964844,94.61000061035156,89.44000244140625,93.55999755859376,89.60320281982422,3983200.0,0.0067791995620549,0.0067563241153209,5.1699981689453125,19.219041263675663,COF
2023-03-17,92.61000061035156,92.6500015258789,89.43000030517578,89.70999908447266,85.916015625,6716500.0,-0.0411501718553352,-0.042020808493306,3.220001220703125,17.098147131157333,COF
2023-03-20,90.95999908447266,93.5999984741211,89.6500015258789,90.23999786376952,86.42359924316406,4952500.0,0.0059079045329513,0.00589052129703,3.949996948242188,18.431626638944792,COF
2023-03-21,93.9000015258789,95.83999633789062,93.36000061035156,94.55999755859376,90.56089782714844,4360500.0,0.047872324460169,0.0467617506720584,2.4799957275390625,29.17408428943945,COF
2023-03-22,94.8000030517578,95.4000015258789,90.95999908447266,91.01000213623048,87.16104888916016,2689900.0,-0.0375421293247059,-0.0382649845051311,4.44000244140625,26.670289943653856,COF
2023-03-23,91.33999633789062,92.83000183105467,88.30000305175781,89.91000366210938,86.1075668334961,4584000.0,-0.012086615169165,-0.0121602522525289,4.529998779296861,22.65346536390305,COF
2023-03-24,88.0999984741211,90.6500015258789,86.83999633789062,90.4499969482422,86.62472534179688,3069100.0,0.006005958910682,0.0059879950304636,3.810005187988281,24.64174588014197,COF
2023-03-27,93.27999877929688,93.77999877929688,90.62999725341795,91.75,87.8697509765625,2466900.0,0.0143726358710298,0.0142703286577844,3.1500015258789205,29.705030568046823,COF
2023-03-28,90.70999908447266,92.38999938964844,90.69000244140624,91.12000274658205,87.26639556884766,1941700.0,-0.0068664745377027,-0.0068901572474016,1.6999969482422017,29.652532349603263,COF
2023-03-29,92.95999908447266,94.23999786376952,92.26000213623048,94.12000274658205,90.13951110839844,2629800.0,0.0329235041830515,0.0323931352977859,1.979995727539034,39.65412311906,COF
2023-03-30,95.5199966430664,96.31999969482422,93.9499969482422,94.18000030517578,90.1969757080078,3410900.0,0.0006375073361586,0.0006373042146798,2.370002746582017,43.37627031216484,COF
2023-03-31,94.94000244140624,96.36000061035156,94.0199966430664,96.16000366210938,92.0932388305664,2533900.0,0.0210235776496245,0.0208056316187605,2.340003967285156,55.1862742131455,COF
2023-04-03,96.0500030517578,97.37999725341795,95.25,96.31999969482422,92.24646759033205,2060300.0,0.0016638437491329,0.0016624610945904,2.1299972534179545,50.50420103256776,COF
2023-04-04,97.4499969482422,97.94000244140624,95.0500030517578,96.62999725341795,92.5433578491211,2927200.0,0.0032184458282733,0.0032132777173862,2.889999389648437,58.42437517412705,COF
2023-04-05,95.5999984741211,95.5999984741211,92.94000244140624,94.83999633789062,90.82906341552734,2853800.0,-0.0185242298684327,-0.0186979521403169,2.659996032714858,52.76815488270712,COF
2023-04-06,94.9000015258789,95.68000030517578,94.37000274658205,94.93000030517578,90.9152603149414,2045900.0,0.0009490013017059,0.0009485512846592,1.3099975585937358,63.48144396031163,COF
2023-04-10,93.4000015258789,95.44000244140624,92.4499969482422,95.22000122070312,91.19300079345705,2421900.0,0.0030549379449997,0.0030502811039057,2.990005493164034,63.02306522167556,COF
2023-04-11,96.12999725341795,99.1500015258789,95.55999755859376,98.43000030517578,94.26725006103516,2899600.0,0.03371146075718,0.033155685652036,3.590003967285142,60.744100132211535,COF
2023-04-12,99.29000091552734,99.48999786376952,95.3000030517578,95.69000244140624,91.6431121826172,3419200.0,-0.0278372168140993,-0.028232016130159,4.189994812011719,63.60459951544563,COF
2023-04-13,95.55999755859376,96.52999877929688,94.52999877929688,95.87999725341795,91.8250732421875,2438900.0,0.0019855399411545,0.0019835713620898,2.0,68.32407029314896,COF
2023-04-14,97.77999877929688,98.5,95.93000030517578,96.58000183105467,92.49546813964844,2752800.0,0.0073007826053432,0.0072742608999236,2.5699996948242188,68.63217027046663,COF
2023-04-17,95.51000213623048,97.86000061035156,94.0,97.83000183105467,93.69261169433594,2505400.0,0.0129427265872104,0.0128596852547747,3.8600006103515625,68.5365434255254,COF
2023-04-18,98.0,98.04000091552734,96.1999969482422,97.5500030517578,93.42445373535156,2549400.0,-0.0028621035760986,-0.0028662072264574,1.840003967285142,70.03110576605708,COF
2023-04-19,98.0999984741211,99.68000030517578,96.9499969482422,99.3000030517578,95.10045623779295,2191200.0,0.017939655362493,0.0177806387313551,2.7300033569335795,67.50000403696569,COF
2023-04-20,97.6999969482422,97.6999969482422,96.25,97.2699966430664,93.1562957763672,2247200.0,-0.0204432295946561,-0.0206550847213373,1.4499969482422017,59.21285396964752,COF
2023-04-21,96.87000274658205,97.16999816894533,95.19000244140624,96.58999633789062,92.50505065917967,2540800.0,-0.0069908867861268,-0.0070154375230113,1.979995727539091,51.38977217077584,COF
2023-04-24,96.48999786376952,96.7300033569336,95.81999969482422,96.33999633789062,92.26563262939452,1404300.0,-0.0025881617066213,-0.0025915167873758,0.910003662109375,50.064303611343966,COF
2023-04-25,94.87999725341795,95.81999969482422,94.56999969482422,94.9499969482422,90.93441009521484,2635200.0,-0.0144281515906017,-0.0145332495071175,1.25,44.95194862519544,COF
2023-04-26,95.1999969482422,95.9800033569336,93.5500030517578,94.41999816894533,90.42682647705078,2271400.0,-0.0055818651886847,-0.0055975020137576,2.4300003051757955,48.63459785356151,COF
2023-04-27,95.0500030517578,97.0,94.05999755859376,95.98999786376952,91.930419921875,5042900.0,0.0166277365180542,0.0164910092686003,2.940002441406236,53.1434908272031,COF
2023-04-28,93.0,98.1999969482422,92.0,97.3000030517578,93.1850128173828,5343400.0,0.013647200747848,0.0135549163713524,6.199996948242202,55.81647960599854,COF
2023-05-01,97.29000091552734,97.4800033569336,92.8499984741211,93.16999816894533,89.22968292236328,3047300.0,-0.0424459875620866,-0.0433731496614835,4.6300048828125,36.01060025153132,COF
2023-05-02,91.6999969482422,92.69000244140624,88.30000305175781,89.55000305175781,85.76277923583984,6385600.0,-0.0388537039803214,-0.0396286484871208,4.389999389648423,34.40040446776574,COF
2023-05-03,89.88999938964844,90.5,87.56999969482422,88.02999877929688,84.30707550048828,4820500.0,-0.0169736072958702,-0.0171193100559009,2.930000305175781,31.31845152669767,COF
2023-05-04,86.70999908447266,87.20999908447266,83.93000030517578,85.62999725341797,82.00857543945312,5271300.0,-0.0272634301141407,-0.0276419735496015,3.279998779296875,25.89171020479459,COF
2023-05-05,87.44999694824219,89.38999938964844,87.05000305175781,88.01000213623047,84.28791046142578,2692200.0,0.027793861919422,0.0274146235007766,2.339996337890625,29.404334621063956,COF
2023-05-08,88.80999755859375,89.6500015258789,88.31999969482422,89.06999969482422,85.30308532714844,3118000.0,0.0120441337335945,0.0119721803230578,1.3300018310546875,32.77821567660541,COF
2023-05-09,87.98999786376953,89.38999938964844,87.37999725341797,89.01000213623047,85.24562072753906,2003000.0,-0.0006736520653267,-0.0006738790708335,2.0100021362304688,27.562082858672483,COF
2023-05-10,90.4499969482422,90.93000030517578,86.08000183105469,87.04000091552734,83.35894775390625,2156200.0,-0.0221321982001042,-0.0223807900676223,4.849998474121094,27.634424258299617,COF
2023-05-11,86.11000061035156,87.52999877929688,85.2300033569336,87.41999816894531,83.72286224365234,3009900.0,0.0043656319993439,0.0043561302719599,2.299995422363281,29.685353005020858,COF
2023-05-12,87.37000274658203,87.51000213623047,85.5199966430664,86.33999633789062,83.2599868774414,2641000.0,-0.005528661512597,-0.0055440011261369,1.9900054931640625,29.381609690113123,COF
2023-05-15,86.9800033569336,89.25,86.55000305175781,89.12000274658203,85.94082641601562,2541600.0,0.0321984141376385,0.0316909103407248,2.6999969482421875,39.23262159381526,COF
2023-05-16,94.0,94.4499969482422,90.87000274658205,90.9499969482422,87.70552825927734,8300300.0,0.0205339175436747,0.0203259389169952,3.579994201660156,44.4339718626,COF
2023-05-17,92.01000213623048,94.83999633789062,91.11000061035156,94.69000244140624,91.31211853027344,4784100.0,0.0411215842670054,0.0402985784582897,3.7299957275390634,48.8355291630673,COF
2023-05-18,94.69000244140624,99.58000183105467,94.20999908447266,99.2300033569336,95.69017028808594,5913900.0,0.0479460101055591,0.0468320674969521,5.370002746582017,54.221408339452914,COF
2023-05-19,99.51000213623048,99.98999786376952,96.52999877929688,97.93000030517578,94.43653869628906,5464700.0,-0.0131009443083095,-0.0131875186475855,3.459999084472642,59.65292234160731,COF
2023-05-22,98.44000244140624,100.08000183105467,98.29000091552734,99.4499969482422,95.9023208618164,2843500.0,0.015521345718116,0.0154021217269056,1.7900009155273295,70.30406677161352,COF
2023-05-23,99.5,103.87000274658205,99.41000366210938,102.16999816894533,98.5252914428711,4960400.0,0.0273504390455165,0.0269830986870901,4.459999084472671,77.1999180328826,COF
2023-05-24,101.30999755859376,102.04000091552734,98.77999877929688,99.48999786376952,95.94088745117188,2577200.0,-0.0262308687835525,-0.0265810350413228,3.2600021362304688,76.36457557927004,COF
2023-05-25,99.48999786376952,100.5999984741211,98.72000122070312,99.91999816894533,96.35553741455078,2796800.0,0.0043219317060199,0.0043126189821799,1.8799972534179688,74.56992136894462,COF
2023-05-26,100.4800033569336,103.0999984741211,100.0199966430664,102.8499984741211,99.18102264404295,3093100.0,0.029323537653431,0.0289018269207351,3.0800018310546875,76.31583592077915,COF
2023-05-30,103.20999908447266,105.0500030517578,102.5999984741211,104.70999908447266,100.97467803955078,3313300.0,0.0180846632520133,0.0179230809295544,2.4500045776367045,77.98343883027746,COF
2023-05-31,103.5999984741211,104.75,101.63999938964844,104.20999908447266,100.49250793457033,5192400.0,-0.0047751586273104,-0.0047865961223631,3.1100006103515625,82.08565241717167,COF
2023-06-01,105.02999877929688,106.91000366210938,103.69000244140624,106.23999786376952,102.45010375976562,3424500.0,0.0194800176195211,0.0192927106632599,3.220001220703139,83.09471310698504,COF
2023-06-02,108.33999633789062,111.37999725341795,107.88999938964844,110.48999786376952,106.5484848022461,4997600.0,0.0400036787868045,0.0392242504420294,3.489997863769517,86.46929762728003,COF
2023-06-05,110.95999908447266,110.95999908447266,108.98999786376952,109.0,105.11162567138672,2035800.0,-0.013485495673882,-0.0135772508134438,1.9700012207031392,81.23813537513662,COF
2023-06-06,109.11000061035156,112.4499969482422,109.0,112.0199966430664,108.0239028930664,3404600.0,0.0277065186945582,0.0273296386224081,3.4499969482422017,81.91450861025564,COF
2023-06-07,112.62999725341795,114.11000061035156,112.26000213623048,113.54000091552734,109.48966979980467,2415800.0,0.0135689126895297,0.0134776793586449,1.8499984741210795,80.61051229421845,COF
2023-06-08,113.0,113.4499969482422,110.75,111.62999725341795,107.6478042602539,2985000.0,-0.016822276867932,-0.0169653785011674,2.6999969482422017,72.01696950966831,COF
2023-06-09,112.23999786376952,112.37999725341795,110.6500015258789,111.48999786376952,107.5128173828125,2141500.0,-0.0012539677736023,-0.0012547546490707,1.7299957275390483,75.11109965065809,COF
2023-06-12,111.12000274658205,112.58000183105467,110.75,111.83000183105467,107.84068298339844,2105200.0,0.0030495489613906,0.0030449085187344,1.8300018310546733,73.97364161084566,COF
2023-06-13,111.88999938964844,114.12000274658205,111.33000183105467,113.6500015258789,109.59576416015624,2682800.0,0.0162747594711356,0.0161437451463296,2.790000915527372,73.03369074260979,COF
2023-06-14,114.0,114.91000366210938,111.68000030517578,112.33000183105467,108.32283782958984,2376500.0,-0.011614740225783,-0.01168271819801,3.2300033569335938,77.24953062545113,COF
2023-06-15,111.11000061035156,112.08999633789062,108.55999755859376,111.6500015258789,107.6670913696289,2928800.0,-0.0060536307310609,-0.0060720282389648,3.529998779296861,74.6324638644294,COF
2023-06-16,112.0199966430664,112.23999786376952,109.56999969482422,110.06999969482422,106.14347076416016,4280800.0,-0.0141512191523596,-0.0142523024215957,2.6699981689452983,66.0730250360885,COF
2023-06-20,109.2300033569336,109.76000213623048,108.33999633789062,109.12000274658205,105.22735595703124,2230300.0,-0.0086309106017875,-0.0086683726206729,1.420005798339858,60.23200326303922,COF
2023-06-21,108.69000244140624,109.41000366210938,107.9499969482422,108.27999877929688,104.41732025146484,1741500.0,-0.0076979574199047,-0.0077277396340534,1.4600067138671733,59.29648350178816,COF
2023-06-22,107.93000030517578,107.93000030517578,106.08999633789062,106.91000366210938,103.09620666503906,1563000.0,-0.0126522456546881,-0.0127329669075842,1.840003967285156,51.57796667648012,COF
2023-06-23,105.5,107.38999938964844,105.1500015258789,106.5999984741211,102.79725646972656,2271600.0,-0.0028997206103207,-0.0029039329451632,2.2399978637695312,38.75073156245264,COF
2023-06-26,106.94000244140624,109.16000366210938,106.18000030517578,106.22000122070312,102.43079376220705,1805600.0,-0.0035649074703413,-0.0035712768950895,2.9800033569335938,41.40913953993269,COF
2023-06-27,106.1999969482422,109.25,106.0999984741211,108.6999969482422,104.82233428955078,1659600.0,0.0233478667840425,0.0230794748992446,3.1500015258789062,39.38618136640427,COF
2023-06-28,108.47000122070312,109.29000091552734,106.87999725341795,109.26000213623048,105.36237335205078,2561500.0,0.0051519465404028,0.0051387206703596,2.410003662109389,35.42245463624107,COF
2023-06-29,109.0500030517578,109.66999816894533,107.9800033569336,109.26000213623048,105.36237335205078,2722500.0,0.0,0.0,1.689994812011733,40.72055729441586,COF
2023-06-30,110.41999816894533,110.94000244140624,108.7300033569336,109.37000274658205,105.46844482421876,2212800.0,0.0010067300953211,0.0010062236824309,2.209999084472642,41.679780214047895,COF
2023-07-03,109.47000122070312,111.48999786376952,109.1999969482422,111.0500030517578,107.08851623535156,826600.0,0.0153607215298654,0.0152439400272629,2.2900009155273158,47.23015442223427,COF
2023-07-05,109.5,110.58999633789062,108.68000030517578,109.12000274658205,105.22735595703124,2574300.0,-0.0173796439034602,-0.0175324428974075,1.909996032714844,34.038091627313094,COF
2023-07-06,107.5,107.58000183105467,105.5500030517578,107.26000213623048,103.43370819091795,2072300.0,-0.0170454512498223,-0.0171923971875909,2.029998779296875,32.79029896520713,COF
2023-07-07,107.16000366210938,109.2699966430664,106.81999969482422,108.04000091552734,104.1858901977539,1449700.0,0.0072721167982063,0.0072458024538209,2.4499969482421875,37.82882768495707,COF
2023-07-10,107.9000015258789,110.30999755859376,107.80999755859376,109.4499969482422,105.54558563232422,3185500.0,0.0130506677246744,0.0129662415129237,2.5,47.88540164578494,COF
2023-07-11,110.5,112.54000091552734,109.72000122070312,112.1999969482422,108.1974868774414,2940100.0,0.0251256481190533,0.0248151886084082,2.8199996948242188,59.35599755634377,COF
2023-07-12,114.1999969482422,114.91999816894533,112.25,112.73999786376952,108.71822357177734,1825200.0,0.004812835393541,0.0048012907281761,2.6699981689453267,63.7994781084614,COF
2023-07-13,112.95999908447266,114.4800033569336,112.61000061035156,114.18000030517578,110.10684967041016,1554400.0,0.0127727077670287,0.0126918247372534,1.8700027465820312,72.3966678674615,COF
2023-07-14,114.56999969482422,114.86000061035156,111.1500015258789,111.5500030517578,107.5706787109375,1784200.0,-0.0230337255771492,-0.0233031470614199,3.709999084472656,63.34229840113006,COF
2023-07-17,111.08000183105467,113.83000183105467,111.01000213623048,113.43000030517578,109.38360595703124,1654000.0,0.0168533588131893,0.016712916712519,2.8199996948241903,67.98007455469013,COF
2023-07-18,113.91000366210938,116.58000183105467,113.75,116.06999969482422,111.92942810058594,3080800.0,0.0232742568804575,0.0230075418318106,2.8300018310546733,68.2335546056734,COF
2023-07-19,116.55999755859376,118.95999908447266,116.05999755859376,117.95999908447266,113.75200653076172,3486500.0,0.0162832818956057,0.0161521310563963,2.900001525878892,70.19496990715402,COF
2023-07-20,114.98999786376952,116.7699966430664,113.66000366210938,114.98999786376952,110.88795471191406,5867300.0,-0.0251780333920803,-0.02550042300825,3.1099929809570312,61.689086179308966,COF
2023-07-21,116.44000244140624,118.69000244140624,113.52999877929688,115.56999969482422,111.447265625,5496500.0,0.005043928482034,0.00503125048816,5.160003662109361,62.40991734280782,COF
2023-07-24,115.52999877929688,117.48999786376952,115.0999984741211,117.22000122070312,113.03839874267578,3173500.0,0.0142770045433833,0.0141760478851835,2.3899993896484237,62.3647055652535,COF
2023-07-25,117.33999633789062,117.52999877929688,114.31999969482422,114.51000213623048,110.42507934570312,2586100.0,-0.0231188642624149,-0.0233902968407495,3.209999084472656,60.47416926288034,COF
2023-07-26,115.05999755859376,116.61000061035156,113.8000030517578,114.04000091552734,109.97184753417967,2666000.0,-0.0041044282169319,-0.0041128745017947,2.809997558593764,63.92771481442595,COF
2023-07-27,115.12000274658205,116.62999725341795,113.52999877929688,114.0199966430664,109.95255279541016,2582200.0,-0.000175451619684,-0.00017546701312,3.0999984741210795,62.680226276833466,COF
2023-07-28,116.12999725341795,116.3000030517578,114.36000061035156,114.8499984741211,110.75294494628906,2062700.0,0.0072794321780613,0.0072530649930781,1.940002441406236,61.73912864008288,COF
2023-07-31,115.16999816894533,117.0500030517578,115.08999633789062,117.0199966430664,112.84554290771484,3082200.0,0.0188942873026141,0.0187180072521994,1.9600067138671733,60.749339579829496,COF
2023-08-01,116.25,116.91999816894533,115.2699966430664,116.4800033569336,112.3248062133789,2889400.0,-0.0046145969164399,-0.0046252770377599,1.6500015258789205,58.34077327914936,COF
2023-08-02,114.73999786376952,114.73999786376952,111.66000366210938,113.25,109.21003723144533,2300000.0,-0.0277300187459622,-0.0281217545976379,3.079994201660142,48.07932939679767,COF
2023-08-03,112.80999755859376,113.37999725341795,111.62000274658205,112.91999816894533,108.8917999267578,1954000.0,-0.0029139931892258,-0.0029182471333652,1.759994506835909,53.12641053362131,COF
2023-08-04,112.58000183105467,114.61000061035156,112.0999984741211,113.37999725341795,109.91944885253906,2250500.0,0.0094373398774973,0.0093930863911076,2.5100021362304688,51.31701228691422,COF
2023-08-07,114.0999984741211,115.29000091552734,113.91000366210938,115.2699966430664,111.75177001953124,2420400.0,0.0166696720745962,0.0165322580857883,1.3799972534179688,49.54747455588917,COF
2023-08-08,112.33000183105467,114.8000030517578,111.12999725341795,114.58999633789062,111.09251403808594,2028300.0,-0.0058992889448648,-0.0059167584890341,3.670005798339844,42.79906544952002,COF
2023-08-09,114.08000183105467,114.5,111.76000213623048,111.80999755859376,108.3973617553711,1919600.0,-0.0242604311015129,-0.0245595633208689,2.739997863769517,43.19413478926746,COF
2023-08-10,112.63999938964844,113.16000366210938,110.0500030517578,110.54000091552734,107.16613006591795,1961300.0,-0.0113585023612636,-0.0114235028232121,3.1100006103515767,38.71563381941456,COF
2023-08-11,110.0,110.91000366210938,109.0,110.37999725341795,107.0110092163086,1606400.0,-0.0014474801834679,-0.001448528794927,1.910003662109375,32.81160388942992,COF
2023-08-14,109.4800033569336,109.62000274658205,107.76000213623048,109.16000366210938,105.8282470703125,2137500.0,-0.0110527146193463,-0.0111142497095415,1.8600006103515625,35.72656375851646,COF
2023-08-15,107.44000244140624,107.44000244140624,105.62999725341795,106.91000366210938,103.6469268798828,2625400.0,-0.0206118900276258,-0.0208272799015855,1.8100051879882808,32.26409895238764,COF
2023-08-16,106.4800033569336,106.9000015258789,104.56999969482422,104.91999816894533,101.71765899658205,1695900.0,-0.0186138454981554,-0.0187892633310435,2.3300018310546875,29.14246668944314,COF
2023-08-17,105.4000015258789,106.26000213623048,104.47000122070312,105.06999969482422,101.86309051513672,1822200.0,0.0014297568385797,0.0014287357094659,1.790000915527358,26.7108806649768,COF
2023-08-18,103.80999755859376,105.5,103.80999755859376,105.04000091552734,101.83399963378906,1517300.0,-0.0002855880496118,-0.0002856288376448,1.6900024414062358,17.655624692703668,COF
2023-08-21,105.2699966430664,105.3000030517578,103.1999969482422,104.38999938964844,101.20384216308594,1533400.0,-0.006188085246276,-0.0062073107997278,2.1000061035155966,17.5428580335293,COF
2023-08-22,104.52999877929688,104.56999969482422,100.08000183105467,100.3000030517578,97.2386703491211,3077400.0,-0.0391800521523197,-0.0399682467253064,4.4899978637695455,16.71323090473777,COF
2023-08-23,100.25,101.66000366210938,99.75,101.62000274658205,98.51837158203124,1832700.0,0.0131604147641628,0.0130745688639526,1.910003662109375,22.62027885846838,COF
2023-08-24,101.83000183105467,103.1999969482422,100.81999969482422,101.4800033569336,98.38264465332033,1548300.0,-0.0013776814063344,-0.0013786312818805,2.379997253417983,18.04512453963811,COF
2023-08-25,101.48999786376952,102.08000183105467,99.87999725341795,100.8499984741211,97.77188110351562,1264200.0,-0.0062080415906372,-0.0062273916062017,2.2000045776367188,8.467734258341565,COF
2023-08-28,101.79000091552734,102.66999816894533,100.95999908447266,101.58999633789062,98.4893035888672,1446000.0,0.0073377179333595,0.0073109278533354,1.7099990844726705,12.686608968433973,COF
2023-08-29,101.36000061035156,104.37999725341795,101.23999786376952,103.5199966430664,100.36038970947266,2089200.0,0.0189978612136003,0.0188196553312215,3.139999389648437,24.98492097641774,COF
2023-08-30,103.5999984741211,104.0,102.22000122070312,102.55999755859376,99.42969512939452,1647000.0,-0.0092735249710802,-0.0093167918022111,1.779998779296875,25.461261399044133,COF
2023-08-31,103.0999984741211,103.43000030517578,102.04000091552734,102.38999938964844,99.264892578125,1875500.0,-0.0016574781915508,-0.0016588533282446,1.3899993896484375,25.445633294331916,COF
2023-09-01,103.16000366210938,104.48999786376952,103.16000366210938,103.5,100.34101104736328,1556800.0,0.010840876782205,0.0107825357441084,1.329994201660142,32.48764410342862,COF
2023-09-05,103.06999969482422,103.77999877929688,101.51000213623048,101.73999786376952,98.63470458984376,1976100.0,-0.0170050753895044,-0.0171513220115799,2.269996643066392,33.50346422179055,COF
2023-09-06,101.06999969482422,101.69000244140624,99.54000091552734,101.45999908447266,98.36326599121094,2229500.0,-0.0027519583473338,-0.002755751946189,2.150001525878892,37.60745288533784,COF
2023-09-07,100.62999725341795,100.9000015258789,99.66000366210938,99.91999816894533,96.87026977539062,2138000.0,-0.015178392063087,-0.0152947629056973,1.2399978637695312,33.22471411836176,COF
2023-09-08,99.87999725341795,100.0500030517578,98.7300033569336,99.91999816894533,96.87026977539062,2431900.0,0.0,0.0,1.3199996948242043,33.289790274162,COF
2023-09-11,100.87999725341795,101.73999786376952,99.8499984741211,100.02999877929688,96.97691345214844,1820000.0,0.001100891708107,0.0011002861712101,1.8899993896484235,35.25030961911787,COF
2023-09-12,99.7300033569336,101.80999755859376,99.02999877929688,101.0500030517578,97.96578979492188,2670700.0,0.0101970284222479,0.0101453894737883,2.779998779296889,53.20244219609478,COF
2023-09-13,101.73999786376952,101.97000122070312,99.36000061035156,100.33999633789062,97.27745056152344,1802900.0,-0.00702632250339,-0.007051123348118,2.6100006103515625,44.23428954678295,COF
2023-09-14,101.4000015258789,102.66000366210938,101.4000015258789,102.26000213623048,99.13884735107422,1848300.0,0.0191349257079216,0.0189541553946201,1.2600021362304688,53.0279877386002,COF
2023-09-15,101.91999816894533,104.61000061035156,101.2300033569336,104.45999908447266,101.27169036865234,4096900.0,0.0215136959382351,0.0212855428589177,3.3799972534179688,62.49132030957699,COF
2023-09-18,103.88999938964844,103.97000122070312,102.11000061035156,102.58000183105467,99.44908142089844,1479200.0,-0.0179972205570894,-0.0181611402417473,1.8600006103515625,53.17509674201754,COF
2023-09-19,102.58000183105467,102.97000122070312,101.63999938964844,101.69000244140624,98.58625030517578,1388800.0,-0.0086761094561637,-0.0087139660179777,1.3300018310546875,43.71135514968998,COF
2023-09-20,102.48999786376952,103.29000091552734,100.3000030517578,100.55999755859376,97.49072265625,1441700.0,-0.0111123776950087,-0.0111745814141228,2.989997863769545,43.20647016588679,COF
2023-09-21,100.1500015258789,100.51000213623048,98.88999938964844,98.93000030517578,95.91047668457033,1667800.0,-0.0162091933326987,-0.0163419993816758,1.6200027465820457,39.307729796139945,COF
2023-09-22,98.8499984741211,99.08000183105467,97.61000061035156,98.2699966430664,95.27061462402344,2089200.0,-0.0066714511559697,-0.006693804762366,1.4700012207031108,33.37565794509507,COF
2023-09-25,97.6500015258789,98.6999969482422,97.0199966430664,97.87999725341795,94.89252471923828,1599000.0,-0.0039685889114629,-0.0039764846573399,1.6800003051757957,36.55990289054084,COF
2023-09-26,97.0,98.58999633789062,96.16999816894533,97.0999984741211,94.13634490966795,2132100.0,-0.0079688027250582,-0.0080007233259008,2.4199981689452983,35.3297522985191,COF
2023-09-27,97.51000213623048,97.5500030517578,94.72000122070312,95.48999786376952,92.5754852294922,2418300.0,-0.0165808400748248,-0.0167198408453313,2.8300018310546733,35.16410707282829,COF
2023-09-28,95.4499969482422,97.08999633789062,95.06999969482422,97.01000213623048,94.0490951538086,1840700.0,0.015917928171409,0.0157925665346126,2.0199966430664062,41.15503570019015,COF
2023-09-29,97.69000244140624,98.6500015258789,96.58999633789062,97.0500030517578,94.08786010742188,1859300.0,0.0004121778476431,0.0004120929256885,2.060005187988281,40.90350470926689,COF
2023-10-02,96.87000274658205,97.5,94.6500015258789,95.12000274658205,92.2167739868164,2997700.0,-0.019886583863946,-0.0200869832627307,2.8499984741210938,32.85129543512899,COF
2023-10-03,94.06999969482422,94.5199966430664,92.52999877929688,93.0500030517578,90.20995330810548,2191800.0,-0.0217619917933566,-0.0220022763806082,1.9899978637695312,30.45571563418692,COF
2023-10-04,93.27999877929688,93.58999633789062,91.79000091552734,92.61000061035156,89.78337860107422,2518500.0,-0.0047286878153492,-0.0047399034303058,1.7999954223632812,21.898587045996575,COF
2023-10-05,91.8499984741211,92.5199966430664,90.87999725341795,92.11000061035156,89.29864501953125,2275900.0,-0.0053989233764162,-0.0054135502331688,1.6399993896484517,10.083981460897846,COF
2023-10-06,91.3499984741211,94.45999908447266,91.0199966430664,93.54000091552734,90.68499755859376,2314900.0,0.0155249000559782,0.0154056217337318,3.44000244140625,19.906738411723737,COF
2023-10-09,92.58999633789062,94.87999725341795,92.37000274658205,94.33000183105467,91.4508819580078,2243900.0,0.0084455468934558,0.0084100827981762,2.509994506835909,25.33505142404425,COF
2023-10-10,95.2300033569336,98.29000091552734,95.2300033569336,96.9800033569336,94.02001190185548,2467900.0,0.0280930034663566,0.0277056332387951,3.05999755859375,39.1119699806276,COF
2023-10-11,97.0,98.58999633789062,95.8499984741211,97.12000274658205,94.1557388305664,1486800.0,0.0014435961660226,0.0014425551827965,2.7399978637695312,43.9465393493234,COF
2023-10-12,97.70999908447266,97.87999725341795,95.44000244140624,96.91000366210938,93.95214080810548,1846900.0,-0.0021623538298318,-0.0021646950925757,2.4399948120117188,45.31039606888998,COF
2023-10-13,97.6999969482422,98.2300033569336,94.56999969482422,95.1999969482422,92.29432678222656,2246100.0,-0.0176453033599836,-0.0178028376362842,3.660003662109375,41.529715674867376,COF
2023-10-16,96.41000366210938,97.51000213623048,95.54000091552734,97.1500015258789,94.184814453125,1645500.0,0.0204832489364068,0.0202762885680315,1.9700012207031392,50.14713204829214,COF
2023-10-17,95.91000366210938,99.26000213623048,95.91000366210938,98.04000091552734,95.04766082763672,2113600.0,0.0091612048027247,0.009119495510719,3.349998474121108,57.8365188117758,COF
2023-10-18,97.04000091552734,97.56999969482422,95.58999633789062,95.93000030517578,93.0020523071289,1574900.0,-0.0215219238716184,-0.0217568979888582,1.9800033569335935,46.79713857361834,COF
2023-10-19,94.51000213623048,95.18000030517578,92.30999755859376,92.6999969482422,89.87063598632812,3480100.0,-0.0336704002021335,-0.0342503023464036,2.870002746582017,39.15215865684272,COF
2023-10-20,92.4000015258789,92.86000061035156,89.73999786376953,90.2300033569336,87.47603607177734,2483500.0,-0.026644964601286,-0.0270063759939714,3.1200027465820312,38.12535210513965,COF
2023-10-23,90.05999755859375,91.7699966430664,89.5,90.37999725341795,87.6214370727539,1834400.0,0.0016621809527039,0.0016608010588214,2.2699966430664062,42.84947138498732,COF
2023-10-24,90.70999908447266,91.31999969482422,88.83000183105469,89.19999694824219,86.47747039794922,2597600.0,-0.0130557853537008,-0.0131417612611758,2.4899978637695312,41.215898438893696,COF
2023-10-25,88.5999984741211,90.12999725341795,88.2300033569336,88.97000122070312,86.25447845458984,2369400.0,-0.0025786131617081,-0.0025819435109806,1.8999938964843608,41.79727475578181,COF
2023-10-26,89.41000366210938,91.08999633789062,89.08000183105469,89.51000213623047,86.77799987792969,3549700.0,0.0060694984506277,0.0060511532383075,2.009994506835937,38.95891259202015,COF
2023-10-27,96.48999786376952,99.7699966430664,96.16000366210938,97.73999786376952,94.75680541992188,6534100.0,0.0919450270024193,0.0879605344826577,3.6099929809570312,56.63682413183406,COF
2023-10-30,98.62000274658205,101.26000213623048,98.41999816894533,100.54000091552734,97.47134399414062,3923400.0,0.0286474260311866,0.0282447606564385,2.840003967285156,56.88852261607714,COF
2023-10-31,100.87999725341795,101.83000183105467,99.81999969482422,101.29000091552734,98.19847106933594,2619200.0,0.0074599061159865,0.0074322186284667,2.0100021362304545,57.8828060218212,COF
2023-11-01,101.6500015258789,101.72000122070312,99.37000274658205,100.2699966430664,97.20958709716795,2186000.0,-0.0100702583390503,-0.0101213063910932,2.3499984741210795,56.16286736728813,COF
2023-11-02,102.0,104.93000030517578,101.37999725341795,104.6500015258789,101.4559097290039,3287100.0,0.0436821383429131,0.0427549779127308,3.5500030517578267,65.78684089646414,COF
2023-11-03,105.87000274658205,108.12999725341795,105.87000274658205,106.31999969482422,103.07493591308594,3376700.0,0.0159579288028324,0.0158319396402984,2.259994506835909,65.46373994339208,COF
2023-11-06,106.0999984741211,106.91999816894533,104.63999938964844,105.4499969482422,102.23149871826172,2340500.0,-0.0081827574022012,-0.0082164199221449,2.279998779296889,62.50422296400015,COF
2023-11-07,104.83999633789062,105.73999786376952,104.44000244140624,105.01000213623048,101.80491638183594,2009700.0,-0.0041727094073167,-0.0041814394529749,1.2999954223632812,66.23747966108992,COF
2023-11-08,105.0,105.8499984741211,104.31999969482422,105.08000183105467,101.87277221679688,2054000.0,0.0006665280751907,0.0006663060440077,1.529998779296875,74.95966836032049,COF
2023-11-09,105.76000213623048,106.0199966430664,103.98999786376952,104.48999786376952,101.30078125,1801900.0,-0.005614758039367,-0.0056305800455726,2.029998779296889,81.10815562961994,COF
2023-11-10,104.0,104.62999725341795,102.62999725341795,104.58000183105467,101.9735870361328,2503700.0,0.0066416643369451,0.0066197056588523,2.0,81.54615950391847,COF
2023-11-13,104.04000091552734,106.05999755859376,103.79000091552734,104.37000274658205,101.76882934570312,3009900.0,-0.0020079482970145,-0.0020099669278531,2.2699966430664205,85.058018130469,COF
2023-11-14,106.93000030517578,108.12999725341795,106.76000213623048,107.01000213623048,104.34302520751952,3213700.0,0.0252945413479406,0.0249799287237629,1.3699951171874716,87.43513711521214,COF
2023-11-15,107.27999877929688,107.54000091552734,105.51000213623048,106.0,103.35819244384766,3303800.0,-0.009438414898487,-0.0094832390050239,2.029998779296861,83.67061287918582,COF
2023-11-16,106.4499969482422,106.56999969482422,104.20999908447266,105.01000213623048,102.39289093017578,2825100.0,-0.0093393807578079,-0.0093832662300928,2.3600006103515625,71.68398926976425,COF
2023-11-17,105.86000061035156,107.68000030517578,105.02999877929688,107.68000030517578,104.99633026123048,2309700.0,0.0254259774033536,0.0251081139683061,2.6500015258789062,71.50418892526045,COF
2023-11-20,107.5500030517578,107.66000366210938,106.43000030517578,107.1500015258789,104.47954559326172,2255800.0,-0.0049219307635134,-0.0049340833572826,1.2300033569335938,68.16786929121139,COF
2023-11-21,106.80999755859376,107.25,105.5999984741211,105.77999877929688,103.1436767578125,1545300.0,-0.0127859364994727,-0.0128683800851112,1.6500015258789062,66.82646689906935,COF
2023-11-22,106.4000015258789,107.06999969482422,105.38999938964844,106.7699966430664,104.10900115966795,1342800.0,0.0093590264783955,0.0093155021429425,1.6800003051757812,59.24280182779669,COF
2023-11-24,107.08000183105467,107.36000061035156,106.2300033569336,106.56999969482422,103.91400146484376,524100.0,-0.0018730339610609,-0.0018747902826132,1.1299972534179688,53.24510392901367,COF
2023-11-27,105.6999969482422,106.61000061035156,105.43000030517578,106.18000030517578,103.53370666503906,1556800.0,-0.0036597070119888,-0.003666420123381,1.1800003051757812,55.223443017180045,COF
2023-11-28,106.37000274658205,109.0500030517578,106.13999938964844,108.58000183105467,105.87389373779295,1874500.0,0.0226031419924437,0.022351476211793,2.910003662109361,64.14938261320353,COF
2023-11-29,109.18000030517578,111.55999755859376,109.18000030517578,110.12999725341795,107.38526916503906,2087500.0,0.0142752417417382,0.0141743098952961,2.379997253417983,67.42017955080479,COF
2023-11-30,110.8000030517578,111.97000122070312,110.18000030517578,111.66000366210938,108.87713623046876,2439300.0,0.0138926602971667,0.0137970418705683,1.7900009155273438,72.62674465870595,COF
2023-12-01,111.33999633789062,115.13999938964844,111.33999633789062,113.93000030517578,111.09056854248048,3422300.0,0.020329633829883,0.0201257455093208,3.800003051757813,74.93340900412932,COF
2023-12-04,112.98999786376952,116.0199966430664,112.63999938964844,114.94000244140624,112.07540130615234,3594000.0,0.0088651338866383,0.0088260692927014,3.3799972534179688,77.03329596560626,COF
2023-12-05,114.44000244140624,116.30999755859376,113.66999816894533,115.31999969482422,112.44593048095705,3572400.0,0.0033060704711869,0.0033006174356477,2.639999389648437,74.0312940094636,COF
2023-12-06,117.2699966430664,118.08999633789062,113.48999786376952,113.7699966430664,110.93455505371094,2480000.0,-0.0134409081838854,-0.0135320548409354,4.599998474121108,71.789173706658,COF
2023-12-07,114.05999755859376,115.93000030517578,113.41999816894533,115.37999725341795,112.50442504882812,3675000.0,0.0141513164618283,0.014052121315618,2.5100021362304545,78.10292496763155,COF
2023-12-08,115.5,118.5500030517578,114.88999938964844,118.08999633789062,115.14688873291016,3024900.0,0.0234876422232741,0.0232160520094557,3.660003662109361,78.15032135427504,COF
2023-12-11,117.7300033569336,119.66999816894533,117.12999725341795,118.80999755859376,115.84893798828124,3138200.0,0.0060969884909312,0.0060784770611458,2.540000915527372,81.20978115587329,COF
2023-12-12,118.5199966430664,121.05999755859376,118.5199966430664,120.29000091552734,117.29205322265624,3666200.0,0.0124568706406353,0.0123799221931456,2.540000915527358,88.61094732213348,COF
2023-12-13,121.0,125.20999908447266,120.06999969482422,125.08999633789062,121.97241973876952,3871200.0,0.0399035261769056,0.0391279455590641,5.1399993896484375,90.53095794837422,COF
2023-12-14,126.7699966430664,130.14999389648438,126.68000030517578,129.1999969482422,125.97999572753906,6375700.0,0.0328564112883276,0.0323281788188841,3.4699935913085938,92.6819384414501,COF
2023-12-15,128.3699951171875,129.9499969482422,127.5,129.67999267578125,126.4480209350586,5016500.0,0.0037150755944757,0.0037081917452184,2.4499969482421875,94.172912702379,COF
2023-12-18,130.0800018310547,130.8699951171875,129.60000610351562,129.97999572753906,126.74055480957033,2630700.0,0.0023134713564396,0.0023107994017813,1.269989013671875,93.67345068220725,COF
2023-12-19,129.57000732421875,132.05999755859375,129.22000122070312,131.52000427246094,128.24217224121094,2663200.0,0.0118479632182202,0.0117783256049292,2.839996337890625,93.6708654504187,COF
2023-12-20,131.67999267578125,132.13999938964844,127.7300033569336,127.7300033569336,124.54663848876952,2780400.0,-0.0288168368318846,-0.0292401949390829,4.409996032714844,80.03739916397387,COF
2023-12-21,128.88999938964844,130.6300048828125,128.6300048828125,129.63999938964844,126.40904235839844,3203200.0,0.0149534655629974,0.0148427647067938,2.0,79.76507827512168,COF
2023-12-22,130.14999389648438,131.36000061035156,129.19000244140625,129.74000549316406,126.5065460205078,1371500.0,0.00077133455242,0.000771037226806,2.1699981689453125,79.04239517589389,COF
2023-12-26,129.74000549316406,130.82000732421875,129.22999572753906,130.72999572753906,127.47185516357422,864000.0,0.0076305074593525,0.0076015423894496,1.5900115966796875,79.53238296828422,COF
2023-12-27,130.94000244140625,131.27999877929688,130.0,131.14999389648438,127.8813934326172,1007400.0,0.003212774055241,0.0032076241241046,1.279998779296875,84.81572831250479,COF
2023-12-28,131.1300048828125,132.27000427246094,130.8000030517578,132.02000427246094,128.72972106933594,1198100.0,0.0066337065459467,0.006611800340868,1.470001220703125,84.351808658144,COF
2023-12-29,131.80999755859375,132.5,130.64999389648438,131.1199951171875,127.85213470458984,1385000.0,-0.0068172785387564,-0.006840622336702,1.850006103515625,79.0718119854,COF
2024-01-02,130.60000610351562,132.3300018310547,129.88999938964844,132.11000061035156,128.81747436523438,2176600.0,0.0075504383471969,0.0075220764612267,2.44000244140625,79.3209753027984,COF
2024-01-03,130.80999755859375,131.63999938964844,129.00999450683594,130.72000122070312,127.46212005615234,2505100.0,-0.010521509723434,-0.0105772521479312,2.6300048828125,73.08543966748928,COF
2024-01-04,130.24000549316406,131.3300018310547,129.27000427246094,129.77000427246094,126.5357894897461,2605600.0,-0.0072674969316229,-0.0072940338368693,2.05999755859375,62.48666013103552,COF
2024-01-05,129.44000244140625,134.25999450683594,129.00999450683594,132.4199981689453,129.1197509765625,3511500.0,0.0204207955491184,0.0202150868790284,5.25,59.317132145185816,COF
2024-01-08,131.4499969482422,133.80999755859375,130.7899932861328,133.7100067138672,130.37757873535156,2624700.0,0.0097415596705834,0.0096944165956338,3.020004272460937,61.13872788117304,COF
2024-01-09,131.99000549316406,133.47000122070312,131.25,132.92999267578125,129.61703491210938,2599900.0,-0.0058333942892587,-0.0058504749917654,2.220001220703125,57.94292778459418,COF
2024-01-10,131.27999877929688,131.5399932861328,127.41000366210938,128.94000244140625,125.72647857666016,3669300.0,-0.0300157794697843,-0.0304754751116487,4.1299896240234375,43.862999247710846,COF
2024-01-11,128.9199981689453,128.9199981689453,126.73999786376952,128.33999633789062,125.14142608642578,2008100.0,-0.0046533753021456,-0.0046642359585683,2.1800003051757955,51.71057193134897,COF
2024-01-12,128.6199951171875,129.33999633789062,126.7300033569336,127.6999969482422,124.51737213134766,2288600.0,-0.0049867895435932,-0.0049992650710709,2.6099929809570312,44.14245127588229,COF
2024-01-16,126.9000015258789,128.02999877929688,126.06999969482422,127.5199966430664,124.34185791015624,2762600.0,-0.0014095560979738,-0.0014105504566833,1.959999084472656,43.32928007102144,COF
2024-01-17,125.54000091552734,127.56999969482422,125.12999725341795,126.08000183105467,122.93775939941406,2384500.0,-0.0112922432907244,-0.0113564847479598,2.440002441406264,36.39560570370319,COF
2024-01-18,124.91999816894533,125.51000213623048,123.2300033569336,124.91999816894533,121.8066635131836,2919900.0,-0.0092005571905343,-0.0092431437313764,2.279998779296889,32.52946434722922,COF
2024-01-19,125.8499984741211,128.49000549316406,124.73999786376952,127.9800033569336,124.7904052734375,2981400.0,0.024495718659357,0.0242005097318698,3.7500076293945455,39.9100858885731,COF
2024-01-22,128.85000610351562,131.5,128.55999755859375,129.67999267578125,126.4480209350586,3726200.0,0.0132831979989884,0.0131957498671669,2.94000244140625,46.54177677962076,COF
2024-01-23,130.17999267578125,130.3000030517578,129.08999633789062,129.75999450683594,126.52601623535156,2163800.0,0.0006168170898699,0.000616626936398,1.2100067138671875,44.098360526888726,COF
2024-01-24,130.58999633789062,132.3000030517578,130.0500030517578,131.08999633789062,127.82286071777344,2583100.0,0.010249627080723,0.0101974558407412,2.25,50.93189442826346,COF
2024-01-25,132.33999633789062,134.0,131.80999755859375,132.5500030517578,129.24649047851562,4207400.0,0.0111375207278883,0.0110759552466875,2.19000244140625,56.82709154221323,COF
2024-01-26,132.5500030517578,139.47999572753906,132.5500030517578,138.72000122070312,135.2627410888672,5350300.0,0.0465486574380262,0.0454977572248803,6.92999267578125,63.1909758491842,COF
2024-01-29,139.63999938964844,140.86000061035156,136.9499969482422,138.47999572753906,135.02870178222656,2656400.0,-0.0017302570150257,-0.0017317556386135,3.910003662109375,60.44678212816651,COF
2024-01-30,138.3699951171875,139.19000244140625,137.97000122070312,138.61000061035156,135.1554718017578,1777800.0,0.0009388375794037,0.0009383971470448,1.220001220703125,62.80429727296588,COF
2024-01-31,137.11000061035156,138.6300048828125,135.0,135.32000732421875,131.94747924804688,2192200.0,-0.0237355728994556,-0.024021799857493,3.6300048828125,64.85101791704474,COF
2024-02-01,135.36000061035156,136.58999633789062,132.14999389648438,134.55999755859375,131.2064208984375,2016800.0,-0.0056163130499542,-0.00563214383769,4.44000244140625,64.37154858190172,COF
2024-02-02,134.0399932861328,137.25,133.02999877929688,136.47999572753906,133.07855224609375,2128100.0,0.0142685955065064,0.0141677571798854,4.220001220703125,69.15357565069323,COF
2024-02-05,135.02000427246094,135.72000122070312,133.89999389648438,135.24000549316406,131.86947631835938,1810200.0,-0.0090854304268241,-0.0091269546514988,1.82000732421875,66.09680334902787,COF
2024-02-06,134.77999877929688,135.4499969482422,133.02999877929688,134.35000610351562,131.00164794921875,1567500.0,-0.0065809647036552,-0.006602714728484,2.4199981689453125,67.6483062167722,COF
2024-02-07,134.85000610351562,135.1300048828125,132.30999755859375,133.97000122070312,130.63111877441406,1445600.0,-0.0028284314022394,-0.0028324389728809,2.82000732421875,69.97793623097488,COF
2024-02-08,133.88999938964844,135.52999877929688,132.5,135.3800048828125,132.00596618652344,1567500.0,0.0105246546535637,0.0104696560335334,3.029998779296875,67.61903342511485,COF
2024-02-09,135.11000061035156,135.5,133.35000610351562,135.1699981689453,132.38792419433594,1353500.0,0.0028934904902162,0.0028893124041689,2.149993896484375,65.46773223899325,COF
2024-02-12,135.60000610351562,138.02999877929688,134.82000732421875,137.47999572753906,134.65040588378906,1522300.0,0.0170897889911165,0.0169454012627851,3.209991455078125,68.99514525699314,COF
2024-02-13,135.13999938964844,135.13999938964844,132.38999938964844,133.52999877929688,130.78167724609375,2133200.0,-0.0287316522538687,-0.0291524866204022,2.75,56.17518233298324,COF
2024-02-14,134.9499969482422,135.2100067138672,133.27000427246094,135.11000061035156,132.32919311523438,1271900.0,0.011832818646519,0.0117633582525314,1.94000244140625,56.40063972180719,COF
2024-02-15,135.77000427246094,137.2100067138672,135.3800048828125,136.36000061035156,133.553466796875,1527000.0,0.0092517278524815,0.0092091927657781,1.8300018310546875,45.56935590152665,COF
2024-02-16,136.00999450683594,138.00999450683594,135.1300048828125,137.22999572753906,134.40554809570312,1631600.0,0.0063800762291261,0.0063598096984462,2.879989624023437,48.43485919136499,COF
2024-02-20,130.8300018310547,138.9499969482422,129.69000244140625,137.38999938964844,134.56224060058594,16526500.0,0.001165818726257,0.0011651396873121,9.259994506835938,48.512250077299626,COF
2024-02-21,136.05999755859375,136.75,134.07000732421875,135.00999450683594,132.23123168945312,6489400.0,-0.0173229050046203,-0.0174747021225195,2.67999267578125,50.74435807321897,COF
2024-02-22,134.75,136.27999877929688,134.32000732421875,134.55999755859375,131.79051208496094,4344100.0,-0.0033329463762934,-0.0033385130143794,1.959991455078125,51.55675681830937,COF
2024-02-23,135.38999938964844,136.5399932861328,134.35000610351562,135.52000427246094,132.7307586669922,3092500.0,0.0071344026755515,0.0071090732270853,2.1899871826171875,49.024585428479725,COF
2024-02-26,134.97000122070312,136.99000549316406,134.38999938964844,134.49000549316406,131.72195434570312,2172600.0,-0.0076003808869957,-0.0076294109684702,2.600006103515625,49.58156243237394,COF
2024-02-27,135.30999755859375,137.07000732421875,134.2100067138672,136.82000732421875,134.00399780273438,3131000.0,0.0173247008698493,0.0171763393345965,2.8600006103515625,57.88352249962337,COF
2024-02-28,136.3300018310547,138.30999755859375,136.25,137.6199951171875,134.78750610351562,2947300.0,0.0058469024329754,0.0058298756360545,2.05999755859375,60.68210356573388,COF
2024-02-29,138.4199981689453,138.4199981689453,136.16000366210938,137.61000061035156,134.77772521972656,3643500.0,-7.256521076626221e-05,-7.256784374854503e-05,2.259994506835937,57.661091691859205,COF
2024-03-01,137.72000122070312,137.91000366210938,135.94000244140625,136.77000427246094,133.95501708984375,2251800.0,-0.0061041847125818,-0.0061228914130384,1.970001220703125,54.228393613088045,COF
2024-03-04,136.33999633789062,137.30999755859375,135.8000030517578,135.99000549316406,133.19105529785156,2589600.0,-0.0057031219030773,-0.0057194468009752,1.5099945068359375,45.71587527122936,COF
2024-03-05,134.60000610351562,139.9499969482422,134.60000610351562,137.55999755859375,134.728759765625,3313700.0,0.0115451031177333,0.0114789669604943,5.3499908447265625,63.42449203278226,COF
2024-03-06,137.69000244140625,138.10000610351562,135.0800018310547,135.74000549316406,132.94622802734375,2182400.0,-0.0132305213926273,-0.013318824469462,3.020004272460937,52.06558716861624,COF
2024-03-07,136.5,138.17999267578125,136.35000610351562,137.64999389648438,134.81689453125,1594000.0,0.014070850536064,0.0139727750515688,1.829986572265625,54.05400641590581,COF
2024-03-08,138.0,138.9199981689453,136.75999450683594,137.22999572753906,134.40554809570312,1960000.0,-0.0030511490193948,-0.0030558132645183,2.160003662109375,50.0,COF
2024-03-11,136.97000122070312,138.58999633789062,135.9600067138672,138.4600067138672,135.61024475097656,2001100.0,0.0089631467773609,0.0089232162023161,2.629989624023437,53.23663301948144,COF
2024-03-12,139.0,140.47000122070312,138.16000366210938,140.27000427246094,137.3829803466797,2262900.0,0.0130722837272245,0.0129875788187722,2.30999755859375,66.47878854730907,COF
2024-03-13,140.47000122070312,141.1699981689453,139.77999877929688,140.61000061035156,137.7159881591797,1974800.0,0.0024239378972539,0.0024210048984375,1.3899993896484375,69.08520450890734,COF
2024-03-14,140.2899932861328,141.13999938964844,138.1999969482422,139.42999267578125,136.5602569580078,2248400.0,-0.0083921352678094,-0.0084275474969772,2.94000244140625,62.16545837752524,COF
2024-03-15,137.10000610351562,139.91000366210938,135.33999633789062,135.5500030517578,132.7601318359375,4262000.0,-0.0278274602488398,-0.0282219802426817,4.57000732421875,52.80125953337319,COF
2024-03-18,136.0,136.83999633789062,135.1300048828125,136.27000427246094,133.46531677246094,2799200.0,0.0053117221772187,0.0052976647384751,1.709991455078125,48.41131622740818,COF
2024-03-19,136.57000732421875,137.91000366210938,136.25,136.85000610351562,134.03338623046875,2282100.0,0.004256307719078,0.0042472752622519,1.660003662109375,47.7473157586708,COF
2024-03-20,136.4600067138672,141.8000030517578,135.88999938964844,141.77000427246094,138.85211181640625,2341000.0,0.0359516813046247,0.0353205030822776,5.910003662109375,59.454563609106046,COF
2024-03-21,142.6699981689453,143.99000549316406,142.02999877929688,143.17999267578125,140.23306274414062,2401500.0,0.0099454801923379,0.0098963493886088,1.9600067138671875,64.20022889455527,COF
2024-03-22,143.3000030517578,143.6699981689453,141.0800018310547,141.16000366210938,138.254638671875,1847700.0,-0.0141081142602962,-0.0142085797426444,2.589996337890625,60.85678596970608,COF
2024-03-25,140.14999389648438,141.9600067138672,140.0,140.5500030517578,137.6572265625,2376300.0,-0.0043210999291883,-0.0043304628633383,1.9600067138671875,56.54271240292636,COF
2024-03-26,140.9199981689453,141.92999267578125,140.66000366210938,140.8300018310547,137.9314422607422,1729900.0,0.001992018182334,0.001990036745051,1.269989013671875,61.94275420541138,COF
2024-03-27,141.82000732421875,144.57000732421875,141.47000122070312,144.50999450683594,141.53570556640625,2593100.0,0.026130831713125,0.0257952549086623,3.100006103515625,64.86141130823243,COF
2024-03-28,145.60000610351562,149.27999877929688,145.0,148.88999938964844,145.8255615234375,4039500.0,0.030309355083679,0.0298591018885275,4.279998779296875,71.56070236734392,COF
2024-04-01,148.85000610351562,148.88999938964844,144.99000549316406,145.3000030517578,142.3094482421875,1638800.0,-0.0241117760461007,-0.0244072237648898,3.899993896484375,61.63265587301554,COF
2024-04-02,144.5,144.9199981689453,143.1199951171875,144.41000366210938,141.43777465820312,1924700.0,-0.0061251982545875,-0.0061440342368898,1.8000030517578125,57.26828387703805,COF
2024-04-03,144.10000610351562,144.7100067138672,142.4199981689453,143.27000427246094,140.3212432861328,1949700.0,-0.0078941525682831,-0.0079254763493782,2.290008544921875,54.5423684442964,COF
2024-04-04,146.75999450683594,147.2100067138672,142.0500030517578,142.1300048828125,139.20469665527344,2419100.0,-0.0079570748142716,-0.0079889012768614,5.160003662109375,54.61699699386091,COF
2024-04-05,142.11000061035156,143.69000244140625,141.67999267578125,143.52000427246094,140.5660858154297,1567200.0,0.0097797645687744,0.0097322521933441,2.010009765625,64.89722487057375,COF
2024-04-08,143.77999877929688,145.24000549316406,143.52999877929688,143.9199981689453,140.95785522460938,1717300.0,0.0027870834341514,0.0027832067185996,1.7100067138671875,64.47221598374499,COF
2024-04-09,144.1199951171875,144.5,142.5,143.52000427246094,140.5660858154297,1354700.0,-0.0027793371895126,-0.0027832067185996,2.0,62.70476649453056,COF
2024-04-10,141.16000366210938,141.57000732421875,138.14999389648438,139.94000244140625,137.05978393554688,3041300.0,-0.0249441524927055,-0.0252605301300365,3.420013427734375,46.326777976804,COF
2024-04-11,140.1199951171875,141.3699951171875,137.60000610351562,140.33999633789062,137.4515380859375,2153300.0,0.0028582720557537,0.0028541949632933,3.769989013671875,44.0586075715027,COF
2024-04-12,138.17999267578125,139.66000366210938,137.86000061035156,139.6199951171875,136.74636840820312,2530400.0,-0.005130314928113,-0.0051435201778324,1.8000030517578125,46.59298343333627,COF
2024-04-15,141.8000030517578,142.42999267578125,138.14999389648438,139.17999267578125,136.31541442871094,2862700.0,-0.0031514839078266,-0.003156460291316,4.279998779296875,46.946027512389605,COF
2024-04-16,138.3000030517578,138.60000610351562,136.25,136.41000366210938,133.6024169921875,2206300.0,-0.0199023525541365,-0.0201030720303984,2.350006103515625,41.13162321988218,COF
2024-04-17,137.75,138.57000732421875,136.52000427246094,136.77000427246094,133.95501708984375,1762300.0,0.0026391745418563,0.0026356980361187,2.0500030517578125,32.08334715768852,COF
2024-04-18,137.99000549316406,143.66000366210938,137.99000549316406,141.6300048828125,138.71499633789062,3001200.0,0.035534161776519,0.0349173919191922,5.6699981689453125,33.55980446667212,COF
2024-04-19,142.25999450683594,145.19000244140625,142.25999450683594,142.91000366210938,139.9686279296875,2530900.0,0.0090374626024081,0.0089968691286188,2.9300079345703125,43.95545076431585,COF
2024-04-22,144.10000610351562,147.27999877929688,143.08999633789062,147.25,144.2193145751953,2875500.0,0.0303688527092165,0.0299168475620917,4.19000244140625,56.11540332455508,COF
2024-04-23,147.0800018310547,149.94000244140625,146.8800048828125,147.89999389648438,144.85592651367188,2503200.0,0.0044141933440173,0.0044044793683319,3.05999755859375,60.18473268525189,COF
2024-04-24,147.13999938964844,149.60000610351562,146.75999450683594,148.8699951171875,145.80596923828125,3961800.0,0.0065585354184296,0.0065371218019931,2.8400115966796875,64.93794115026922,COF
2024-04-25,148.33999633789062,149.0,144.92999267578125,145.97000122070312,142.96566772460938,3757700.0,-0.0194800084558277,-0.0196722444213404,4.07000732421875,55.08934402514462,COF
2024-04-26,145.16000366210938,148.97999572753906,144.6999969482422,146.2100067138672,143.2007293701172,4328700.0,0.0016441824757578,0.0016428322875189,4.279998779296875,54.78881067665421,COF
2024-04-29,146.8300018310547,147.27000427246094,144.7899932861328,145.5,142.50535583496094,2169400.0,-0.0048559357079738,-0.0048677640711567,2.480010986328125,54.0875846675372,COF
2024-04-30,144.3699951171875,145.02999877929688,143.33999633789062,143.42999267578125,140.47792053222656,2038100.0,-0.0142270814374331,-0.0143292566214137,1.69000244140625,57.68376151049846,COF
2024-05-01,143.0,143.82000732421875,141.14999389648438,141.63999938964844,138.72479248046875,1948200.0,-0.0124797409095732,-0.0125582668826914,2.670013427734375,52.69711877226212,COF
2024-05-02,143.19000244140625,143.44000244140625,141.4600067138672,141.80999755859375,138.8912811279297,2105900.0,0.0012001362156255,0.0011994166278355,1.9799957275390625,54.649654308295744,COF
2024-05-03,143.17999267578125,143.42999267578125,142.02999877929688,142.41000366210938,139.4789276123047,1638200.0,0.0042309818125569,0.0042220563757253,1.399993896484375,56.81146164339276,COF
2024-05-06,143.42999267578125,144.60000610351562,142.8300018310547,143.3300018310547,140.37997436523438,1493600.0,0.0064600923476716,0.0064393153838322,1.7700042724609375,65.82799288446955,COF
2024-05-07,144.19000244140625,144.6199951171875,141.61000061035156,142.55999755859375,139.6258544921875,1927000.0,-0.005371990388635,-0.0053864714135705,3.009994506835937,62.999618032770826,COF
2024-05-08,142.08999633789062,143.22000122070312,141.52000427246094,142.8300018310547,139.89027404785156,1269000.0,0.0018937721572107,0.0018919812314328,1.6999969482421875,53.39361890553664,COF
2024-05-09,142.66000366210938,143.4600067138672,141.94000244140625,142.49000549316406,139.55728149414062,1583100.0,-0.0023803838828497,-0.0023832215005386,1.5200042724609375,48.74553972783265,COF
2024-05-10,142.25,143.14999389648438,142.02000427246094,142.55999755859375,140.21629333496094,1322500.0,0.0047221602037867,0.0047110457809476,1.1299896240234375,34.36769308141322,COF
2024-05-13,143.8800048828125,144.24000549316406,141.91000366210938,142.1999969482422,139.8621826171875,1058400.0,-0.0025254605534857,-0.0025286549082674,2.3300018310546875,30.05881148639756,COF
2024-05-14,143.0399932861328,143.75,142.13999938964844,143.0800018310547,140.72772216796875,1680200.0,0.0061885174003775,0.0061694471637893,1.6100006103515625,29.58358382921294,COF
2024-05-15,144.0399932861328,145.3800048828125,143.5399932861328,144.35000610351562,141.9768524169922,2064800.0,0.0088762201915875,0.0088370581193188,1.8400115966796875,45.44135874986458,COF
2024-05-16,144.39999389648438,144.97000122070312,140.41000366210938,141.0500030517578,138.73109436035156,3111200.0,-0.022861177729928,-0.0231265466851538,4.55999755859375,33.871354946700734,COF
2024-05-17,142.14999389648438,142.22999572753906,140.85000610351562,141.80999755859375,139.47860717773438,1380000.0,0.005388213946047,0.0053737494565288,1.3799896240234375,39.11894389120315,COF
2024-05-20,141.80999755859375,142.02999877929688,140.10000610351562,140.6199951171875,138.30816650390625,1340700.0,-0.0083915425993368,-0.0084269498128355,1.92999267578125,41.68762341684467,COF
2024-05-21,140.27000427246094,141.02000427246094,139.9499969482422,140.4199981689453,138.11146545410156,1948200.0,-0.0014221940379719,-0.0014232063157969,1.07000732421875,47.33218200233363,COF
2024-05-22,139.97000122070312,141.58999633789062,139.22999572753906,139.42999267578125,137.13772583007812,1715500.0,-0.0070503894866501,-0.0070753609240672,2.3600006103515625,42.87298368341737,COF
2024-05-23,139.63999938964844,139.63999938964844,136.2100067138672,137.49000549316406,135.22962951660156,2788700.0,-0.01391372287915,-0.014011426056628,3.42999267578125,34.40352071973584,COF
2024-05-24,138.0500030517578,139.24000549316406,137.44000244140625,137.6199951171875,135.35748291015625,1571500.0,0.0009454539956348,0.0009450073355147,1.8000030517578125,30.45635910224439,COF
2024-05-28,137.74000549316406,138.11000061035156,136.22999572753906,136.6199951171875,134.37391662597656,1659900.0,-0.007266434503902,-0.0072929636320063,1.8800048828125,29.92205446737219,COF
2024-05-29,134.82000732421875,136.19000244140625,133.6999969482422,135.64999389648438,133.41986083984375,1615900.0,-0.0071000072788559,-0.007125332273494,2.4900054931640625,26.50285426777032,COF
2024-05-30,136.24000549316406,136.8699951171875,135.1199951171875,136.17999267578125,133.941162109375,1707000.0,0.003907223903921,0.0038996105295984,1.75,29.88037267922779,COF
2024-05-31,136.50999450683594,137.75999450683594,136.22000122070312,137.6300048828125,135.36734008789062,4432500.0,0.0106477945693126,0.0105915060181288,1.5399932861328125,33.53382710624685,COF
2024-06-03,137.42999267578125,138.0,134.88999938964844,137.1199951171875,134.86570739746094,2002600.0,-0.0037057143185644,-0.0037125974878374,3.1100006103515625,33.20117912743338,COF
2024-06-04,135.47000122070312,136.5500030517578,133.7100067138672,134.47999572753906,132.26910400390625,1942700.0,-0.0192532515764164,-0.0194410092957956,2.839996337890625,24.526177639959343,COF
2024-06-05,134.82000732421875,135.67999267578125,133.5399932861328,135.47999572753906,133.25265502929688,2226500.0,0.0074359846375127,0.0074084739986972,2.139999389648437,23.29925158383466,COF
2024-06-06,136.57000732421875,138.6199951171875,135.8699951171875,136.3699951171875,134.12803649902344,2383900.0,0.0065693360446297,0.0065478519958902,2.75,33.52121016129948,COF
2024-06-07,135.69000244140625,141.0,135.2899932861328,139.8000030517578,137.50167846679688,2835900.0,0.025152399571569,0.0248412840470705,5.710006713867188,44.04279111513286,COF
2024-06-10,138.80999755859375,141.17999267578125,138.32000732421875,140.89999389648438,138.5835418701172,2544200.0,0.0078680014337537,0.0078372101157738,2.8599853515625,50.83426018636912,COF
2024-06-11,140.16000366210938,140.39999389648438,134.5500030517578,135.13999938964844,132.91824340820312,2436100.0,-0.040880023597778,-0.0417391061863113,5.8499908447265625,38.182592167954745,COF
2024-06-12,137.27999877929688,138.99000549316406,136.1699981689453,137.10000610351562,134.84603881835938,2240500.0,0.0145036178685857,0.0143994464366499,2.82000732421875,45.00216967092881,COF
2024-06-13,136.30999755859375,136.67999267578125,134.2899932861328,135.08999633789062,132.8690948486328,1895900.0,-0.0146607493038007,-0.0147692801574949,2.389999389648437,44.86743585456032,COF
2024-06-14,134.02999877929688,135.25,133.3000030517578,133.6999969482422,131.50192260742188,2613000.0,-0.0102896180843893,-0.0103429221722893,1.9499969482421875,42.045465993059096,COF
2024-06-17,133.7899932861328,137.35000610351562,133.5,137.10000610351562,134.84603881835938,2054500.0,0.0254301697239882,0.0251122023297843,3.850006103515625,50.88759671020359,COF
2024-06-18,137.00999450683594,138.2100067138672,136.77000427246094,137.33999633789062,135.0821075439453,1399600.0,0.0017506537652465,0.0017491231570599,1.44000244140625,53.21175462627461,COF
2024-06-20,137.82000732421875,138.14999389648438,135.83999633789062,138.1300048828125,135.859130859375,1811800.0,0.0057522297331413,0.0057357488307779,2.30999755859375,53.66959192372144,COF
2024-06-21,137.0,137.77000427246094,135.2100067138672,136.77000427246094,134.52146911621094,3152700.0,-0.0098459465676152,-0.0098947384317468,2.55999755859375,48.37612025293095,COF
2024-06-24,137.0399932861328,139.11000061035156,135.6300048828125,137.67999267578125,135.41650390625,1749000.0,0.0066534717165915,0.0066314350664639,3.4799957275390625,51.04166967265768,COF
2024-06-25,137.14999389648438,137.64999389648438,134.75999450683594,134.86000061035156,132.64288330078125,1743000.0,-0.0204821460121947,-0.0206948141089361,2.889999389648437,50.70219211444218,COF
2024-06-26,133.7100067138672,136.94000244140625,133.0800018310547,136.77000427246094,134.52146911621094,2834100.0,0.0141627335646028,0.014063379042472,3.8600006103515625,52.30607867618388,COF
2024-06-27,136.02999877929688,136.24000549316406,132.9199981689453,134.02999877929688,131.8264923095703,3535000.0,-0.0200338044502954,-0.0202372022494989,3.32000732421875,46.076441166647065,COF
2024-06-28,135.38999938964844,138.7899932861328,134.66000366210938,138.4499969482422,136.173828125,4959900.0,0.0329777098613894,0.0324456118421452,4.1299896240234375,47.80908070111835,COF
2024-07-01,138.8000030517578,141.8000030517578,138.4499969482422,139.6999969482422,137.40328979492188,3081200.0,0.0090286194259978,0.0089881051178769,3.350006103515625,48.06205318285886,COF
2024-07-02,139.63999938964844,140.52000427246094,138.72999572753906,140.47999572753906,138.17047119140625,2020000.0,0.0055834281524802,0.0055678985961384,1.790008544921875,60.27713419003487,COF
2024-07-03,140.27000427246094,140.6699981689453,138.0,138.4199981689453,136.1443328857422,1805400.0,-0.0146640471599555,-0.0147726270876727,2.6699981689453125,52.53065728383753,COF
2024-07-05,138.3800048828125,138.74000549316406,135.8800048828125,136.0,133.76409912109375,2622600.0,-0.0174831644784364,-0.0176377999946255,2.8600006103515625,51.71755445779393,COF
2024-07-08,137.22000122070312,138.05999755859375,135.5,135.80999755859375,133.57723999023438,2298600.0,-0.0013969303578997,-0.0013979069747286,2.55999755859375,54.1716099381534,COF
2024-07-09,135.80999755859375,138.92999267578125,135.36000061035156,136.99000549316406,134.73785400390625,2575900.0,0.0086887108444277,0.008651181228999,3.5699920654296875,49.761610798190254,COF
2024-07-10,136.19000244140625,137.0,135.41000366210938,136.61000061035156,134.3640899658203,1665900.0,-0.0027740091368465,-0.0027778638304794,1.589996337890625,48.42736523520007,COF
2024-07-11,137.0500030517578,139.07000732421875,136.55999755859375,138.99000549316406,136.7049560546875,1803800.0,0.0174218132944796,0.0172717934110901,2.510009765625,51.7337930758375,COF
2024-07-12,139.1199951171875,139.47000122070312,137.5,138.41000366210938,136.13450622558594,1680200.0,-0.0041728540468815,-0.004181584698618,1.970001220703125,53.413817512930336,COF
2024-07-15,140.82000732421875,144.63999938964844,140.2100067138672,144.61000061035156,142.23255920410156,3018200.0,0.044794322524009,0.0438200454938802,4.42999267578125,61.82187827009322,COF
2024-07-16,144.63999938964844,149.58999633789062,144.19000244140625,149.55999755859375,147.10118103027344,3796900.0,0.0342300093130256,0.0336571974928877,5.399993896484375,73.37779578294258,COF
2024-07-17,148.8699951171875,151.33999633789062,147.44000244140625,149.47000122070312,147.01268005371094,2931500.0,-0.0006016333515656,-0.0006018144055328,3.899993896484375,71.43820865003478,COF
2024-07-18,151.77000427246094,153.35000610351562,147.69000244140625,148.72000122070312,146.27499389648438,3936900.0,-0.00501784034518,-0.0050304719794443,5.660003662109375,76.58343023631225,COF
2024-07-19,148.9199981689453,149.1199951171875,146.3000030517578,147.27000427246094,144.8488311767578,2564700.0,-0.0097498737257567,-0.0097977149625799,2.8199920654296875,67.88321718927821,COF
2024-07-22,146.2100067138672,147.32000732421875,144.5,145.11000061035156,142.72433471679688,3257100.0,-0.014666990701281,-0.0147756144400714,2.82000732421875,60.57877474053607,COF
2024-07-23,145.25999450683594,147.4600067138672,144.83999633789062,145.5,143.1079559326172,3686300.0,0.0026878472867399,0.002684241485006,2.6200103759765625,59.96824534261944,COF
2024-07-24,143.6699981689453,148.92999267578125,140.5,146.41000366210938,144.0029754638672,4567800.0,0.0062541563494304,0.0062346802757009,8.42999267578125,66.62504680620296,COF
2024-07-25,146.1699981689453,150.0500030517578,145.49000549316406,148.08999633789062,145.65536499023438,2666000.0,0.011474690165564,0.0114093552320955,4.55999755859375,75.95541019423943,COF
2024-07-26,149.27999877929688,150.10000610351562,148.41000366210938,149.36000061035156,146.90444946289062,1795100.0,0.0085756159599064,0.0085390542428256,1.69000244140625,77.8005467089876,COF
2024-07-29,149.52000427246094,149.86000061035156,147.3800048828125,149.05999755859375,146.60939025878906,1779200.0,-0.0020085110095735,-0.0020105307727422,2.4799957275390625,75.69176734611119,COF
2024-07-30,150.74000549316406,152.64999389648438,149.32000732421875,152.25,149.74697875976562,2387400.0,0.0214010064119236,0.0211752205568694,3.329986572265625,79.73389316912638,COF
2024-07-31,151.9600067138672,152.8699951171875,150.97000122070312,151.39999389648438,148.9109344482422,2026800.0,-0.0055830462721032,-0.0055986897275357,1.899993896484375,75.05046538384694,COF
2024-08-01,151.72999572753906,152.63999938964844,142.33999633789062,143.88999938964844,141.5244140625,3246000.0,-0.0496036131470893,-0.0508761320929879,10.300003051757812,58.643532613563,COF
2024-08-02,141.49000549316406,141.49000549316406,135.8000030517578,136.1199951171875,133.88214111328125,3542400.0,-0.053999679135529,-0.0555123707501144,5.69000244140625,37.240777621670674,COF
2024-08-05,131.94000244140625,133.30999755859375,128.22999572753906,131.4199981689453,129.25941467285156,3561100.0,-0.034528327691729,-0.035138517462924,5.080001831054688,22.531835762047407,COF
2024-08-06,131.3699951171875,134.82000732421875,130.77999877929688,133.69000244140625,131.4921112060547,3070100.0,0.0172729896607837,0.0171255074582826,4.040008544921875,27.58527527759585,COF
2024-08-07,135.6999969482422,137.22999572753906,132.10000610351562,132.2899932861328,130.1151123046875,2101000.0,-0.0104721027652324,-0.0105273210728992,5.1299896240234375,27.085125607786598,COF
2024-08-08,133.58999633789062,135.19000244140625,133.2100067138672,134.3699951171875,132.16091918945312,1742400.0,0.0157230535986858,0.0156007269575717,1.9799957275390625,32.31912353765948,COF
2024-08-09,134.60000610351562,135.05999755859375,133.27999877929688,134.80999755859375,132.5936737060547,1326000.0,0.0032744514736706,0.0032691021317035,1.779998779296875,35.18414626907372,COF
2024-08-12,134.25999450683594,135.1699981689453,131.8800048828125,132.1199951171875,130.52883911132812,1797100.0,-0.0155726479025241,-0.015695175299159,3.2899932861328125,32.46558670525272,COF
2024-08-13,133.0,134.27000427246094,131.77999877929688,134.0,132.38621520996094,1673900.0,0.0142296224441915,0.0141293316471688,2.4900054931640625,34.23013697722129,COF
2024-08-14,134.6999969482422,136.39999389648438,134.0399932861328,135.9499969482422,134.31272888183594,1699400.0,0.0145522225922056,0.014447355146366,2.3600006103515625,34.71601453575278,COF
2024-08-15,138.33999633789062,141.1699981689453,136.07000732421875,137.11000061035156,135.45875549316406,2374400.0,0.0085325242132214,0.0084963279795844,5.0999908447265625,34.53419176484705,COF
2024-08-16,137.05999755859375,139.80999755859375,136.5800018310547,139.55999755859375,137.87924194335938,1883600.0,0.0178688076779021,0.0177110372085146,3.2299957275390625,38.84430076413573,COF
2024-08-19,139.74000549316406,143.0,139.74000549316406,142.92999267578125,141.20864868164062,1339600.0,0.0241472660521948,0.0238603307810981,3.259994506835937,39.14263849748497,COF
2024-08-20,142.5,142.6199951171875,140.9199981689453,141.50999450683594,139.80575561523438,1326100.0,-0.0099348947780749,-0.0099845751653535,1.6999969482421875,38.58637251320267,COF
2024-08-21,141.8000030517578,142.3000030517578,139.19000244140625,139.77999877929688,138.0966033935547,1386800.0,-0.0122251921185814,-0.0123005344591592,3.1100006103515625,44.99003783703979,COF
2024-08-22,139.55999755859375,140.6300048828125,139.05999755859375,139.47999572753906,137.80020141601562,2339300.0,-0.0021463379276198,-0.0021486446120768,1.57000732421875,57.29237903308258,COF
2024-08-23,140.4600067138672,143.67999267578125,139.52000427246094,142.5399932861328,140.8233642578125,2886000.0,0.0219387403699797,0.0217015490554136,4.1599884033203125,72.88575768465364,COF
2024-08-26,143.44000244140625,144.00999450683594,141.6300048828125,142.52000427246094,140.80360412597656,1823800.0,-0.0001403185610575,-0.0001403284066278,2.379989624023437,70.19708639922473,COF
2024-08-27,142.7100067138672,143.42999267578125,141.86000061035156,142.3800048828125,140.66531372070312,1055900.0,-0.00098215103322,-0.0009826336595799,1.5699920654296875,74.18343677073833,COF
2024-08-28,142.07000732421875,144.52999877929688,142.07000732421875,144.14999389648438,142.41397094726562,1769600.0,0.0124313320768938,0.0123546975276963,2.459991455078125,73.82688889929038,COF
2024-08-29,145.32000732421875,145.6300048828125,142.75999450683594,145.3699951171875,143.61927795410156,1230300.0,0.0084634042490272,0.0084277904448815,2.8700103759765625,74.73409717639133,COF
2024-08-30,145.67999267578125,147.22000122070312,144.85000610351562,146.92999267578125,145.16046142578125,1983600.0,0.0107310348139491,0.0106738658840515,2.3699951171875,83.61332224688474,COF
2024-09-03,145.47000122070312,147.27000427246094,144.92999267578125,145.60000610351562,143.84649658203125,1530900.0,-0.0090518094999429,-0.009093026038921,2.3400115966796875,77.00195505600203,COF
2024-09-04,146.32000732421875,147.1699981689453,142.85000610351562,143.77000427246094,142.03854370117188,1996400.0,-0.0125686264442899,-0.0126482797552169,4.319992065429688,68.30532262507927,COF
2024-09-05,144.7899932861328,145.3699951171875,140.9199981689453,142.08999633789062,140.3787841796875,2261400.0,-0.0116852755472927,-0.011754084942688,4.449996948242188,61.380325853015314,COF
2024-09-06,142.10000610351562,145.0800018310547,138.13999938964844,139.0,137.32598876953125,2381600.0,-0.021746843214204,-0.0219867909243752,6.94000244140625,48.75666111145402,COF
2024-09-09,140.4199981689453,143.52999877929688,139.9499969482422,142.60000610351562,140.8826446533203,1998400.0,0.0258993648300471,0.0255696569769657,3.5800018310546875,49.27477099192591,COF
2024-09-10,140.25999450683594,140.6300048828125,131.5500030517578,137.99000549316406,136.3281707763672,7077600.0,-0.0323281401208831,-0.0328622369030729,9.080001831054688,43.215135231687526,COF
2024-09-11,136.75,136.8000030517578,132.61000061035156,136.4600067138672,134.8165740966797,2864200.0,-0.0110879260763142,-0.0111498553321618,4.19000244140625,43.55085690558738,COF
2024-09-12,136.74000549316406,138.07000732421875,134.72999572753906,137.5399932861328,135.88357543945312,1945900.0,0.0079144671189186,0.0078833120001765,3.3400115966796875,46.34239522910988,COF
2024-09-13,138.5,140.64999389648438,137.63999938964844,138.97000122070312,137.29635620117188,1822800.0,0.0103969943177442,0.010343317304811,3.009994506835937,42.82842147458769,COF
2024-09-16,138.89999389648438,141.8000030517578,138.89999389648438,140.9499969482422,139.25250244140625,2612800.0,0.0142476194879357,0.0141470760352966,2.900009155273437,47.07632395617923,COF
2024-09-17,140.92999267578125,146.60000610351562,140.92999267578125,145.0800018310547,143.33277893066406,2166000.0,0.0293012794579736,0.0288802025865939,5.670013427734375,54.37740730483522,COF
2024-09-18,145.41000366210938,148.5,143.85000610351562,145.42999267578125,143.6785430908203,2165300.0,0.0024123174247776,0.0024094124579621,4.649993896484375,52.17537156527533,COF
2024-09-19,148.5,153.07000732421875,148.11000061035156,153.0500030517578,151.206787109375,3456700.0,0.0523964389992179,0.05106988648312,4.960006713867188,60.72027447076116,COF
2024-09-20,153.36000061035156,153.36000061035156,150.7100067138672,152.27999877929688,150.44607543945312,3417000.0,-0.0050309360079955,-0.005043633772216,2.649993896484375,57.63637758489788,COF
2024-09-23,153.0,154.17999267578125,151.1699981689453,151.25,149.428466796875,1735000.0,-0.0067639427589299,-0.0067869218980924,3.009994506835937,58.13419215744872,COF
2024-09-24,151.49000549316406,151.64999389648438,144.36000061035156,147.35000610351562,145.57542419433594,2389600.0,-0.025785197995618,-0.0261234637152868,7.2899932861328125,54.86411746757752,COF
2024-09-25,148.27000427246094,148.27000427246094,145.6699981689453,146.3300018310547,144.56771850585938,1593000.0,-0.006922223954033,-0.0069462936879733,2.600006103515625,55.8660655142204,COF
2024-09-26,146.50999450683594,148.1300048828125,145.3000030517578,147.77999877929688,146.00025939941406,1492200.0,0.0099091339917398,0.0098603604611417,2.8300018310546875,62.72463755139864,COF
2024-09-27,148.77000427246094,150.27000427246094,147.57000732421875,149.08999633789062,147.29449462890625,1512300.0,0.0088646091097108,0.0088255491269763,2.6999969482421875,60.07451468356434,COF
2024-09-30,148.08999633789062,149.85000610351562,147.5,149.72999572753906,147.92677307128906,1262200.0,0.0042926142214327,0.0042834272344166,2.350006103515625,70.78607563783532,COF
2024-10-01,149.64999389648438,149.75,145.3699951171875,146.8000030517578,145.0320587158203,1713700.0,-0.0195685628461166,-0.0197625622018352,4.3800048828125,67.4426578375004,COF
2024-10-02,146.85000610351562,148.05999755859375,145.17999267578125,146.52000427246094,144.75543212890625,1881400.0,-0.0019073478606277,-0.001909169164834,2.8800048828125,65.56866185114734,COF
2024-10-03,145.30999755859375,145.74000549316406,143.3000030517578,145.1999969482422,143.45132446289062,1967200.0,-0.0090090412970085,-0.0090498681014452,2.44000244140625,60.84231905187364,COF
2024-10-04,148.77999877929688,153.5500030517578,148.77000427246094,153.44000244140625,151.59210205078125,2551000.0,0.0567494069390523,0.0551975992524471,4.779998779296875,67.8479710791043,COF
2024-10-07,152.3000030517578,153.44000244140625,150.66000366210938,152.0,150.16941833496094,2016600.0,-0.0093849461586312,-0.0094292622532111,2.779998779296875,60.712028085584144,COF
2024-10-08,152.27000427246094,152.52999877929688,149.4600067138672,149.5,147.6995391845703,1904400.0,-0.0164472845255445,-0.0165840427170959,3.0699920654296875,55.90712154252266,COF
2024-10-09,149.91000366210938,151.8800048828125,149.2100067138672,151.8000030517578,149.9718475341797,2079400.0,0.0153846678341347,0.0152675237856167,2.6699981689453125,47.854459658285066,COF
2024-10-10,151.07000732421875,152.30999755859375,150.1199951171875,151.1300048828125,149.30990600585938,1440800.0,-0.0044137719125547,-0.0044235413611464,2.19000244140625,48.01926152451424,COF
2024-10-11,152.0,156.33999633789062,152.0,155.67999267578125,153.80511474609375,2498900.0,0.030106567343616,0.0296622603299757,4.339996337890625,56.8049024678412,COF
2024-10-14,155.67999267578125,157.35000610351562,154.0399932861328,156.61000061035156,154.7239227294922,2379600.0,0.0059738454401547,0.0059560727711442,3.3100128173828125,65.65247084918015,COF
2024-10-15,157.6999969482422,159.77999877929688,155.8300018310547,156.72999572753906,154.8424530029297,2164700.0,0.0007660759328389,0.0007657826464483,3.949996948242188,68.1310479234913,COF
2024-10-16,159.10000610351562,159.2899932861328,157.4199981689453,158.07000732421875,156.1663360595703,1942200.0,0.0085498713754914,0.0085135282311044,1.8699951171875,68.0083662284614,COF
2024-10-17,158.60000610351562,160.4499969482422,158.07000732421875,159.75,157.8260955810547,2771900.0,0.0106281517730637,0.0105720699819111,2.379989624023437,68.41735898638736,COF
2024-10-18,159.6999969482422,159.75999450683594,155.36000061035156,159.02999877929688,157.11476135253906,2516900.0,-0.0045070761327318,-0.0045172636224174,4.399993896484375,66.02338322279311,COF
2024-10-21,158.5800018310547,159.6199951171875,156.02000427246094,157.02000427246094,155.1289825439453,2265800.0,-0.0126390339869975,-0.0127195860301367,3.5999908447265625,68.18503605062367,COF
2024-10-22,157.10000610351562,157.3800048828125,155.3699951171875,156.02000427246094,154.1410369873047,2187000.0,-0.0063685427470702,-0.0063889084279489,2.010009765625,66.48161873266012,COF
2024-10-23,155.86000061035156,157.0,152.97999572753906,154.25,152.39231872558594,2742200.0,-0.0113449234279043,-0.0114097679758083,4.0200042724609375,65.45945657869257,COF
2024-10-24,155.1999969482422,155.4199981689453,152.22000122070312,153.25999450683594,151.41424560546875,3592600.0,-0.006418126112238,-0.00643881083591,3.1999969482421875,49.59122580355552,COF
2024-10-25,164.27999877929688,167.92999267578125,161.11000061035156,161.27000427246094,159.32778930664062,6087500.0,0.0522641952844498,0.0509442189880493,6.819992065429688,66.21196675942177,COF
2024-10-28,161.5800018310547,165.91000366210938,160.08999633789062,165.3699951171875,163.37840270996094,4109000.0,0.0254231444555133,0.0251053512610839,5.82000732421875,76.28349224896225,COF
2024-10-29,164.6699981689453,165.36000061035156,162.47999572753906,162.99000549316406,161.027099609375,2596600.0,-0.0143917620786151,-0.014496327957186,2.8800048828125,68.48367989313648,COF
2024-10-30,163.9199981689453,167.88999938964844,163.05999755859375,166.77000427246094,164.76156616210938,2787600.0,0.0231915408138976,0.0229267038654999,4.830001831054688,73.42724838102501,COF
2024-10-31,167.0,167.0399932861328,162.77000427246094,162.7899932861328,160.8294677734375,3425800.0,-0.0238653860864801,-0.0241547779879764,4.269989013671875,60.83508289633486,COF
2024-11-01,162.35000610351562,165.17999267578125,162.02000427246094,163.89999389648438,161.92611694335938,3375200.0,0.006818707946399,0.0067955656979644,3.1599884033203125,61.04878522655718,COF
2024-11-04,163.64999389648438,163.75999450683594,160.32000732421875,161.27999877929688,159.33766174316406,2234600.0,-0.0159854089572266,-0.0161145537443203,3.4399871826171875,56.41025752611991,COF
2024-11-05,162.3699951171875,166.44000244140625,161.9199981689453,166.0500030517578,164.05023193359375,2489600.0,0.029575996904146,0.0291470639978657,4.5200042724609375,60.25179120972879,COF
2024-11-06,190.2899932861328,198.3000030517578,185.97000122070312,190.97000122070312,188.6701202392578,12157300.0,0.1500753032499826,0.1398274213183073,12.330001831054688,75.11260578533341,COF
2024-11-07,188.0800018310547,189.25,184.5500030517578,184.82000732421875,182.5941772460937,4766500.0,-0.0322040553398652,-0.0327340148981428,4.699996948242188,69.0782601939795,COF
2024-11-08,184.8000030517578,187.52999877929688,183.25,185.2100067138672,182.9794921875,4247000.0,0.0021102257871397,0.0021080023880699,4.279998779296875,71.36575417543925,COF
2024-11-11,188.8500061035156,191.9900054931641,186.3699951171875,190.2100067138672,187.9192657470703,5171900.0,0.0269963234705477,0.0266383510671289,5.620010375976591,74.43186308117677,COF
2024-11-12,189.8000030517578,191.259994506836,186.47000122070312,186.7899932861328,184.5404357910156,3284800.0,-0.0179802211477477,-0.0181438294331008,4.789993286132841,72.71710193620451,COF
2024-11-13,187.17999267578125,189.17999267578125,184.91000366210932,185.52999877929688,183.29562377929688,3347100.0,-0.0067454702075615,-0.0067683237214994,4.269989013671903,72.4440054087894,COF
2024-11-14,184.5200042724609,185.5800018310547,181.6300048828125,183.0,181.3826904296875,3005800.0,-0.0104363285394784,-0.0104911689045773,3.949996948242188,66.95913774613446,COF
2024-11-15,183.33999633789065,185.97000122070312,183.0800018310547,185.13999938964844,183.50376892089844,4122400.0,0.0116939410601208,0.0116260953416753,2.889999389648437,65.94868699297884,COF
2024-11-18,184.4499969482422,186.1000061035156,182.07000732421875,182.8600006103516,181.2439117431641,2514000.0,-0.0123150450316281,-0.0123915035740949,4.029998779296847,66.0444089443715,COF
2024-11-19,179.6699981689453,182.0,179.0800018310547,181.0,179.4003448486328,2204600.0,-0.010171745228848,-0.0102238309320416,2.9199981689453125,61.97705330384034,COF
2024-11-20,181.32000732421875,181.8000030517578,179.9499969482422,180.69000244140625,179.0930938720703,2310300.0,-0.0017126554401093,-0.0017141237111053,1.850006103515625,65.88502660809142,COF
2024-11-21,181.72000122070312,184.1000061035156,180.759994506836,182.63999938964844,181.02584838867188,3628200.0,0.0107918986422903,0.010734081701891,3.3400115966796307,66.37409091693965,COF
2024-11-22,183.0800018310547,187.57000732421875,182.82000732421875,187.0599975585937,185.40679931640625,2051500.0,0.0242006927006812,0.0239124963794968,4.75,71.68253365521655,COF
2024-11-25,188.58999633789065,193.5800018310547,188.02999877929688,191.88999938964844,190.1941070556641,4899200.0,0.0258205619044642,0.0254928405220541,5.5500030517578125,71.71769512418024,COF
2024-11-26,191.1499938964844,192.22000122070312,189.3000030517578,191.4499969482422,189.7579803466797,2327400.0,-0.0022930611033955,-0.0022956941940027,2.9199981689453125,51.51064405044322,COF
2024-11-27,192.3000030517578,193.5599975585937,190.22999572753903,191.2899932861328,189.59942626953125,1561100.0,-0.0008355594682172,-0.0008359087426029,3.3300018310546875,61.640837356485065,COF
2024-11-29,193.0500030517578,194.3000030517578,191.8699951171875,192.009994506836,190.31304931640625,1132300.0,0.0037638460248319,0.003756780479915,2.4300079345703125,62.054864063857565,COF
2024-12-02,192.6699981689453,193.0,187.32000732421875,187.5200042724609,185.8627319335937,2504500.0,-0.023384194614073,-0.0236619433918181,5.67999267578125,46.56419350052689,COF
2024-12-03,189.41000366210932,189.47000122070312,186.5800018310547,187.0599975585937,185.40679931640625,2355000.0,-0.0024530609899264,-0.0024560746735452,2.889999389648437,51.60407593157214,COF
2024-12-04,186.75,187.3600006103516,185.0,185.5,183.860580444336,1783600.0,-0.008339601771732,-0.0083745708048466,2.360000610351591,51.034473894936056,COF
2024-12-05,185.5,186.5599975585937,184.3699951171875,185.57000732421875,183.9299774169922,1682200.0,0.0003774434546464,0.0003773722407845,2.1900024414062216,55.00195057465548,COF
2024-12-06,186.3600006103516,188.22000122070312,186.0,187.9600067138672,186.29884338378903,2696800.0,0.0128791728247013,0.0127969415727675,2.220001220703125,55.43561993094267,COF
2024-12-09,186.8000030517578,188.72999572753903,184.6000061035156,184.72000122070312,183.0874938964844,3212700.0,-0.0172376243940979,-0.0173879219271978,4.1299896240234375,53.45729353558419,COF
2024-12-10,185.0399932861328,185.3800048828125,182.8500061035156,183.92999267578125,182.3044586181641,2976800.0,-0.0042768365094506,-0.0042860083349887,2.5299987792969034,55.67172398666858,COF
2024-12-11,184.75,186.75,182.8800048828125,186.0500030517578,184.40573120117188,2803000.0,0.0115261722008066,0.0114602519333391,3.8699951171875,59.69611313324853,COF
2024-12-12,185.6999969482422,186.6499938964844,184.1699981689453,184.75,183.11721801757807,2185200.0,-0.0069873814398324,-0.0070119075049473,2.479995727539091,53.90888805738578,COF
2024-12-13,185.8800048828125,186.07000732421875,183.6699981689453,184.52999877929688,182.89913940429688,2053100.0,-0.0011909235824031,-0.0011916332954246,2.400009155273437,44.44927808393327,COF
2024-12-16,184.6300048828125,185.3099975585937,182.97000122070312,185.1100006103516,183.4740295410156,2105400.0,0.0031432085388216,0.0031382789859031,2.3399963378905966,31.71524394648813,COF
2024-12-17,183.0399932861328,184.3000030517578,181.07000732421875,181.17999267578125,179.57875061035156,2995100.0,-0.0212306828405556,-0.0214592953105139,3.2299957275390625,26.6909154437454,COF
2024-12-18,181.63999938964844,182.69000244140625,173.9600067138672,174.44000244140625,172.89834594726562,3191800.0,-0.0372004184257914,-0.0379100076659521,8.729995727539062,20.552287539495765,COF
2024-12-19,178.92999267578125,180.2400054931641,174.2899932861328,175.66000366210938,174.10755920410156,4034800.0,0.0069937815206442,0.0069694384647706,5.950012207031278,21.91692293860821,COF
2024-12-20,175.0800018310547,180.8600006103516,174.27000427246094,178.64999389648438,177.0711212158203,5164300.0,0.017021443671177,0.016878202066529,6.589996337890653,33.93698991724919,COF
2024-12-23,177.39999389648438,180.3500061035156,177.1699981689453,179.97000122070312,178.37945556640625,2095300.0,0.0073887505856546,0.007361587486892,3.180007934570284,37.54830148562544,COF
2024-12-24,179.8300018310547,182.2400054931641,179.64999389648438,182.1199951171875,180.5104522705078,931300.0,0.0119464245326628,0.0118756292787769,2.590011596679716,44.18444983858193,COF
2024-12-26,180.759994506836,182.7400054931641,180.00999450683594,182.3600006103516,180.7483367919922,1255600.0,0.0013178434738387,0.0013169758802793,2.7300109863281534,44.509050460107154,COF
2024-12-27,181.08999633789065,182.8500061035156,179.47999572753906,180.22000122070312,178.62725830078125,1209100.0,-0.0117349820687528,-0.0118043804308029,3.370010375976534,36.64598615951878,COF
2024-12-30,178.14999389648438,179.3000030517578,175.8300018310547,177.92999267578125,176.35748291015625,1726500.0,-0.0127067694607003,-0.0127881909269816,3.470001220703125,37.8879599635752,COF
2024-12-31,178.49000549316406,179.6199951171875,177.5500030517578,178.32000732421875,176.74404907226562,1175000.0,0.0021919464699227,0.0021895476599949,2.0699920654296875,39.84802416368986,COF
2025-01-02,180.0,182.19000244140625,177.08999633789062,178.7100067138672,177.13059997558594,1792900.0,0.0021870660163627,0.002184677868873,5.100006103515625,35.83012904909285,COF
2025-01-03,180.0,180.5200042724609,177.22000122070312,180.42999267578125,178.8353729248047,1886700.0,0.0096243842083396,0.0095783648589682,3.300003051757784,41.79326569037298,COF
2025-01-06,184.97999572753903,185.6999969482422,181.8099975585937,183.5200042724609,181.8980865478516,2277900.0,0.0171258827208344,0.016980887893061,3.889999389648466,48.26999154575555,COF
2025-01-07,184.97999572753903,185.38999938964844,180.6199951171875,181.88999938964844,180.2824859619141,2508300.0,-0.0088818998407247,-0.0089215790389542,4.7700042724609375,44.67592156567284,COF
2025-01-08,180.4499969482422,181.38999938964844,178.8699951171875,180.13999938964844,178.54795837402344,2355400.0,-0.0096211652431789,-0.009667747679165,2.520004272460937,48.146855794141175,COF
2025-01-10,179.08999633789062,179.25,174.66000366210938,175.2899932861328,173.74081420898438,4405100.0,-0.0269235459694757,-0.0272926243120908,4.589996337890625,51.62395877453056,COF
2025-01-13,175.47999572753906,180.509994506836,174.75,180.3300018310547,178.73626708984375,4205300.0,0.0287523280215009,0.0283467359679438,5.759994506835966,57.78589413543251,COF
2025-01-14,182.4499969482422,185.0500030517578,181.1000061035156,184.72000122070312,183.0874938964844,3534500.0,0.0243443979080835,0.0240527961544901,3.949996948242216,59.66869985586053,COF
2025-01-15,191.1699981689453,192.08999633789065,188.3300018310547,190.67999267578125,188.9947967529297,4533900.0,0.0322649173393854,0.031755336965074,3.759994506835966,64.86259798025546,COF
2025-01-16,189.9900054931641,192.17999267578125,187.5,188.44000244140625,186.7746124267578,2802000.0,-0.0117473304255792,-0.0118168754941202,4.67999267578125,58.748636115657376,COF
2025-01-17,189.0,193.1699981689453,187.9199981689453,190.97000122070312,189.28224182128903,3723800.0,0.0134259649207655,0.0133366353228852,5.25,61.20802087383111,COF
2025-01-21,191.0,194.13999938964844,191.0,193.2100067138672,191.50245666503903,4203700.0,0.0117296520919603,0.0116613929748194,3.139999389648437,66.8657482529391,COF
2025-01-22,196.7400054931641,202.1499938964844,195.33999633789065,200.92999267578125,199.1542205810547,7313500.0,0.0399564791453277,0.0391788653020257,6.80999755859375,76.1720705724649,COF
2025-01-23,202.3000030517578,207.2400054931641,200.88999938964844,204.02999877929688,202.2268218994141,5094000.0,0.0154282510779573,0.0153104457538821,6.350006103515653,77.55628032563831,COF
2025-01-24,202.63999938964844,205.42999267578125,202.32000732421875,203.52999877929688,201.7312469482422,4654200.0,-0.0024505896226683,-0.0024535972320332,3.1099853515625,76.53979847091794,COF
2025-01-27,203.0200042724609,204.5599975585937,200.2100067138672,202.509994506836,200.72024536132807,2859700.0,-0.0050116261224197,-0.0050242264369546,4.349990844726534,73.96874439112645,COF
2025-01-28,201.38999938964844,204.7899932861328,200.6199951171875,203.1199951171875,201.3248748779297,3495400.0,0.0030122996089068,0.0030077717250561,4.1699981689453125,72.48738703795144,COF
2025-01-29,202.5399932861328,206.2899932861328,202.5399932861328,203.91000366210932,202.1078948974609,2906600.0,0.0038893356819718,0.0038817917701585,3.75,75.76043114210714,COF
2025-01-30,206.0500030517578,208.6300048828125,203.02999877929688,204.6199951171875,202.8116149902344,2840100.0,0.0034819030356558,0.0034758552457604,5.600006103515625,79.3525231116487,COF
2025-01-31,203.0800018310547,206.6199951171875,203.0800018310547,203.7100067138672,201.9096527099609,2750900.0,-0.0044472910504506,-0.0044572096675368,3.5399932861328125,87.63242686123287,COF
2025-02-03,199.7400054931641,202.3000030517578,197.1199951171875,200.91000366210932,199.1343994140625,3049900.0,-0.0137450253549046,-0.0138403628346772,5.1800079345703125,78.96961165292583,COF
2025-02-04,202.4499969482422,203.4600067138672,199.4900054931641,200.1199951171875,198.35137939453125,3090100.0,-0.0039321183172531,-0.0039398694199909,3.9700012207030966,74.1228019407547,COF
2025-02-05,201.82000732421875,204.0,198.8999938964844,203.77999877929688,201.97903442382807,2371900.0,0.0182890335341767,0.018123800751434,5.100006103515597,72.1134540631311,COF
2025-02-06,205.6000061035156,207.0,203.5,206.63999938964844,204.81375122070312,3633900.0,0.0140347081317695,0.0139371335099894,3.5,80.09255228975259,COF
2025-02-07,206.94000244140625,207.4199981689453,202.8099975585937,203.2100067138672,201.41407775878903,1772300.0,-0.0165988535518334,-0.0167381582045234,4.610000610351591,69.65318604913278,COF
2025-02-10,203.4199981689453,203.6000061035156,197.9900054931641,198.7899932861328,197.0331268310547,2595500.0,-0.0217509668464233,-0.0219910062349845,5.610000610351506,58.37332202284089,COF
2025-02-11,197.3699951171875,200.5200042724609,197.3500061035156,199.27999877929688,197.518798828125,2048900.0,0.0024649255933837,0.0024618926472618,3.1699981689453125,46.8378645502958,COF
2025-02-12,199.1199951171875,199.1300048828125,193.6499938964844,196.5399932861328,194.80300903320312,4601200.0,-0.013749525670643,-0.0138449258798549,5.480010986328097,35.44501092236719,COF
2025-02-13,197.2100067138672,198.7700042724609,192.9600067138672,197.3099975585937,195.5662078857422,3213600.0,0.0039177980685554,0.0039101434839332,5.809997558593722,38.03846336033356,COF
2025-02-14,197.8000030517578,203.22999572753903,197.57000732421875,202.16000366210932,200.37335205078125,2506300.0,0.0245806482469996,0.0242834052149889,5.659988403320284,49.41336578478012,COF
2025-02-18,203.3999938964844,203.8800048828125,201.009994506836,202.8000030517578,201.6060485839844,4548400.0,0.0061519983599951,0.0061331520734699,2.870010375976534,50.46560458858165,COF
2025-02-19,204.0,210.1000061035156,203.0,209.82000732421875,208.5847320556641,4670400.0,0.0346154469109221,0.0340298087976097,7.100006103515597,58.89916573859144,COF
2025-02-20,210.0,210.6699981689453,200.8800048828125,205.3699951171875,204.1609039306641,3975500.0,-0.0212087820685716,-0.0214369197347989,9.789993286132812,51.68197545141736,COF
2025-02-21,205.57000732421875,206.3600006103516,199.1100006103516,200.1999969482422,199.0213623046875,3960700.0,-0.0251739756585426,-0.0254962604788534,7.25,46.74359400477367,COF
2025-02-24,201.3099975585937,202.67999267578125,195.8000030517578,199.9199981689453,198.74301147460932,3057100.0,-0.0013985977527981,-0.0013995767035138,6.8799896240234375,49.5324022456359,COF
2025-02-25,199.9600067138672,200.6499938964844,190.8999938964844,193.91000366210932,192.76840209960932,4520300.0,-0.0300619847242442,-0.0305231113040855,9.75,44.06602966352661,COF
2025-02-26,196.1699981689453,199.5800018310547,195.3800048828125,196.7700042724609,195.611557006836,3543500.0,0.0147490713014131,0.0146413615370554,4.199996948242188,43.11743274513341,COF
2025-02-27,198.57000732421875,201.47999572753903,196.259994506836,196.97999572753903,195.8202972412109,2866800.0,0.0010671160618984,0.0010665470982845,5.220001220703068,39.69397814769105,COF
2025-02-28,198.6000061035156,200.72000122070312,196.6999969482422,200.5500030517578,199.3693084716797,3699600.0,0.0181238169917448,0.0179615384255488,4.0200042724609375,47.66479533370327,COF
2025-03-03,200.3000030517578,202.25,193.1999969482422,196.17999267578125,195.0250244140625,3679900.0,-0.021790134554408,-0.0220310456224902,9.050003051757812,47.704748028587446,COF
2025-03-04,192.0599975585937,192.66000366210932,180.92999267578125,184.8999938964844,183.81141662597656,6272100.0,-0.0574983021885338,-0.0592175582701176,11.730010986328097,37.41810388414978,COF
2025-03-05,184.97999572753903,186.5,181.6100006103516,185.9499969482422,184.8552398681641,3509500.0,0.0056787726320151,0.0056627091877849,4.889999389648409,40.57988437569092,COF
2025-03-06,179.7899932861328,182.1199951171875,175.55999755859375,176.1300048828125,175.0930633544922,5779900.0,-0.0528098447230066,-0.0542554084062044,6.55999755859375,33.43587396070524,COF
2025-03-07,175.0,175.52000427246094,168.22000122070312,173.1699981689453,172.15048217773438,10064400.0,-0.0168058124084578,-0.0169486324732315,7.300003051757812,26.455470166546817,COF
2025-03-10,167.99000549316406,168.0399932861328,160.7100067138672,163.8699951171875,162.90524291992188,6937800.0,-0.0537044052439387,-0.0552002907085634,7.329986572265625,21.52159345486298,COF
2025-03-11,165.1300048828125,167.67999267578125,163.02999877929688,165.39999389648438,164.4262237548828,5541300.0,0.0093365984280113,0.0092932818041173,4.649993896484375,14.667500134299049,COF
2025-03-12,169.5,172.27000427246094,167.3800048828125,170.4499969482422,169.44650268554688,4947900.0,0.0305321062298919,0.0300752768357633,4.8899993896484375,22.486611815077765,COF
2025-03-13,171.69000244140625,171.6999969482422,164.27000427246094,166.1199951171875,165.14198303222656,3388000.0,-0.0254034139690005,-0.0257316515226389,7.42999267578125,22.788240816431625,COF
2025-03-14,168.61000061035156,172.24000549316406,167.5,171.8699951171875,170.85813903808594,3898600.0,0.0346135846312558,0.0340280088231865,4.740005493164063,29.402262404372195,COF
2025-03-17,170.0,172.5,159.91000366210938,165.25999450683594,164.28704833984375,13698500.0,-0.0384593367060929,-0.0392184233302395,12.589996337890623,29.14543096482639,COF
2025-03-18,165.61000061035156,169.47000122070312,164.5800018310547,168.77999877929688,167.7863311767578,4972200.0,0.0212998095240926,0.0210761390985135,4.8899993896484375,29.819763231469025,COF
2025-03-19,168.0,174.5500030517578,166.0500030517578,172.60000610351562,171.5838623046875,4132000.0,0.0226331376417612,0.0223808084211014,8.5,33.29226065840126,COF
2025-03-20,170.44000244140625,175.9499969482422,170.30999755859375,174.47000122070312,173.44284057617188,2845300.0,0.0108342255880877,0.0107759558598238,5.6399993896484375,31.70082313701037,COF
2025-03-21,172.6699981689453,175.30999755859375,171.47999572753906,174.82000732421875,173.79078674316406,5074900.0,0.002006114324675,0.0020041047644893,3.830001831054688,34.11661740894894,COF
2025-03-24,178.3300018310547,181.75,176.5,180.8600006103516,179.79522705078125,3801300.0,0.0345498194705271,0.0339663750627764,5.25,46.74195834786757,COF
2025-03-25,183.94000244140625,184.0,180.3500061035156,182.44000244140625,181.3659210205078,3463600.0,0.0087360159415297,0.0086980777466063,3.6499938964844034,47.19336194187205,COF
2025-03-26,183.3999938964844,184.83999633789065,178.9199981689453,179.8300018310547,178.7712860107422,3255400.0,-0.0143060779840344,-0.0144093964898788,5.919998168945341,53.34418205881617,COF
2025-03-27,178.0399932861328,179.94000244140625,175.66000366210938,178.14999389648438,177.10116577148438,2463200.0,-0.0093422175144919,-0.0093861297341935,4.279998779296875,54.60769649827109,COF
2025-03-28,177.25999450683594,179.33999633789062,171.52999877929688,173.52999877929688,172.50836181640625,2617300.0,-0.0259332226022965,-0.026275417733154,7.80999755859375,59.78523024949188,COF
2025-03-31,171.50999450683594,180.22999572753903,171.25,179.3000030517578,178.24440002441406,6130700.0,0.0332507836003477,0.0327099327934942,8.979995727539034,62.966408881420506,COF
2025-04-01,177.17999267578125,179.4600067138672,175.55999755859375,178.22000122070312,177.17076110839844,3248200.0,-0.0060234089590953,-0.006041622863534,3.9000091552734375,57.82791959069798,COF
2025-04-02,175.0,184.3099975585937,173.30999755859375,182.17999267578125,181.10743713378903,3579000.0,0.0222196710154787,0.0219764109699335,10.999999999999972,66.30124949365903,COF
2025-04-03,166.0,176.4499969482422,158.52000427246094,164.0399932861328,163.07423400878906,13576300.0,-0.0995718530966696,-0.104884909994654,17.92999267578125,43.64963612688627,COF
2025-04-04,156.89999389648438,158.5,146.19000244140625,150.57000732421875,149.6835479736328,11073800.0,-0.0821140514106878,-0.0856821350894154,12.30999755859375,39.278950602887136,COF
2025-04-07,144.94000244140625,159.6999969482422,143.22000122070312,154.6699981689453,153.7593994140625,8586300.0,0.0272297890824158,0.0268656538079973,16.479995727539062,39.78867974829073,COF
2025-04-08,162.94000244140625,164.30999755859375,149.69000244140625,152.35000610351562,151.4530792236328,5796500.0,-0.014999539535264,-0.0151131703332681,14.6199951171875,35.019962543405825,COF
2025-04-09,149.3699951171875,177.66000366210938,147.3000030517578,174.91000366210938,173.8802490234375,10828400.0,0.1480799856613621,0.1380909693913069,30.36000061035156,50.24920654846584,COF
2025-04-10,169.5,169.50999450683594,156.75,162.16000366210938,161.205322265625,6294400.0,-0.0728945744499367,-0.0756879922128119,12.759994506835938,43.71275049300117,COF
2025-04-11,161.4199981689453,161.7100067138672,155.8300018310547,160.97000122070312,160.02230834960938,5339500.0,-0.0073385537114358,-0.0073656133638103,5.8800048828125,39.62223413180577,COF
2025-04-14,166.16000366210938,166.16000366210938,159.75999450683594,162.52000427246094,161.56320190429688,3174500.0,0.0096292421386712,0.0095831764688306,6.4000091552734375,39.603341245572885,COF
2025-04-15,163.6699981689453,166.92999267578125,163.22999572753906,163.5399932861328,162.57717895507812,2734400.0,0.0062760395859318,0.0062564272651835,3.699996948242188,41.35441147838922,COF
2025-04-16,161.5,164.00999450683594,157.88999938964844,160.05999755859375,159.11766052246094,4003400.0,-0.0212792376817726,-0.0215089045951137,6.1199951171875,40.5790986984148,COF
2025-04-17,161.32000732421875,164.77999877929688,158.4199981689453,162.77000427246094,161.8117218017578,2340500.0,0.0169312524483513,0.0167895164023472,6.3600006103515625,44.282682902521096,COF
2025-04-21,169.0800018310547,171.3699951171875,161.50999450683594,165.16000366210938,164.18765258789062,12120200.0,0.0146833045200747,0.0145765485557066,9.860000610351562,42.20679034539163,COF
2025-04-22,167.92999267578125,171.39999389648438,167.0,170.1999969482422,169.19798278808594,6890700.0,0.0305158769324218,0.0300595282480516,4.399993896484375,45.76468253762392,COF
2025-04-23,177.0,184.4900054931641,175.60000610351562,176.4600067138672,175.42112731933594,7665100.0,0.0367802525107183,0.0361199998591746,8.889999389648466,47.05094533908218,COF
2025-04-24,177.0,186.0500030517578,176.00999450683594,185.0500030517578,183.9605407714844,6516700.0,0.0486795039037877,0.047531757377908,10.040008544921877,62.01533090230348,COF
2025-04-25,184.69000244140625,186.63999938964844,182.52999877929688,182.72999572753903,181.6542053222656,3464000.0,-0.0125371204039008,-0.0126163731958237,4.1100006103515625,71.08023437451263,COF
2025-04-28,183.25,185.66000366210932,181.63999938964844,183.1300048828125,182.05186462402344,3185900.0,0.0021891004452794,0.0021867078560089,4.020004272460909,69.60596574164987,COF
2025-04-29,183.1000061035156,183.91000366210932,180.0500030517578,183.0800018310547,182.0021514892578,2602900.0,-0.0002730712748715,-0.0002731085656209,3.860000610351534,71.85320616236345,COF
2025-04-30,180.1999969482422,180.8099975585937,174.72000122070312,180.259994506836,179.19873046875,4171100.0,-0.015403230113317,-0.0155230922985156,6.089996337890597,55.289669791734944,COF
2025-05-01,179.74000549316406,181.97000122070312,178.3300018310547,180.22000122070312,179.1589813232422,3232000.0,-0.0002218159994986,-0.000221840604306,3.6399993896484375,73.85097395634207,COF
2025-05-02,184.0500030517578,189.33999633789065,182.88999938964844,187.8300018310547,186.72418212890625,4696700.0,0.0422261878795502,0.0413589906763755,6.449996948242216,80.32970148901912,COF
2025-05-05,185.47000122070312,189.47000122070312,185.13999938964844,187.8999938964844,186.79376220703125,3105000.0,0.0003726356025861,0.0003725661911829,4.330001831054688,79.64950143952069,COF
2025-05-06,185.0,187.22000122070312,184.0,185.7100067138672,184.61666870117188,3461900.0,-0.011655065351949,-0.0117235180262166,3.220001220703125,75.21037444661722,COF
2025-05-07,186.92999267578125,189.1100006103516,185.5200042724609,186.5500030517578,185.45172119140625,4733900.0,0.0045231695280236,0.0045129707390707,3.589996337890682,82.04695213686695,COF
2025-05-08,188.92999267578125,192.66000366210932,188.47999572753903,189.5,188.3843536376953,5081500.0,0.0158134549922146,0.0156897250072806,4.1800079345703125,82.150595282931,COF
2025-05-09,189.83999633789065,189.83999633789065,186.47999572753903,187.759994506836,186.6545867919922,3178400.0,-0.0091821152463109,-0.0092245307086021,3.36000061035162,77.61484201662067,COF
2025-05-12,198.22999572753903,203.0,197.3999938964844,199.9499969482422,198.7728271484375,6840700.0,0.0649233461910576,0.0629028211635769,5.600006103515597,80.94444385904572,COF
2025-05-13,199.759994506836,204.47999572753903,199.25,201.0399932861328,199.8563995361328,4635200.0,0.0054513104393596,0.0054365058252674,5.229995727539034,78.64800056673798,COF
2025-05-14,201.6499938964844,202.0,196.38999938964844,197.2400054931641,196.0787811279297,7114300.0,-0.018901663479233,-0.0190825833388782,5.6100006103515625,65.99318611946717,COF
2025-05-15,195.5200042724609,197.82000732421875,193.3999938964844,197.5,196.33724975585932,8200600.0,0.0013181876511207,0.0013173196045274,4.420013427734347,70.48543342087245,COF
2025-05-16,197.38999938964844,199.47000122070312,195.3300018310547,197.22000122070312,196.05889892578125,18227300.0,-0.0014177178830009,-0.0014187237958449,4.1399993896484375,69.60755624571472,COF
2025-05-19,195.7899932861328,200.0,194.5,197.41000366210932,196.247787475586,6054400.0,0.000963427576303,0.0009629637778226,5.5,69.86415973677923,COF
2025-05-20,196.3600006103516,197.7899932861328,194.75,195.9499969482422,194.7963714599609,5240400.0,-0.0073958337787916,-0.0074233185565167,3.0399932861328125,72.60158815863538,COF
2025-05-21,195.0,195.0,186.7899932861328,186.92999267578125,185.8294677734375,5918900.0,-0.0460321905347528,-0.0471253508020505,8.210006713867188,57.67909131885733,COF
2025-05-22,186.8800048828125,189.4900054931641,186.02999877929688,188.5599975585937,187.4498748779297,4771200.0,0.0087198608697935,0.0086820624553455,3.460006713867216,50.96790028382299,COF
2025-05-23,183.57000732421875,186.47999572753903,183.3800048828125,185.0800018310547,184.57769775390625,6580600.0,-0.0153223741861329,-0.0154409748166593,3.099990844726534,47.24989812473773,COF
2025-05-27,186.67999267578125,192.44000244140625,186.5500030517578,192.0500030517578,191.52877807617188,7053500.0,0.0376593727565794,0.036967573621054,5.8899993896484375,57.66911631258312,COF
2025-05-28,192.83999633789065,193.22999572753903,190.75,191.0800018310547,190.56141662597656,4359200.0,-0.0050507368130892,-0.0050635348956178,2.479995727539034,55.652707625835454,COF
2025-05-29,193.27999877929688,193.5399932861328,189.52999877929688,190.759994506836,190.2422790527344,4204000.0,-0.0016747229260398,-0.0016761268421453,4.0099945068359375,52.18151425515412,COF
2025-05-30,189.44000244140625,190.1000061035156,186.4600067138672,189.1499938964844,188.6366424560547,6183000.0,-0.0084399566945612,-0.0084757748069969,3.639999389648409,52.33406765590578,COF
2025-06-02,188.6000061035156,191.759994506836,186.509994506836,191.4600067138672,190.9403839111328,3858300.0,0.012212587252844,0.0121386152597848,5.25,38.00352153657532,COF
2025-06-03,191.5200042724609,195.9199981689453,190.69000244140625,195.6300048828125,195.0990753173828,4623100.0,0.0217800515588442,0.0215462548808127,5.229995727539063,43.34078903413931,COF
2025-06-04,196.13999938964844,197.1000061035156,192.6000061035156,192.8600006103516,192.33657836914065,3022800.0,-0.014159456900286,-0.0142606584519566,4.5,44.60851622683855,COF
2025-06-05,193.17999267578125,194.3000030517578,190.8500061035156,192.0,191.4789123535156,2558300.0,-0.004459193476859,-0.0044691653354309,3.449996948242216,43.11927319248989,COF
2025-06-06,194.94000244140625,198.7700042724609,194.4900054931641,198.13999938964844,197.6022491455078,3452300.0,0.0319791705349103,0.0314784832654764,4.279998779296818,51.875321916820205,COF
2025-06-09,199.0,200.47000122070312,197.0800018310547,198.9900054931641,198.449951171875,3622300.0,0.0042899411825163,0.0042807656172386,3.389999389648437,52.63367851460973,COF
2025-06-10,199.27999877929688,201.3699951171875,197.66000366210932,201.0,200.45448303222656,4808000.0,0.0101009440844632,0.0100502704971179,3.7099914550781534,56.6784647293638,COF
2025-06-11,202.0,205.1199951171875,199.8500061035156,200.52999877929688,199.9857635498047,4464900.0,-0.0023382838604139,-0.0023410219151854,5.269989013671903,70.9024997465331,COF
2025-06-12,198.5,199.69000244140625,196.6100006103516,197.67999267578125,197.1434936523437,2541800.0,-0.0142123611551635,-0.0143143240014498,3.080001831054659,63.81465497557728,COF
2025-06-13,194.1100006103516,195.83999633789065,191.8699951171875,192.8300018310547,192.30667114257807,3413400.0,-0.0245345277196681,-0.0248405144399706,3.9700012207031534,60.4306902311972,COF
2025-06-16,195.009994506836,199.22000122070312,193.88999938964844,197.6199951171875,197.0836639404297,3080700.0,0.0248404944533093,0.024536985313572,5.330001831054688,57.963969679402304,COF
2025-06-17,195.8999938964844,197.0,193.1699981689453,193.9199981689453,193.39370727539065,4038400.0,-0.0187227931085873,-0.01890028350158,3.830001831054688,53.76657414783993,COF
2025-06-18,193.3300018310547,198.41000366210932,193.3300018310547,197.1699981689453,196.6348876953125,3403800.0,0.0167594926721501,0.0166206020509182,5.080001831054659,57.88826368799565,COF
2025-06-20,198.82000732421875,200.0,197.3300018310547,198.3699951171875,197.8316192626953,5359400.0,0.0060860592004261,0.0060676139435803,2.6699981689453125,61.46195996201927,COF
2025-06-23,198.13999938964844,201.97999572753903,196.22000122070312,201.63999938964844,201.0927581787109,3541800.0,0.0164844170419755,0.0163500239559454,5.759994506835909,62.360372557820114,COF
2025-06-24,203.6300048828125,207.5,201.6199951171875,206.3600006103516,205.7999420166016,3549700.0,0.0234080226484705,0.0231382565690625,5.8800048828125,62.856448316598176,COF
2025-06-25,206.9199981689453,208.3500061035156,205.6499938964844,208.02999877929688,207.4654083251953,3039800.0,0.0080926471226088,0.0080600772535285,2.700012207031193,68.66848754226596,COF
2025-06-26,209.5,211.5800018310547,209.1499938964844,210.509994506836,209.9386749267578,3585200.0,0.0119213444859478,0.0118508450047248,2.430007934570284,71.90534149785306,COF
2025-06-27,210.2700042724609,212.82000732421875,208.75,211.009994506836,210.43731689453125,4410800.0,0.0023751791705239,0.0023723628910419,4.07000732421875,67.57717764304718,COF
2025-06-30,212.6000061035156,215.6199951171875,211.67999267578125,212.759994506836,212.1825714111328,6402200.0,0.008293464972642,0.0082592631629063,3.94000244140625,68.35511451589808,COF
2025-07-01,212.13999938964844,216.8099975585937,211.44000244140625,215.17999267578125,214.5959930419922,4923800.0,0.0113742689364577,0.0113100683043821,5.369995117187472,68.69726893960483,COF
2025-07-02,215.42999267578125,219.259994506836,214.57000732421875,218.8099975585937,218.21615600585932,3573100.0,0.0168696671011874,0.0167289545778434,4.689987182617216,72.24928498561027,COF
2025-07-03,219.3999938964844,221.9499969482422,218.8999938964844,220.91000366210932,220.3104553222656,1856000.0,0.0095973614178686,0.009551599308794,3.050003051757784,78.79992806989057,COF
2025-07-07,220.0,220.97999572753903,216.5800018310547,218.1300048828125,217.5380096435547,2743100.0,-0.0125842673905577,-0.0126641199144062,4.399993896484347,83.06327158951001,COF
2025-07-08,220.8999938964844,220.9199981689453,216.6699981689453,217.5,216.9097137451172,2989300.0,-0.0028882120392063,-0.0028923909719669,4.25,79.14957159112538,COF
2025-07-09,218.8800048828125,220.3699951171875,217.8099975585937,218.02999877929688,217.43826293945312,3461600.0,0.0024367244104015,0.0024337604114646,2.5599975585937784,88.9751108815816,COF
2025-07-10,219.1199951171875,221.9199981689453,218.32000732421875,220.7400054931641,220.1409149169922,2874900.0,0.0124295142032644,0.0123529019735645,3.5999908447265625,88.77921170376293,COF
2025-07-11,218.8600006103516,220.67999267578125,218.0599975585937,219.7899932861328,219.1934814453125,2981000.0,-0.0043037591264528,-0.0043130469557281,2.6199951171875284,85.5341528355573,COF
2025-07-14,220.3000030517578,221.3099975585937,218.8600006103516,220.83999633789065,220.2406463623047,2145700.0,0.0047773542811921,0.0047659789392006,2.4499969482421307,84.38393248575196,COF
2025-07-15,220.08999633789065,220.5200042724609,215.22999572753903,215.33999633789065,214.7555694580078,3134800.0,-0.0249049255661631,-0.0252203004984666,5.290008544921875,65.644585185896,COF
2025-07-16,216.3099975585937,217.5,213.1300048828125,216.6199951171875,216.03208923339844,3272800.0,0.0059440589997841,0.0059264627753217,4.3699951171875,65.17129747228816,COF
2025-07-17,215.83999633789065,218.8600006103516,215.75,218.0,217.40835571289065,3584400.0,0.0063706576387607,0.006350450774654,3.110000610351591,63.76332168801461,COF
2025-07-18,218.6000061035156,218.8099975585937,215.2700042724609,218.27999877929688,217.6875915527344,3107000.0,0.0012843841209695,0.001283560005263,3.5399932861328125,63.4679464722016,COF
2025-07-21,218.27999877929688,219.77999877929688,215.8500061035156,215.8800048828125,215.2941131591797,2999800.0,-0.010995015271575,-0.0110559072018283,3.9299926757812784,55.644007749792415,COF
2025-07-22,215.4900054931641,218.3800048828125,214.009994506836,217.4199981689453,216.82992553710932,4398100.0,0.0071335549095767,0.0071082314662147,4.370010375976534,54.18537037195855,COF
2025-07-23,227.8600006103516,232.4499969482422,219.25,219.4600067138672,218.8643951416016,9069600.0,0.009382789757699,0.0093390448061135,13.199996948242188,51.29122557467345,COF
2025-07-24,220.63999938964844,221.1499938964844,211.3300018310547,211.3300018310547,210.75645446777344,7498600.0,-0.037045498737163,-0.037749115171585,9.819992065429716,34.64744320619867,COF
2025-07-25,211.5,214.1999969482422,208.8099975585937,212.8500061035156,212.2723388671875,4726800.0,0.0071925882566308,0.0071668449606295,5.389999389648466,41.1823745097288,COF
2025-07-28,213.0500030517578,216.08999633789065,212.25,214.17999267578125,213.5987091064453,6192000.0,0.0062484365430566,0.0062289960033983,3.839996337890653,44.582222679411615,COF
2025-07-29,215.0,216.41000366210932,212.75,213.82000732421875,213.2397003173828,3435900.0,-0.0016807629154893,-0.0016821769821744,3.6600036621093466,43.0915864367051,COF
2025-07-30,213.91000366210932,216.8800048828125,213.32000732421875,215.22999572753903,214.64585876464844,3471400.0,0.0065942619745418,0.0065726149410755,3.55999755859375,40.55534341535471,COF
2025-07-31,214.3300018310547,216.2899932861328,213.3800048828125,215.0,214.4164886474609,4299500.0,-0.0010685979152247,-0.0010691692730477,2.9099884033203125,41.58172608160426,COF
2025-08-01,211.57000732421875,211.7100067138672,203.6300048828125,207.47000122070312,206.9069366455078,4794900.0,-0.0350232020369485,-0.0356512214938068,8.080001831054688,30.8616986047914,COF
2025-08-04,209.0500030517578,211.1999969482422,207.72000122070312,210.7899932861328,210.2179107666016,2174800.0,0.0160022383723483,0.0158755522762534,3.4799957275390625,43.053407796590925,COF
2025-08-05,211.9900054931641,212.9900054931641,208.5800018310547,212.0,211.4246368408203,3683600.0,0.0057403580399888,0.0057239449661006,4.410003662109403,42.931457465237166,COF
2025-08-06,212.3099975585937,213.32000732421875,211.44000244140625,212.8800048828125,212.30224609375,3186500.0,0.0041509318215853,0.0041423404706272,1.8800048828125,42.04472190260645,COF
2025-08-07,214.42999267578125,214.66000366210932,206.8699951171875,207.2899932861328,206.7274169921875,3456600.0,-0.0262589266205912,-0.0266098491003963,7.790008544921847,35.34272929699233,COF
2025-08-08,209.16000366210932,210.3999938964844,206.2700042724609,208.22999572753903,207.6648712158203,3109200.0,0.0045347358239775,0.0045244848879892,4.129989624023494,39.38382487207255,COF
2025-08-11,208.9600067138672,210.4499969482422,206.83999633789065,208.25,207.684814453125,4378400.0,9.603568089255889e-05,9.603106976177631e-05,3.610000610351534,36.71397903618974,COF
2025-08-12,210.27999877929688,217.13999938964844,209.5399932861328,216.72999572753903,216.1417999267578,3250600.0,0.0407202880764379,0.0399130581160689,7.600006103515625,46.666656703078566,COF
2025-08-13,217.8800048828125,218.7400054931641,215.1300048828125,216.97000122070312,216.3811492919922,2951900.0,0.001107371944323,0.0011067592602825,3.610000610351591,58.529963864164806,COF
2025-08-14,216.0200042724609,221.2700042724609,215.02999877929688,221.0800018310547,220.47999572753903,3032900.0,0.018942714968279,0.0187655357499351,6.240005493164034,61.542789675422384,COF
2025-08-15,221.08999633789065,221.08999633789065,214.47000122070312,215.42999267578125,215.42999267578125,4464100.0,-0.0229045861285229,-0.0231709716550979,6.619995117187528,52.33125295012326,COF
2025-08-18,214.57000732421875,216.25,213.57000732421875,216.1999969482422,216.1999969482422,2744400.0,0.0035742668088922,0.0035678942974714,2.67999267578125,53.72947888872656,COF
2025-08-19,215.41000366210932,217.1999969482422,213.6000061035156,214.6199951171875,214.6199951171875,2432500.0,-0.0073080566760272,-0.0073348913416549,3.599990844726591,49.96755823153891,COF
2025-08-20,213.1100006103516,214.8999938964844,209.3999938964844,214.7100067138672,214.7100067138672,2967000.0,0.0004193998636079,0.0004193119400677,5.5,50.36946266959638,COF
2025-08-21,213.22999572753903,213.259994506836,210.6199951171875,212.009994506836,212.009994506836,3284800.0,-0.0125751577597842,-0.0126548942271385,2.639999389648466,57.30830115880747,COF
2025-08-22,213.33999633789065,222.6000061035156,212.0399932861328,221.22000122070312,221.22000122070312,4137900.0,0.0434413798995225,0.0425242695312152,10.560012817382784,63.47906130205887,COF
2025-08-25,221.0,221.9499969482422,220.42999267578125,221.1000061035156,221.1000061035156,1959200.0,-0.0005424243582198,-0.0005425715235317,1.5200042724609375,62.17791897660807,COF
2025-08-26,220.5,225.22999572753903,220.22000122070312,224.9199981689453,224.9199981689453,3672300.0,0.0172772137493351,0.0171296598144588,5.009994506835909,64.78616205329061,COF
2025-08-27,224.8300018310547,226.72000122070312,224.4499969482422,224.5500030517578,224.5500030517578,2829100.0,-0.0016450076480508,-0.0016463621587894,2.270004272460937,73.78717136923262,COF
2025-08-28,225.4600067138672,227.69000244140625,225.0500030517578,227.13999938964844,227.13999938964844,2822300.0,0.0115341630046366,0.0114681516520879,2.639999389648437,74.89461467943596,COF
2025-08-29,227.22000122070312,228.16000366210932,225.16000366210932,227.22000122070312,227.22000122070312,2551600.0,0.0003522137504168,0.0003521517377145,3.0,74.93310316407431,COF
2025-09-02,223.3999938964844,223.8500061035156,219.2400054931641,223.2700042724609,223.2700042724609,3470900.0,-0.017384019571435,-0.0175368959679045,4.610000610351506,60.28060541827167,COF
2025-09-03,223.25,223.97000122070312,218.58999633789065,221.3300018310547,221.3300018310547,3019000.0,-0.0086890419863063,-0.0087270118192782,5.380004882812472,56.80369377420317,COF
2025-09-04,222.27999877929688,226.75,221.4600067138672,226.32000732421875,226.32000732421875,2626400.0,0.022545544896227,0.0222951506286204,5.2899932861328125,57.83683262806875,COF
2025-09-05,226.25,227.47999572753903,220.1300048828125,221.52999877929688,221.52999877929688,3841400.0,-0.0211647595877807,-0.0213919443712808,7.349990844726534,58.24324469221399,COF
2025-09-08,222.0599975585937,222.5,218.58999633789065,220.1000061035156,220.1000061035156,3820000.0,-0.0064550746339593,-0.0064759987211918,3.9100036621093466,55.177917147977325,COF
2025-09-09,219.759994506836,222.759994506836,218.16000366210932,222.47999572753903,222.47999572753903,3346700.0,0.0108132192549967,0.0107551744588478,4.599990844726619,60.21840774603598,COF
2025-09-10,221.97999572753903,224.1199951171875,220.77999877929688,223.42999267578125,223.42999267578125,2667800.0,0.0042700331107774,0.0042609423886625,3.339996337890625,61.08848896434634,COF
2025-09-11,221.6300048828125,226.27999877929688,220.63999938964844,224.3500061035156,224.3500061035156,2107300.0,0.0041176809644771,0.0041092265167472,5.6399993896484375,66.43582019664078,COF
2025-09-12,225.2400054931641,225.3300018310547,221.8600006103516,223.759994506836,223.759994506836,2153800.0,-0.0026298710970723,-0.0026333352829738,3.4700012207030966,54.39141329002626,COF
2025-09-15,225.07000732421875,230.5,224.82000732421875,226.52999877929688,226.52999877929688,2744800.0,0.0123793543996368,0.0123033567503925,5.67999267578125,58.599923053574486,COF
2025-09-16,227.7899932861328,227.7899932861328,222.32000732421875,224.41000366210932,224.41000366210932,3254900.0,-0.0093585623476429,-0.0094026288404216,5.469985961914063,49.14631012775588,COF
2025-09-17,224.8600006103516,229.2100067138672,223.5,225.6100006103516,225.6100006103516,2850600.0,0.0053473416009077,0.0053330953336809,5.710006713867188,51.72637970214065,COF
2025-09-18,227.3699951171875,230.1300048828125,225.33999633789065,229.7400054931641,229.7400054931641,2295600.0,0.0183059477489448,0.0181404110396101,4.790008544921847,54.03226493481419,COF
2025-09-19,229.97000122070312,229.97000122070312,226.47999572753903,228.32000732421875,228.32000732421875,4825300.0,-0.0061808920300892,-0.0062000728203396,3.490005493164091,51.63788794474485,COF
2025-09-22,226.0,227.3699951171875,224.47999572753903,225.41000366210932,225.41000366210932,2567100.0,-0.0127452854272956,-0.0128272033669637,2.889999389648466,53.28825725905643,COF
2025-09-23,225.509994506836,228.72000122070312,222.66000366210932,223.0200042724609,223.0200042724609,3131500.0,-0.0106028984997093,-0.0106595097457907,6.059997558593778,52.56138432605588,COF
2025-09-24,224.009994506836,225.63999938964844,223.0800018310547,224.33999633789065,224.33999633789065,2432000.0,0.0059187159902351,0.0059012691986371,2.55999755859375,46.62344731972053,COF
2025-09-25,223.0500030517578,223.69000244140625,219.66000366210932,222.4600067138672,222.4600067138672,3082500.0,-0.0083800911772856,-0.0084154015491597,4.029998779296903,51.76071250083053,COF
